0.653428,0.4244972,0.3572998,0.3181563,0.3901509,0.3834372,0.6061858,0.366551,0.3652268,0.3478374,0.3378103,0.3517344,0.3614883,0.3558003,0.3432733,0.3925909,0.3762428,0.35182,0.3463978,0.3630199,0.3501196,0.3634643,0.3578732,0.3441941,0.3563865,0.3838082,0.3786047,0.3329935,0.3590697,0.3404163,0.3613203,0.3395063,0.3474854,0.5198376,0.3777311,0.445337,0.3720623,0.5459229,0.3793745,0.5102547,0.374378,0.4520515,0.3803104,0.4557325,0.3589691,0.3531001,0.3372179,0.3564861,0.3392336,0.3724747,0.3572189,0.3644394,0.3470556,0.402625,0.3874326,0.4196129,0.3647689,0.4391661,0.4206041,0.340271,0.3385855,0.5732892,0.3901302,0.3398995,0.3130178,0.3435088,0.3160983,0.3517394,0.3304934,0.3406672,0.3526608,0.3592571,0.3422925,0.4046958,0.3898195,0.3862917,0.3386534,0.345057,0.366172,0.3446678,0.316389,0.4823485,0.3860886,0.4544811,0.3699749,0.5749927,0.405945,0.4576697,0.3787985,0.4415497,0.3472615,0.5302812,0.3934216
0.4244972,0.689804,0.3394969,0.3325788,0.3432796,0.3924039,0.3709058,0.4710723,0.3382228,0.4019391,0.4211035,0.3424572,0.3416705,0.360332,0.3694648,0.3301542,0.3450134,0.338711,0.3377754,0.3432189,0.3789737,0.3503076,0.3923572,0.3584099,0.3627845,0.3624983,0.3553167,0.3531493,0.3415994,0.3516125,0.3460599,0.3349078,0.3345996,0.3688948,0.4742636,0.3522415,0.5132916,0.3770128,0.4753867,0.3671193,0.4981192,0.360755,0.4202173,0.3710099,0.4023599,0.338193,0.3368495,0.3335461,0.3341043,0.3728303,0.3626343,0.3422756,0.4042315,0.3556704,0.3926561,0.4052446,0.4717899,0.4643393,0.5367107,0.3475689,0.3297436,0.3757973,0.4634539,0.3305223,0.3254248,0.331261,0.3346356,0.339098,0.337989,0.3459899,0.337198,0.3286537,0.3428588,0.3697799,0.3916099,0.3465819,0.3857221,0.3327605,0.3376651,0.3183056,0.3415267,0.3670692,0.475146,0.353572,0.4349311,0.3939722,0.5785853,0.3534734,0.4630301,0.3485466,0.3993755,0.3844403,0.3991935
0.3572998,0.3394969,0.4913817,0.3247435,0.3381549,0.3338767,0.3709252,0.3376932,0.3393428,0.3244714,0.3234396,0.3350057,0.3306753,0.3560526,0.3332289,0.3804339,0.3571294,0.3488643,0.3358978,0.3371911,0.3361776,0.3190198,0.345201,0.3274505,0.3370728,0.3267821,0.3364263,0.3216935,0.3277458,0.325047,0.3234819,0.3288093,0.3258733,0.3643394,0.3321359,0.4113268,0.3375222,0.3533766,0.333937,0.3612182,0.3462164,0.3424227,0.3265349,0.3634298,0.3227528,0.3910673,0.3147988,0.3616632,0.3252505,0.3217654,0.3479438,0.3163961,0.3420557,0.33269,0.3420853,0.3291756,0.3473962,0.3379606,0.3525943,0.3347775,0.3337797,0.3624299,0.3341885,0.4301634,0.3255024,0.4017068,0.3308757,0.3673281,0.3324745,0.3521698,0.3313585,0.3745393,0.3435955,0.3395193,0.3502384,0.3812215,0.3351123,0.3283572,0.3233952,0.4010792,0.324216,0.3559627,0.3396482,0.3939796,0.3297654,0.35466,0.3401196,0.3378448,0.3342625,0.3760409,0.3313362,0.3621748,0.3384183
0.3181563,0.3325788,0.3247435,0.4601655,0.3483663,0.3494964,0.3257215,0.3473789,0.3375397,0.3624406,0.3587009,0.3279884,0.3298949,0.3275762,0.3402753,0.3439553,0.3654948,0.3492092,0.3659202,0.3302752,0.3408208,0.3291845,0.3435574,0.3298261,0.3315436,0.3204783,0.3237344,0.3260641,0.3281519,0.325685,0.3261641,0.32912,0.3269818,0.3276879,0.3453223,0.3163041,0.3448869,0.3261835,0.3436387,0.3231348,0.3426032,0.3393107,0.3502892,0.3317365,0.3425645,0.3277569,0.3836853,0.3384371,0.3730756,0.331861,0.336024,0.3284449,0.341874,0.3216473,0.3299714,0.3189405,0.3461316,0.3250487,0.3383199,0.3226218,0.3419997,0.3358586,0.3418885,0.3256229,0.4329998,0.3282409,0.4030007,0.3219889,0.3566478,0.3268962,0.3408591,0.3370214,0.3736392,0.3197699,0.3236901,0.316258,0.3420303,0.3242676,0.3261168,0.3314834,0.3838361,0.325746,0.3389022,0.3222716,0.3677724,0.3305575,0.3353001,0.322044,0.3252325,0.3244028,0.355022,0.336383,0.3567844
0.3901509,0.3432796,0.3381549,0.3483663,0.4703617,0.4453173,0.4079381,0.3682139,0.4323624,0.4847106,0.4539964,0.339627,0.3403929,0.3479917,0.349387,0.3754533,0.3740377,0.4188083,0.4127125,0.3287921,0.3455422,0.3450149,0.3425246,0.3360462,0.3382983,0.3590301,0.3443917,0.3374806,0.3340008,0.3348399,0.3315115,0.3346964,0.3327048,0.4157231,0.363535,0.3520326,0.3356106,0.4012352,0.3659807,0.3691616,0.3489375,0.4478848,0.4214509,0.4332998,0.3573669,0.3784047,0.3633008,0.4055055,0.3896865,0.3615584,0.3349969,0.3398655,0.3402853,0.3765383,0.3501406,0.355915,0.3516387,0.3551198,0.3600515,0.3346285,0.3303892,0.4143178,0.3746985,0.3387691,0.3492628,0.3419919,0.3341829,0.3359861,0.335082,0.3389472,0.3325862,0.3690057,0.3632846,0.3647973,0.3556621,0.3440384,0.338119,0.3365184,0.3329517,0.3263263,0.3449784,0.3925918,0.3537763,0.375416,0.3604265,0.3701172,0.3549225,0.3640936,0.3397692,0.3536885,0.3404743,0.4299993,0.3901755
0.3834372,0.3924039,0.3338767,0.3494964,0.4453173,0.4838033,0.3880751,0.3904251,0.4001561,0.5352705,0.5111938,0.3277953,0.3415078,0.3394241,0.3447117,0.3724544,0.3898567,0.3935593,0.4314919,0.3315159,0.3600719,0.344364,0.3528524,0.3374343,0.343228,0.3487712,0.3421156,0.329789,0.337887,0.3305068,0.3369853,0.3263109,0.3337388,0.3944472,0.3849425,0.3462697,0.373311,0.3871194,0.3714297,0.3622288,0.3713278,0.4132908,0.453475,0.4019143,0.3925259,0.3557944,0.3767208,0.3768785,0.4130351,0.3463865,0.3448896,0.3453074,0.3490132,0.3616469,0.3522243,0.3588874,0.3674728,0.3783651,0.3854527,0.331334,0.3354241,0.3976454,0.3727298,0.3292429,0.3497803,0.3319353,0.3370626,0.3317076,0.3389323,0.3339985,0.335446,0.3616555,0.3783373,0.3609802,0.3584474,0.3347209,0.3454603,0.3334889,0.3326686,0.3206377,0.3528567,0.3796043,0.3703312,0.3620252,0.3747631,0.3663926,0.3769883,0.352695,0.3516086,0.3438493,0.3509857,0.406708,0.3697826
0.6061858,0.3709058,0.3709252,0.3257215,0.4079381,0.3880751,0.4710076,0.3607316,0.434823,0.3468609,0.3331517,0.3590872,0.3573808,0.3434581,0.3434987,0.406101,0.3923867,0.3478132,0.3532726,0.3560703,0.3691988,0.3462592,0.3605052,0.3324416,0.3570899,0.3698351,0.3794757,0.3242418,0.3471706,0.3298028,0.3528361,0.3436328,0.3368621,0.5075066,0.3755845,0.5390084,0.3772645,0.4899091,0.3760807,0.5157682,0.3916594,0.4939878,0.401256,0.4616141,0.338668,0.3519951,0.3281196,0.3602039,0.3380756,0.3356922,0.3646679,0.3499185,0.3470394,0.4654756,0.3685441,0.4436963,0.3499153,0.4891818,0.5071728,0.3453757,0.3639963,0.5470179,0.4178633,0.3312642,0.3258898,0.3378979,0.325493,0.3449062,0.3509909,0.3400346,0.3722165,0.3672412,0.3473977,0.4431189,0.4444666,0.3853953,0.3503737,0.3381189,0.3538787,0.3520463,0.3242564,0.4715023,0.3633153,0.4548775,0.3591478,0.5486088,0.3966008,0.4627678,0.3702699,0.4627564,0.3488936,0.4807708,0.4239283
0.366551,0.4710723,0.3376932,0.3473789,0.3682139,0.3904251,0.3607316,0.3923804,0.4868808,0.3482513,0.3672767,0.337293,0.352166,0.3436085,0.3484865,0.3675834,0.4438087,0.3535136,0.3475749,0.3504673,0.3922244,0.3531026,0.4721209,0.3683338,0.3707912,0.3387531,0.3833766,0.3463626,0.3502345,0.3394476,0.3538141,0.3374275,0.3495481,0.3484769,0.5447567,0.3422596,0.5341756,0.3504467,0.4955489,0.359619,0.4809672,0.3727119,0.4499747,0.3572827,0.380244,0.3347257,0.3428709,0.3522818,0.3485027,0.344974,0.4286906,0.3429007,0.4579483,0.3553355,0.4333037,0.3806269,0.5045162,0.5005424,0.4981248,0.3282884,0.3224261,0.3694949,0.4727516,0.3295519,0.333022,0.3407953,0.3239591,0.3370814,0.3324931,0.3410197,0.3372057,0.3430528,0.3661451,0.3805052,0.4307124,0.35629,0.3998327,0.3228012,0.3291386,0.3210575,0.3495414,0.3526872,0.5152109,0.3392879,0.4836604,0.3554595,0.4943513,0.3422574,0.4550737,0.3367723,0.4613551,0.344652,0.4490277
0.3652268,0.3382228,0.3393428,0.3375397,0.4323624,0.4001561,0.434823,0.4868808,0,0.3286866,0.3476794,0.3184851,0.334754,0.321124,0.3289916,0.3785147,0.3746193,0.3520689,0.3502879,0.3362984,0.3186225,0.3375332,0.3494847,0.3488777,0.3334809,0.3478636,0.3725804,0.3428909,0.3397341,0.328541,0.3475628,0.3204618,0.3335105,0.415413,0.4285869,0.3392114,0.3351811,0.4203488,0.4398837,0.3402847,0.3657027,0.4741578,0.4451627,0.4125032,0.414616,0.3951719,0.3344804,0.3806699,0.3482084,0.3090518,0.3548822,0.3215225,0.3357654,0.3320939,0.3754032,0.3090836,0.3563741,0.3124103,0.3420422,0.3325662,0.3126785,0.4243211,0.4443748,0.3276865,0.3257852,0.3331146,0.3265392,0.3347648,0.3178408,0.3424492,0.3192517,0.3379196,0.3482488,0.3433632,0.346922,0.329831,0.3214972,0.3316635,0.3217748,0.3503967,0.31196,0.3912602,0.3844866,0.3611198,0.3757039,0.3754335,0.3723845,0.3642653,0.3329392,0.3511915,0.3455518,0.4307616,0.4726896
0.3478374,0.4019391,0.3244714,0.3624406,0.4847106,0.5352705,0.3468609,0.3482513,0.3286866,0.4171305,0.8181743,0.339297,0.3415367,0.3573097,0.3833007,0.3734519,0.3835921,0.3910956,0.429242,0.329888,0.3768587,0.3622618,0.377285,0.3473195,0.3532533,0.3644773,0.3462283,0.3340864,0.3383479,0.3324265,0.3418401,0.3307838,0.333113,0.405489,0.3897092,0.333151,0.3800784,0.386646,0.3936529,0.3559953,0.3871859,0.4343172,0.5096723,0.4433169,0.3919632,0.3724148,0.430538,0.3780343,0.4372521,0.3623548,0.3491701,0.3582893,0.3734665,0.3714838,0.3654466,0.3550467,0.3942509,0.3522751,0.3927629,0.3372987,0.3386326,0.4123923,0.4014215,0.3207946,0.3742594,0.3282415,0.3412318,0.3339304,0.3490958,0.3335867,0.3365613,0.3433645,0.351758,0.3710071,0.366791,0.3398132,0.3619383,0.3343621,0.3353907,0.3069132,0.3908316,0.3832992,0.3794234,0.3687261,0.432863,0.3447973,0.3872559,0.3669882,0.3350034,0.3428809,0.3722776,0.4689133,0.4171848
0.3378103,0.4211035,0.3234396,0.3587009,0.4539964,0.5111938,0.3331517,0.3672767,0.3476794,0.8181743,0.3111667,0.334641,0.3363567,0.3561354,0.3731797,0.3590872,0.3750442,0.3749183,0.4078605,0.3273925,0.3635241,0.3608239,0.3698544,0.3455685,0.3438708,0.3517604,0.3312202,0.3334956,0.3344526,0.3313018,0.3406377,0.3262354,0.3314247,0.3881895,0.4015239,0.3336878,0.3972624,0.3664688,0.386392,0.3492061,0.3816272,0.4151169,0.4943223,0.4303531,0.4183393,0.3650284,0.4184574,0.3616057,0.4085542,0.354591,0.3452492,0.3585646,0.3678497,0.358775,0.3491342,0.3513199,0.3865717,0.3559149,0.3937882,0.3385625,0.338371,0.3857179,0.3839358,0.3179682,0.3584446,0.326614,0.3370783,0.3320675,0.3405431,0.3322289,0.3287949,0.3381119,0.3500152,0.3600578,0.3581021,0.3367133,0.3616609,0.3352315,0.3359235,0.3078299,0.3741546,0.3725833,0.389215,0.3645128,0.4337433,0.3334422,0.3916216,0.3568025,0.3449624,0.3489225,0.3759852,0.4330069,0.3909242
0.3517344,0.3424572,0.3350057,0.3279884,0.339627,0.3277953,0.3590872,0.337293,0.3184851,0.339297,0.334641,0.453643,0.4167754,0.3824792,0.3761633,0.3442423,0.3404687,0.3346854,0.3186935,0.3653287,0.3426777,0.3795681,0.3642093,0.3781723,0.353512,0.4427312,0.4266364,0.3914562,0.3515928,0.4052911,0.3632042,0.4484384,0.4069897,0.3544436,0.3332853,0.3596234,0.3357002,0.3522764,0.3393063,0.371549,0.3540491,0.3422191,0.3284817,0.3431666,0.3177369,0.3349809,0.3271377,0.3350207,0.3241284,0.4279886,0.3653832,0.3686724,0.3715524,0.4314947,0.4015792,0.3884694,0.3674722,0.3625111,0.3645776,0.3426345,0.3236971,0.366456,0.3377387,0.3385474,0.3317238,0.3369413,0.335647,0.3498773,0.3350883,0.3653249,0.3415916,0.3423477,0.3281769,0.4200692,0.4048926,0.3634769,0.3326299,0.3723207,0.3600177,0.3342892,0.3276584,0.3573885,0.3352427,0.347112,0.33187,0.3503788,0.3532551,0.3556131,0.340158,0.349992,0.3329105,0.3626415,0.3512449
0.3614883,0.3416705,0.3306753,0.3298949,0.3403929,0.3415078,0.3573808,0.352166,0.334754,0.3415367,0.3363567,0.4167754,0.4603543,0.3556422,0.3666214,0.3497573,0.3521059,0.3244519,0.3252969,0.3530621,0.3634174,0.3725155,0.3961485,0.3625909,0.3899762,0.4091513,0.4367695,0.3571972,0.3892019,0.3726784,0.3977704,0.4054708,0.445873,0.3538321,0.3386988,0.355866,0.3334507,0.3559166,0.3511112,0.3581956,0.3654608,0.3446826,0.3375946,0.3431882,0.3209966,0.3324065,0.3331332,0.3284523,0.3356341,0.3804606,0.4022005,0.3744378,0.392764,0.3900548,0.4257715,0.3635981,0.3825984,0.3533187,0.3607293,0.3489519,0.3377792,0.3682291,0.3438395,0.3362868,0.3327796,0.3314996,0.3346233,0.3575343,0.3365477,0.3631825,0.3416527,0.3397851,0.3358943,0.3959474,0.4068803,0.3516709,0.3417069,0.3645111,0.3584964,0.3388302,0.3303612,0.3512879,0.340384,0.3455128,0.3339133,0.3575937,0.3518547,0.3552729,0.3506449,0.3542424,0.3284741,0.3653123,0.3435965
0.3558003,0.360332,0.3560526,0.3275762,0.3479917,0.3394241,0.3434581,0.3436085,0.321124,0.3573097,0.3561354,0.3824792,0.3556422,0.4450796,0.4331374,0.389731,0.3680711,0.3383326,0.329111,0.3550209,0.3523175,0.3578662,0.3516335,0.3592061,0.348772,0.3635326,0.336895,0.3662949,0.3460573,0.3746578,0.351096,0.3691579,0.3543456,0.3492735,0.3365707,0.3704385,0.3341971,0.3507707,0.3390132,0.3663039,0.3602514,0.3496892,0.3385946,0.3520128,0.3241329,0.3450591,0.3291614,0.3344814,0.3317937,0.3881141,0.342455,0.3497514,0.3572039,0.3577029,0.3442583,0.3600805,0.3546399,0.3553709,0.3657876,0.3867177,0.3691081,0.3578313,0.3390653,0.3596941,0.3319992,0.3585561,0.3308962,0.3655554,0.3387119,0.3785885,0.3428023,0.3753236,0.3511883,0.3487094,0.3416525,0.3860483,0.3352225,0.4105479,0.3929749,0.3523452,0.331359,0.3507771,0.3385966,0.3544014,0.3356776,0.3517153,0.3551595,0.3444541,0.3334586,0.3623327,0.3340994,0.3618404,0.3623567
0.3432733,0.3694648,0.3332289,0.3402753,0.349387,0.3447117,0.3434987,0.3484865,0.3289916,0.3833007,0.3731797,0.3761633,0.3666214,0.4331374,0.4423845,0.3874898,0.3823467,0.3333663,0.3397523,0.341804,0.365444,0.3500197,0.3595916,0.3475844,0.3577195,0.3538675,0.3397474,0.3470207,0.3522665,0.3570772,0.3618405,0.3659442,0.3675858,0.3475193,0.3415865,0.3494859,0.3378055,0.3443213,0.3503745,0.349175,0.3729252,0.3552407,0.3473782,0.3514754,0.3232916,0.3344506,0.336773,0.3252364,0.3423362,0.3679047,0.3452416,0.3470822,0.3669465,0.3476559,0.3499708,0.3520543,0.3672141,0.3554944,0.3653138,0.3694068,0.3714233,0.3586558,0.3496446,0.3352328,0.356199,0.3363093,0.3461864,0.3449754,0.3504037,0.3540843,0.3512157,0.3611071,0.3584597,0.3422818,0.3410813,0.357752,0.3489144,0.3970733,0.3987412,0.336796,0.3433261,0.348335,0.3384956,0.3442616,0.3434815,0.3473179,0.358968,0.3412225,0.3291403,0.3480181,0.3367456,0.3627514,0.3784355
0.3925909,0.3301542,0.3804339,0.3439553,0.3754533,0.3724544,0.406101,0.3675834,0.3785147,0.3734519,0.3590872,0.3442423,0.3497573,0.389731,0.3874898,0.4953058,0.5619841,0.3539328,0.3667884,0.3243592,0.353037,0.3201708,0.3272507,0.3140814,0.3382485,0.3362935,0.3431841,0.3150837,0.3275749,0.3176942,0.3261474,0.322879,0.3232889,0.3988822,0.35171,0.3788658,0.3516764,0.3824004,0.3541885,0.3654696,0.3438813,0.3922195,0.372905,0.3851873,0.3326315,0.3594222,0.3501149,0.3501816,0.3612123,0.3380615,0.3215407,0.3103278,0.3189769,0.3548508,0.3406817,0.3460493,0.3268595,0.3598168,0.3506299,0.3410716,0.359511,0.401452,0.3560301,0.3672168,0.3433608,0.3670336,0.3321288,0.3374267,0.3470716,0.329617,0.3469481,0.4162296,0.4089803,0.3578684,0.3492282,0.3508295,0.3386679,0.3337986,0.3395597,0.3619783,0.3438815,0.3806003,0.3391582,0.3795046,0.3468928,0.3934946,0.3422384,0.3531671,0.3223578,0.3659724,0.343303,0.3979749,0.3801439
0.3762428,0.3450134,0.3571294,0.3654948,0.3740377,0.3898567,0.3923867,0.4438087,0.3746193,0.3835921,0.3750442,0.3404687,0.3521059,0.3680711,0.3823467,0.5619841,0.5536679,0.3438458,0.3673671,0.3248214,0.3564032,0.3285388,0.3492859,0.3186096,0.3371228,0.3428945,0.3690359,0.3163583,0.3276516,0.3181511,0.3257381,0.3257565,0.3291316,0.3871413,0.3818019,0.3511552,0.3890452,0.3781623,0.3784349,0.3584743,0.3597103,0.3866384,0.3975478,0.3770983,0.3418488,0.3479867,0.3631829,0.3398025,0.3649392,0.3423139,0.3432716,0.3158615,0.3318519,0.3694039,0.3709197,0.3524514,0.3575045,0.3836735,0.3576361,0.3327253,0.3378033,0.4104443,0.3689514,0.3534909,0.355863,0.3455563,0.340787,0.3352892,0.340418,0.330443,0.3398977,0.3960782,0.4321788,0.3759547,0.3757894,0.3415932,0.356491,0.3277254,0.3325588,0.3555465,0.3598145,0.3688818,0.3610314,0.3615574,0.3769459,0.3819823,0.3611469,0.3543024,0.3482841,0.350545,0.366652,0.4008178,0.4042053
0.35182,0.338711,0.3488643,0.3492092,0.4188083,0.3935593,0.3478132,0.3535136,0.3520689,0.3910956,0.3749183,0.3346854,0.3244519,0.3383326,0.3333663,0.3539328,0.3438458,0.4759519,0.4373586,0.3251935,0.3384845,0.3388339,0.3256085,0.3316171,0.3225012,0.3514129,0.3227676,0.330093,0.3195579,0.328999,0.3200398,0.325828,0.3178217,0.3654566,0.3478773,0.3339188,0.3331535,0.3735179,0.337879,0.3545375,0.3402238,0.3617225,0.3696243,0.3556461,0.3396779,0.3729318,0.3497818,0.445374,0.378664,0.355455,0.323038,0.3425862,0.3226333,0.3567939,0.3247251,0.347938,0.3338957,0.344448,0.3469854,0.3248025,0.3270359,0.3860758,0.3515382,0.3424456,0.3406405,0.3587692,0.3493468,0.3314432,0.3282235,0.3317177,0.3288125,0.3780543,0.373219,0.346693,0.3352357,0.3359686,0.3291774,0.3271697,0.3265617,0.3293867,0.330833,0.3603095,0.3417045,0.3531683,0.3452596,0.3449464,0.3460517,0.335367,0.3326728,0.3385563,0.3369537,0.3903491,0.3514195
0.3463978,0.3377754,0.3358978,0.3659202,0.4127125,0.4314919,0.3532726,0.3475749,0.3502879,0.429242,0.4078605,0.3186935,0.3252969,0.329111,0.3397523,0.3667884,0.3673671,0.4373586,0.4733679,0.3165601,0.3507622,0.3273292,0.3298724,0.3214062,0.3339386,0.3313599,0.3210381,0.3190372,0.3278141,0.3206831,0.3250977,0.3173983,0.3167461,0.3580125,0.3507182,0.3264311,0.3347375,0.3584802,0.345185,0.342238,0.342122,0.3670686,0.3844508,0.3576846,0.3527892,0.3447132,0.3892518,0.3856179,0.4502437,0.332994,0.3297743,0.3296159,0.3251365,0.3342544,0.3256559,0.3324658,0.3346117,0.3302296,0.3428898,0.3229235,0.3336629,0.3705676,0.3528663,0.3249955,0.3555619,0.3361288,0.3613572,0.3175547,0.3391563,0.3169853,0.33782,0.3721218,0.3984125,0.3336229,0.3290701,0.3204201,0.3389069,0.3277329,0.3323542,0.3171728,0.3486676,0.3554263,0.3436716,0.345572,0.3549164,0.3454612,0.3399133,0.3342348,0.3279601,0.329954,0.3401452,0.3738132,0.3532128
0.3630199,0.3432189,0.3371911,0.3302752,0.3287921,0.3315159,0.3560703,0.3504673,0.3362984,0.329888,0.3273925,0.3653287,0.3530621,0.3550209,0.341804,0.3243592,0.3248214,0.3251935,0.3165601,0.5115263,0.3530989,0.4408865,0.3581516,0.4731558,0.3477404,0.3752824,0.3562012,0.4102129,0.3512679,0.4012052,0.358118,0.3691327,0.3513913,0.3450668,0.3382468,0.4256937,0.3482888,0.3544782,0.3421847,0.4295697,0.3548908,0.3294475,0.3314205,0.3283905,0.3244629,0.3296174,0.3260522,0.3309408,0.3251318,0.411513,0.3818326,0.4546398,0.3575951,0.3815384,0.3615873,0.4162948,0.365064,0.3969821,0.3634206,0.3364524,0.3322335,0.3492314,0.3341681,0.3429606,0.3238994,0.3320392,0.3278013,0.3841206,0.3324386,0.4053286,0.3373392,0.3363474,0.328941,0.3606743,0.3537803,0.42838,0.3409202,0.3555058,0.3494507,0.3786283,0.3288179,0.3590145,0.3407588,0.3603908,0.3329694,0.3970834,0.3475204,0.397545,0.3424258,0.3867268,0.3386095,0.3373731,0.3449633
0.3501196,0.3789737,0.3361776,0.3408208,0.3455422,0.3600719,0.3691988,0.3922244,0.3186225,0.3768587,0.3635241,0.3426777,0.3634174,0.3523175,0.365444,0.353037,0.3564032,0.3384845,0.3507622,0.3530989,0.516933,0.351538,0.4645106,0.3518533,0.4655799,0.3540557,0.3573556,0.3408886,0.3936982,0.3458015,0.3760609,0.3480988,0.3547242,0.3378404,0.3634648,0.3539452,0.4228794,0.3336891,0.3587006,0.3593556,0.4544767,0.3366185,0.3565162,0.33767,0.3390839,0.3352898,0.3463725,0.3341024,0.3509941,0.3655299,0.4231494,0.3591999,0.4873773,0.3448167,0.3934705,0.3530662,0.4813255,0.3682383,0.4484784,0.3456753,0.3303308,0.3439973,0.3566104,0.3273753,0.3372972,0.3408538,0.3348646,0.338408,0.3785209,0.3385713,0.3921297,0.3450771,0.342183,0.3576062,0.4002437,0.3499653,0.4139197,0.3392248,0.369013,0.3342501,0.3770134,0.346942,0.3628886,0.3464147,0.3682039,0.3595713,0.3908256,0.3477429,0.3738535,0.3467039,0.3880937,0.3314349,0.3391247
0.3634643,0.3503076,0.3190198,0.3291845,0.3450149,0.344364,0.3462592,0.3531026,0.3375332,0.3622618,0.3608239,0.3795681,0.3725155,0.3578662,0.3500197,0.3201708,0.3285388,0.3388339,0.3273292,0.4408865,0.351538,0.531774,0.3625908,0.4711244,0.3617915,0.4784956,0.3810794,0.4040966,0.3630807,0.3986168,0.3761213,0.3963794,0.3821344,0.3579514,0.3376592,0.3506756,0.323682,0.3781701,0.3363566,0.4168545,0.3519358,0.3490898,0.3402639,0.3413984,0.3311099,0.3318615,0.3396064,0.3342319,0.333287,0.526632,0.3811317,0.5876412,0.3562032,0.492934,0.3854186,0.5296301,0.3603956,0.4500266,0.3815627,0.360171,0.3275515,0.3842731,0.3362281,0.3273541,0.3237442,0.3221047,0.325238,0.3697741,0.3282818,0.383477,0.3360029,0.3322044,0.323584,0.4321398,0.3892649,0.381732,0.3338512,0.3528977,0.344305,0.3477904,0.3304185,0.3859502,0.3424552,0.3663739,0.3385971,0.3805814,0.3676642,0.4295037,0.3491914,0.3770616,0.332146,0.3671161,0.3531302
0.3578732,0.3923572,0.345201,0.3435574,0.3425246,0.3528524,0.3605052,0.4721209,0.3494847,0.377285,0.3698544,0.3642093,0.3961485,0.3516335,0.3595916,0.3272507,0.3492859,0.3256085,0.3298724,0.3581516,0.4645106,0.3625908,0.5370505,0.3734108,0.4716952,0.3768823,0.4159563,0.3573328,0.4119606,0.3726392,0.390805,0.3797657,0.3933611,0.3443941,0.397501,0.3578809,0.4359046,0.3449065,0.4011834,0.362469,0.488986,0.346106,0.3671717,0.3439049,0.3412745,0.3348253,0.3410257,0.3332035,0.3342619,0.3918421,0.5035092,0.350779,0.6047572,0.3569723,0.467972,0.3509018,0.5828922,0.4155301,0.4941835,0.3509454,0.3287342,0.3697221,0.3941388,0.3316017,0.3396881,0.3356149,0.3353337,0.3543485,0.361881,0.3584115,0.3566214,0.3290857,0.3294889,0.3846973,0.4584028,0.3598359,0.4162302,0.348893,0.3631009,0.3325466,0.3667467,0.3506887,0.408593,0.3481178,0.401417,0.3576496,0.4214534,0.3520789,0.4437033,0.3502423,0.4063642,0.3555405,0.3687373
0.3441941,0.3584099,0.3274505,0.3298261,0.3360462,0.3374343,0.3324416,0.3683338,0.3488777,0.3473195,0.3455685,0.3781723,0.3625909,0.3592061,0.3475844,0.3140814,0.3186096,0.3316171,0.3214062,0.4731558,0.3518533,0.4711244,0.3734108,0.4824732,0.356736,0.4065562,0.3610707,0.4307308,0.35946,0.4189719,0.3715873,0.3996866,0.3743838,0.3400846,0.343622,0.3611439,0.3429829,0.3475251,0.3452351,0.4000642,0.3625416,0.337207,0.3373477,0.3373808,0.3281686,0.3351817,0.3311682,0.3296924,0.3268107,0.443395,0.3801174,0.4775242,0.3798186,0.3978197,0.3643706,0.4280248,0.3776006,0.3987534,0.3722449,0.3375613,0.3290821,0.3533171,0.3369197,0.3250235,0.3265875,0.3228508,0.323385,0.3549329,0.3286341,0.3879622,0.3364425,0.3302872,0.3212686,0.3745025,0.3559084,0.3882018,0.3343371,0.3591017,0.3494339,0.3431201,0.3258331,0.3519016,0.3508931,0.3459135,0.3412107,0.3680142,0.3563676,0.3706822,0.3398573,0.3477792,0.3353681,0.3401373,0.3403128
0.3563865,0.3627845,0.3370728,0.3315436,0.3382983,0.343228,0.3570899,0.3707912,0.3334809,0.3532533,0.3438708,0.353512,0.3899762,0.348772,0.3577195,0.3382485,0.3371228,0.3225012,0.3339386,0.3477404,0.4655799,0.3617915,0.4716952,0.356736,0.5089206,0.3603863,0.3839643,0.3432194,0.4265509,0.351896,0.3942777,0.3570773,0.3780856,0.3384374,0.3514876,0.3614998,0.3707761,0.3333374,0.3592608,0.3601168,0.4301382,0.3416219,0.3447175,0.3423212,0.3329929,0.3324498,0.3315853,0.3275801,0.3356627,0.3647191,0.4188654,0.3624485,0.4832962,0.3466098,0.4119694,0.3575997,0.4354555,0.3590284,0.4007549,0.3390421,0.3309782,0.3439119,0.3520278,0.32664,0.3280034,0.3336456,0.328526,0.342362,0.3494956,0.3411677,0.3551238,0.3348127,0.3270739,0.3632196,0.3904072,0.3539815,0.385574,0.3411378,0.3586417,0.3348133,0.3460609,0.3443544,0.3545236,0.3445853,0.3516542,0.3675635,0.3742821,0.3548953,0.3772623,0.3514572,0.3578007,0.3362964,0.3441909
0.3838082,0.3624983,0.3267821,0.3204783,0.3590301,0.3487712,0.3698351,0.3387531,0.3478636,0.3644773,0.3517604,0.4427312,0.4091513,0.3635326,0.3538675,0.3362935,0.3428945,0.3514129,0.3313599,0.3752824,0.3540557,0.4784956,0.3768823,0.4065562,0.3603863,0.590057,0.5199339,0.3981676,0.3759474,0.4119943,0.3794429,0.4385573,0.4177103,0.3826073,0.3422449,0.343593,0.3380871,0.4092473,0.3528745,0.4108632,0.3693177,0.3552919,0.3413657,0.3465126,0.3188066,0.3443898,0.3418242,0.3491736,0.3408247,0.5647905,0.3773467,0.4677079,0.3968286,0.5776234,0.4569147,0.4834109,0.3952256,0.4161036,0.4047549,0.3740125,0.3211435,0.4323535,0.359257,0.3329039,0.3238968,0.3306469,0.3254261,0.364865,0.3298084,0.3745304,0.3393602,0.3380793,0.3233831,0.5390224,0.4794729,0.373504,0.3324028,0.3490647,0.3469653,0.3365951,0.3334704,0.4074803,0.3380706,0.3735003,0.3334562,0.3686249,0.3847365,0.4288026,0.3461041,0.3746605,0.3378653,0.4129186,0.3893527
0.3786047,0.3553167,0.3364263,0.3237344,0.3443917,0.3421156,0.3794757,0.3833766,0.3725804,0.3462283,0.3312202,0.4266364,0.4367695,0.336895,0.3397474,0.3431841,0.3690359,0.3227676,0.3210381,0.3562012,0.3573556,0.3810794,0.4159563,0.3610707,0.3839643,0.5199339,0.5719396,0.3572948,0.3842749,0.3820716,0.379765,0.415198,0.4292186,0.3623068,0.3662627,0.3448516,0.3521185,0.3733874,0.3937933,0.3708599,0.3816403,0.3506524,0.3482711,0.3450215,0.3230772,0.3371849,0.3378202,0.3327724,0.3375333,0.3934609,0.4745683,0.3653549,0.4244655,0.4525152,0.5517876,0.3831587,0.4304302,0.3715647,0.3837225,0.3579176,0.3358659,0.3930288,0.3854249,0.3430251,0.3320865,0.3296453,0.3318861,0.3557841,0.3380975,0.3608253,0.3456986,0.3294885,0.3303774,0.4832008,0.5203976,0.3467044,0.3461562,0.3390045,0.3413664,0.3287404,0.3339666,0.363506,0.3610756,0.3483694,0.3506306,0.3661393,0.3703521,0.3947037,0.3678241,0.3507833,0.3414731,0.3971926,0.3912761
0.3329935,0.3531493,0.3216935,0.3260641,0.3374806,0.329789,0.3242418,0.3463626,0.3428909,0.3340864,0.3334956,0.3914562,0.3571972,0.3662949,0.3470207,0.3150837,0.3163583,0.330093,0.3190372,0.4102129,0.3408886,0.4040966,0.3573328,0.4307308,0.3432194,0.3981676,0.3572948,0.4441168,0.3497655,0.4293872,0.3553708,0.4054939,0.3656802,0.3404653,0.3339492,0.3568581,0.339693,0.3412682,0.3353637,0.3746398,0.3511173,0.3395773,0.3276661,0.339957,0.3243946,0.3328279,0.326301,0.3307824,0.3228142,0.4460981,0.360867,0.3854329,0.3660916,0.3950657,0.3576391,0.3792144,0.3663943,0.3547661,0.3634312,0.3387628,0.3231122,0.3470693,0.3302554,0.3276322,0.3226654,0.3267898,0.3218031,0.3609624,0.3268996,0.3942626,0.3304144,0.3320399,0.3187351,0.378495,0.3621452,0.3801368,0.3294802,0.3678415,0.3454113,0.3318627,0.325796,0.3450638,0.337393,0.3397726,0.3321457,0.3431018,0.3540714,0.3543203,0.3384832,0.3455575,0.3310856,0.342604,0.3370639
0.3590697,0.3415994,0.3277458,0.3281519,0.3340008,0.337887,0.3471706,0.3502345,0.3397341,0.3383479,0.3344526,0.3515928,0.3892019,0.3460573,0.3522665,0.3275749,0.3276516,0.3195579,0.3278141,0.3512679,0.3936982,0.3630807,0.4119606,0.35946,0.4265509,0.3759474,0.3842749,0.3497655,0.4331685,0.3659654,0.4044195,0.3684614,0.3943367,0.3428331,0.3388402,0.3432973,0.3328144,0.3429121,0.3472015,0.3572566,0.3708619,0.337335,0.3331717,0.3385884,0.3296661,0.3283912,0.3289821,0.3217361,0.3328391,0.3745745,0.4085233,0.3663318,0.420242,0.3536881,0.3850302,0.3558513,0.3950495,0.3475458,0.3643875,0.3458309,0.3403927,0.3524412,0.3405259,0.3259616,0.3307292,0.3277495,0.330841,0.3416935,0.3386231,0.3456339,0.3555691,0.334304,0.3306578,0.3613233,0.3706389,0.3445131,0.3408572,0.348174,0.362877,0.3301759,0.3330135,0.3459375,0.3433674,0.341269,0.3364049,0.362626,0.3454382,0.3525195,0.3390716,0.3450098,0.3339907,0.3442594,0.3389901
0.3404163,0.3516125,0.325047,0.325685,0.3348399,0.3305068,0.3298028,0.3394476,0.328541,0.3324265,0.3313018,0.4052911,0.3726784,0.3746578,0.3570772,0.3176942,0.3181511,0.328999,0.3206831,0.4012052,0.3458015,0.3986168,0.3726392,0.4189719,0.351896,0.4119943,0.3820716,0.4293872,0.3659654,0.4470744,0.3617888,0.4351546,0.3861433,0.3399157,0.334011,0.3445092,0.3337021,0.3418838,0.3385338,0.3728137,0.3505017,0.335265,0.3267267,0.3377076,0.3231897,0.3306134,0.3284359,0.3271707,0.325177,0.4510509,0.3752463,0.3856457,0.3939681,0.3883675,0.3688423,0.3754658,0.3801989,0.3536511,0.3649098,0.3522487,0.3262742,0.3467671,0.3350228,0.3262579,0.3220983,0.3289416,0.3245871,0.3517384,0.3294983,0.3844818,0.3342627,0.3342786,0.3239409,0.3761188,0.3677294,0.3724342,0.3310129,0.3862816,0.3553142,0.3318551,0.3289852,0.3448287,0.3408169,0.3378533,0.3337195,0.3430794,0.3489304,0.3484691,0.3375694,0.3400769,0.3314814,0.341873,0.3351399
0.3613203,0.3460599,0.3234819,0.3261641,0.3315115,0.3369853,0.3528361,0.3538141,0.3475628,0.3418401,0.3406377,0.3632042,0.3977704,0.351096,0.3618405,0.3261474,0.3257381,0.3200398,0.3250977,0.358118,0.3760609,0.3761213,0.390805,0.3715873,0.3942777,0.3794429,0.379765,0.3553708,0.4044195,0.3617888,0.4235892,0.3753058,0.4095815,0.3433125,0.3369133,0.3377321,0.3272067,0.3420831,0.3414558,0.3536211,0.3638119,0.3380582,0.3351418,0.3338034,0.3263078,0.3255324,0.3282703,0.3216586,0.3316595,0.3718323,0.4101684,0.3886863,0.3795097,0.3641953,0.3804556,0.3734815,0.3726295,0.3599144,0.3557221,0.3471074,0.3427565,0.3535577,0.3354917,0.3217006,0.3302548,0.323247,0.3306613,0.3409776,0.3366002,0.3492993,0.3554104,0.3302602,0.3244156,0.363962,0.3600343,0.339968,0.3370099,0.3583803,0.3765059,0.3334067,0.3299471,0.3480558,0.3384437,0.3396812,0.3330082,0.3666387,0.3479405,0.3526845,0.3335529,0.3456741,0.3278309,0.3438442,0.3338728
0.3395063,0.3349078,0.3288093,0.32912,0.3346964,0.3263109,0.3436328,0.3374275,0.3204618,0.3307838,0.3262354,0.4484384,0.4054708,0.3691579,0.3659442,0.322879,0.3257565,0.325828,0.3173983,0.3691327,0.3480988,0.3963794,0.3797657,0.3996866,0.3570773,0.4385573,0.415198,0.4054939,0.3684614,0.4351546,0.3753058,0.4733763,0.428921,0.3443752,0.3296336,0.3323441,0.3266857,0.3413651,0.3330027,0.3633007,0.3501479,0.3393937,0.32435,0.3377509,0.3185059,0.3280321,0.3275672,0.3230431,0.3246439,0.4381497,0.3821074,0.391694,0.3970006,0.4200589,0.3961604,0.3882772,0.3837345,0.357921,0.3617323,0.3432475,0.321694,0.3500407,0.3311518,0.3319596,0.3313835,0.3285786,0.3350867,0.3483908,0.3373156,0.3720195,0.3470472,0.3333455,0.3272882,0.4049615,0.3973986,0.3562854,0.3301871,0.3766725,0.3628024,0.3324704,0.3304773,0.3484317,0.3365422,0.3388291,0.3298742,0.3383805,0.3438524,0.347013,0.334399,0.3383578,0.3290188,0.3459685,0.3315981
0.3474854,0.3345996,0.3258733,0.3269818,0.3327048,0.3337388,0.3368621,0.3495481,0.3335105,0.333113,0.3314247,0.4069897,0.445873,0.3543456,0.3675858,0.3232889,0.3291316,0.3178217,0.3167461,0.3513913,0.3547242,0.3821344,0.3933611,0.3743838,0.3780856,0.4177103,0.4292186,0.3656802,0.3943367,0.3861433,0.4095815,0.428921,0.4611704,0.3463377,0.336536,0.3326615,0.3194613,0.3497284,0.3441754,0.349139,0.3547241,0.3402166,0.3326156,0.335613,0.3254924,0.3267609,0.3321275,0.3190035,0.3286006,0.3910021,0.3996605,0.3915539,0.4010165,0.391075,0.4104265,0.3685477,0.3819426,0.3575186,0.3532701,0.3431858,0.3312973,0.3673413,0.3384654,0.3325566,0.332771,0.3260352,0.3377086,0.351934,0.3312753,0.3629043,0.3395059,0.3289736,0.3295164,0.3889973,0.3943922,0.3439552,0.3246065,0.3722331,0.3669593,0.3291376,0.3265963,0.3466468,0.3361661,0.3365447,0.3291657,0.3468423,0.3434291,0.3507266,0.3336201,0.3433219,0.3222546,0.3556857,0.3353655
0.5198376,0.3688948,0.3643394,0.3276879,0.4157231,0.3944472,0.5075066,0.3484769,0.415413,0.405489,0.3881895,0.3544436,0.3538321,0.3492735,0.3475193,0.3988822,0.3871413,0.3654566,0.3580125,0.3450668,0.3378404,0.3579514,0.3443941,0.3400846,0.3384374,0.3826073,0.3623068,0.3404653,0.3428331,0.3399157,0.3433125,0.3443752,0.3463377,0.5015329,0.3636892,0.4184985,0.3411306,0.4910503,0.3668867,0.4345274,0.3573194,0.4671771,0.3924093,0.4698931,0.3545386,0.3795264,0.3476004,0.3722137,0.3566154,0.3814874,0.3399996,0.3569712,0.3404286,0.4048364,0.3673553,0.3883397,0.3539592,0.3847996,0.3834453,0.3361947,0.3350441,0.5173231,0.3818081,0.3482077,0.3271731,0.3467651,0.3224714,0.3573501,0.3319423,0.3501783,0.3362189,0.3669436,0.3477811,0.39162,0.3752828,0.3707602,0.3306001,0.3427171,0.3465093,0.3586386,0.330262,0.4735453,0.358117,0.4401753,0.3558795,0.4683192,0.3799615,0.4146777,0.3545677,0.4161625,0.3354746,0.4988334,0.3980819
0.3777311,0.4742636,0.3321359,0.3453223,0.363535,0.3849425,0.3755845,0.5447567,0.4285869,0.3897092,0.4015239,0.3332853,0.3386988,0.3365707,0.3415865,0.35171,0.3818019,0.3478773,0.3507182,0.3382468,0.3634648,0.3376592,0.397501,0.343622,0.3514876,0.3422449,0.3662627,0.3339492,0.3388402,0.334011,0.3369133,0.3296336,0.336536,0.3636892,0.4683534,0.3376671,0.4343622,0.3717475,0.4611138,0.3533764,0.4177873,0.372433,0.4320264,0.3618746,0.4114133,0.3417362,0.3567737,0.3486536,0.3531812,0.3374504,0.3770187,0.3347428,0.3941632,0.3502692,0.386391,0.3645062,0.4194375,0.4192153,0.4304804,0.3321142,0.3225332,0.3801881,0.4591658,0.3252527,0.3320178,0.3288687,0.3290993,0.3328726,0.3305134,0.3375809,0.331452,0.3370636,0.3521965,0.3630594,0.383879,0.3385679,0.3659343,0.3251046,0.3270615,0.3231306,0.3429696,0.3600551,0.4493295,0.3477118,0.4234186,0.3710508,0.4495917,0.3472066,0.4119149,0.337376,0.3998953,0.3743749,0.4227277
0.445337,0.3522415,0.4113268,0.3163041,0.3520326,0.3462697,0.5390084,0.3422596,0.3392114,0.333151,0.3336878,0.3596234,0.355866,0.3704385,0.3494859,0.3788658,0.3511552,0.3339188,0.3264311,0.4256937,0.3539452,0.3506756,0.3578809,0.3611439,0.3614998,0.343593,0.3448516,0.3568581,0.3432973,0.3445092,0.3377321,0.3323441,0.3326615,0.4184985,0.3376671,0.565133,0.3524905,0.4118574,0.3381617,0.4785772,0.3716187,0.3915569,0.3407763,0.4085595,0.3262559,0.3686234,0.3126265,0.3444678,0.323127,0.3422884,0.3654383,0.3644581,0.3518126,0.3539748,0.3528928,0.3688951,0.3570392,0.3770517,0.4008898,0.3406813,0.3487729,0.4317184,0.3421933,0.3648999,0.3174724,0.3509118,0.3198471,0.4019703,0.3253486,0.3768228,0.3212882,0.3550116,0.3321217,0.3523384,0.3682106,0.5508265,0.3549476,0.3481522,0.3474394,0.3704439,0.3251749,0.4185424,0.3494848,0.4627223,0.3377673,0.4304898,0.3703315,0.4097897,0.3481452,0.5512972,0.3424506,0.4128487,0.3654379
0.3720623,0.5132916,0.3375222,0.3448869,0.3356106,0.373311,0.3772645,0.5341756,0.3351811,0.3800784,0.3972624,0.3357002,0.3334507,0.3341971,0.3378055,0.3516764,0.3890452,0.3331535,0.3347375,0.3482888,0.4228794,0.323682,0.4359046,0.3429829,0.3707761,0.3380871,0.3521185,0.339693,0.3328144,0.3337021,0.3272067,0.3266857,0.3194613,0.3411306,0.4343622,0.3524905,0.5122465,0.336212,0.4210741,0.3558016,0.4837277,0.3448308,0.3884416,0.3516088,0.3649344,0.3216666,0.3383357,0.3359544,0.3277837,0.3446593,0.3803368,0.3162226,0.4248075,0.3478299,0.3903812,0.3481647,0.4701743,0.4263945,0.4992819,0.3284732,0.3195167,0.349427,0.4002578,0.327984,0.3320189,0.3292461,0.3304649,0.329946,0.3566271,0.3312263,0.3392963,0.3325477,0.3510567,0.3769194,0.4202296,0.3421992,0.4795577,0.3126294,0.3337277,0.3258291,0.3700545,0.3435148,0.4461332,0.3396558,0.4624431,0.350495,0.4649549,0.3379645,0.4219685,0.3389408,0.5020624,0.3467883,0.3862795
0.5459229,0.3770128,0.3533766,0.3261835,0.4012352,0.3871194,0.4899091,0.3504467,0.4203488,0.386646,0.3664688,0.3522764,0.3559166,0.3507707,0.3443213,0.3824004,0.3781623,0.3735179,0.3584802,0.3544782,0.3336891,0.3781701,0.3449065,0.3475251,0.3333374,0.4092473,0.3733874,0.3412682,0.3429121,0.3418838,0.3420831,0.3413651,0.3497284,0.4910503,0.3717475,0.4118574,0.336212,0.5412664,0.3811577,0.4540784,0.3635865,0.4405353,0.395822,0.4204257,0.351267,0.366109,0.3465559,0.378812,0.3495196,0.3959762,0.3403601,0.3782351,0.3383164,0.4073909,0.380527,0.3829268,0.360355,0.3896621,0.3949187,0.3366147,0.327567,0.5916861,0.4011683,0.3432766,0.3239274,0.3479844,0.3265516,0.3604628,0.3265352,0.3488889,0.3350485,0.3648882,0.352832,0.4007194,0.3887237,0.3864236,0.3234622,0.3415957,0.3425442,0.3553464,0.3210425,0.4722991,0.362566,0.4253314,0.3585551,0.4614333,0.3984397,0.4294725,0.3665116,0.4151043,0.3337735,0.571196,0.431988
0.3793745,0.4753867,0.333937,0.3436387,0.3659807,0.3714297,0.3760807,0.4955489,0.4398837,0.3936529,0.386392,0.3393063,0.3511112,0.3390132,0.3503745,0.3541885,0.3784349,0.337879,0.345185,0.3421847,0.3587006,0.3363566,0.4011834,0.3452351,0.3592608,0.3528745,0.3937933,0.3353637,0.3472015,0.3385338,0.3414558,0.3330027,0.3441754,0.3668867,0.4611138,0.3381617,0.4210741,0.3811577,0.5047473,0.3539994,0.4175746,0.384136,0.4090276,0.3688534,0.3712134,0.3422593,0.3408805,0.3421158,0.3420317,0.3374747,0.3833393,0.3250274,0.3908725,0.3478107,0.4025158,0.3506775,0.412066,0.3836653,0.4056283,0.3419153,0.327288,0.398032,0.4913974,0.3307319,0.3365202,0.3316406,0.3291615,0.3414828,0.3360029,0.3486895,0.3351782,0.3373844,0.3471859,0.3667176,0.3885675,0.333138,0.3768217,0.3348304,0.3308622,0.3277377,0.3409629,0.3611473,0.4460796,0.3511931,0.4102215,0.3815152,0.4323878,0.356868,0.4020866,0.3411061,0.3940221,0.406981,0.4948962
0.5102547,0.3671193,0.3612182,0.3231348,0.3691616,0.3622288,0.5157682,0.359619,0.3402847,0.3559953,0.3492061,0.371549,0.3581956,0.3663039,0.349175,0.3654696,0.3584743,0.3545375,0.342238,0.4295697,0.3593556,0.4168545,0.362469,0.4000642,0.3601168,0.4108632,0.3708599,0.3746398,0.3572566,0.3728137,0.3536211,0.3633007,0.349139,0.4345274,0.3533764,0.4785772,0.3558016,0.4540784,0.3539994,0.493896,0.3696268,0.3927601,0.3567182,0.3959883,0.3360641,0.3517073,0.3369682,0.3573094,0.3385742,0.4225622,0.3661159,0.4140254,0.3608683,0.4276198,0.374029,0.4395597,0.3695239,0.4349796,0.4080405,0.3459166,0.339072,0.4704971,0.3624429,0.3492706,0.320719,0.3429823,0.3244646,0.3753169,0.3327853,0.3701267,0.340198,0.3564229,0.3376046,0.4027804,0.3871215,0.4327028,0.3429162,0.3476081,0.3509042,0.3559166,0.3278484,0.430176,0.3604272,0.4262872,0.3528296,0.4605363,0.3795576,0.4345714,0.3603422,0.4421369,0.3467152,0.4463853,0.3892867
0.374378,0.4981192,0.3462164,0.3426032,0.3489375,0.3713278,0.3916594,0.4809672,0.3657027,0.3871859,0.3816272,0.3540491,0.3654608,0.3602514,0.3729252,0.3438813,0.3597103,0.3402238,0.342122,0.3548908,0.4544767,0.3519358,0.488986,0.3625416,0.4301382,0.3693177,0.3816403,0.3511173,0.3708619,0.3505017,0.3638119,0.3501479,0.3547241,0.3573194,0.4177873,0.3716187,0.4837277,0.3635865,0.4175746,0.3696268,0.5032566,0.3561635,0.3857378,0.3541169,0.3490299,0.3402781,0.338771,0.3450477,0.3372445,0.3796003,0.4259635,0.3431481,0.5005388,0.3556833,0.4302662,0.3598255,0.527647,0.4200673,0.5204453,0.3432894,0.3268872,0.3884683,0.4117348,0.3323903,0.3362979,0.3411708,0.3364659,0.346863,0.3569263,0.3504407,0.3534166,0.3398626,0.3420404,0.3791,0.431121,0.3592516,0.4150801,0.3340245,0.3558981,0.3277357,0.3627125,0.3579402,0.4160779,0.3515782,0.4110161,0.3691118,0.4770494,0.3511442,0.4369117,0.3551804,0.4136038,0.3814263,0.403921
0.4520515,0.360755,0.3424227,0.3393107,0.4478848,0.4132908,0.4939878,0.3727119,0.4741578,0.4343172,0.4151169,0.3422191,0.3446826,0.3496892,0.3552407,0.3922195,0.3866384,0.3617225,0.3670686,0.3294475,0.3366185,0.3490898,0.346106,0.337207,0.3416219,0.3552919,0.3506524,0.3395773,0.337335,0.335265,0.3380582,0.3393937,0.3402166,0.4671771,0.372433,0.3915569,0.3448308,0.4405353,0.384136,0.3927601,0.3561635,0.4942158,0.4141939,0.4790377,0.361512,0.3772102,0.3540878,0.3642029,0.3632859,0.3603406,0.3379515,0.3416826,0.3421747,0.3809911,0.3600412,0.363447,0.3543976,0.3707576,0.3764596,0.3352669,0.3397253,0.4632859,0.3949209,0.3366146,0.3407276,0.3378921,0.3240528,0.3438547,0.3352463,0.344061,0.3319537,0.3657044,0.3524935,0.369543,0.362125,0.3579129,0.3374117,0.3389912,0.3380595,0.3447192,0.3367576,0.4310445,0.3624541,0.4039852,0.3663787,0.4153005,0.3739114,0.398113,0.3486946,0.3849563,0.3410485,0.4607013,0.4140173
0.3803104,0.4202173,0.3265349,0.3502892,0.4214509,0.453475,0.401256,0.4499747,0.4451627,0.5096723,0.4943223,0.3284817,0.3375946,0.3385946,0.3473782,0.372905,0.3975478,0.3696243,0.3844508,0.3314205,0.3565162,0.3402639,0.3671717,0.3373477,0.3447175,0.3413657,0.3482711,0.3276661,0.3331717,0.3267267,0.3351418,0.32435,0.3326156,0.3924093,0.4320264,0.3407763,0.3884416,0.395822,0.4090276,0.3567182,0.3857378,0.4141939,0.4681896,0.395156,0.4138794,0.3570349,0.3742276,0.3656466,0.3856716,0.3360572,0.35462,0.3402741,0.3637345,0.3553111,0.361975,0.3603585,0.3835332,0.398427,0.4024559,0.3291867,0.3279747,0.4061278,0.4217724,0.3236265,0.345579,0.3257187,0.335859,0.3283771,0.3341244,0.3310848,0.3310701,0.346292,0.3633007,0.3612542,0.3646372,0.3373429,0.3467154,0.3268849,0.3280445,0.3185748,0.3505741,0.3730125,0.3962197,0.3550235,0.3946797,0.3710418,0.408242,0.3560241,0.3734657,0.3392873,0.3657411,0.409566,0.4058491
