0.6177669,0.3656577,0.1727015,0.1325409,0.2328688,0.2391808,0.549777,0.239884,0.1836326,0.1924927,0.1769141,0.1624438,0.1452858,0.1756789,0.1615722,0.24481,0.2083692,0.1577458,0.1719166,0.2042051,0.1390902,0.1772328,0.1611147,0.1583991,0.1500049,0.1912445,0.1661379,0.1436862,0.1536382,0.1516878,0.1677383,0.1496215,0.1409305,0.4293396,0.2480581,0.30732,0.2289408,0.4506794,0.2459657,0.4227663,0.2237957,0.3523162,0.2363793,0.3527013,0.2314958,0.1822494,0.1423201,0.1673823,0.1564535,0.218215,0.1599564,0.1652701,0.154767,0.2470072,0.1935612,0.3194859,0.2168485,0.3569626,0.2736552,0.1213864,0.1200958,0.4906463,0.2653047,0.1354215,0.1315128,0.1394869,0.1294725,0.1403679,0.1445249,0.127097,0.1618276,0.165969,0.1747863,0.2110975,0.1737516,0.2266102,0.1396185,0.1397781,0.1688305,0.1509532,0.1274747,0.3709818,0.2580824,0.3264838,0.212081,0.5150622,0.2975172,0.3280065,0.2088373,0.2947564,0.1707632,0.4378794,0.2598744
0.3656577,0.6593805,0.1251823,0.1485133,0.1905798,0.2522611,0.2290337,0.3837831,0.1770625,0.2806821,0.2893745,0.1682935,0.1522808,0.185528,0.2089021,0.1334134,0.1856697,0.1281847,0.1475696,0.1438484,0.2224725,0.1823069,0.2239362,0.1577331,0.1737334,0.2206165,0.1750891,0.1639714,0.1673117,0.166467,0.1742344,0.1478679,0.1422394,0.2360793,0.3858843,0.1652966,0.4130222,0.2385852,0.3859376,0.2210471,0.3976877,0.2350121,0.3035179,0.2593661,0.2813203,0.1645257,0.148313,0.1357281,0.1551729,0.24648,0.1769406,0.1724659,0.2281814,0.2303845,0.2233595,0.3100456,0.3434879,0.3637873,0.4104546,0.1729814,0.1240778,0.2149872,0.3778876,0.1127268,0.1410247,0.1137258,0.1270487,0.1203102,0.1606515,0.1397943,0.1560281,0.1232286,0.1526178,0.2206467,0.2244892,0.141268,0.228788,0.1772341,0.1632468,0.1286169,0.1684845,0.2360451,0.3733155,0.2116507,0.314572,0.2689975,0.4908218,0.21476,0.3404157,0.1668757,0.264796,0.2520413,0.2648097
0.1727015,0.1251823,0.406077,0.118675,0.1421452,0.1287794,0.1786785,0.1208765,0.1385777,0.1175418,0.1189575,0.1344691,0.1269559,0.1676435,0.1335114,0.2356987,0.1877217,0.1752509,0.1447542,0.1554136,0.1238712,0.1161045,0.125636,0.1252822,0.1188749,0.1210084,0.1245332,0.1246893,0.1188939,0.1206924,0.1144015,0.1182415,0.1157119,0.1820291,0.1328025,0.2673765,0.1095573,0.1608176,0.1289458,0.1758528,0.1217858,0.1575722,0.1291848,0.1889565,0.130428,0.2430678,0.1195931,0.197593,0.1272405,0.127787,0.1344517,0.1112643,0.1282369,0.1432732,0.1301764,0.1369954,0.1274172,0.1360541,0.1432449,0.1278548,0.1226205,0.1684704,0.1310721,0.3128066,0.118273,0.2706222,0.1185421,0.2074875,0.1165076,0.1667454,0.1181747,0.224382,0.1729758,0.1382218,0.1415914,0.2246009,0.1081125,0.1143684,0.1136649,0.2809112,0.1119281,0.1809208,0.1309585,0.2494755,0.1197471,0.1765326,0.1279607,0.1700073,0.1170831,0.2280849,0.1089104,0.1583302,0.1221772
0.1325409,0.1485133,0.118675,0.3613298,0.1457141,0.1752136,0.149573,0.1600295,0.1464025,0.203072,0.1872319,0.1170076,0.1199103,0.1276995,0.150433,0.1648194,0.1969565,0.1508624,0.1930358,0.1173278,0.1442242,0.1131181,0.1466334,0.1106197,0.1221515,0.1154238,0.1286164,0.1145817,0.1171027,0.1122707,0.1157253,0.1116065,0.1135103,0.1330477,0.1750997,0.1122247,0.1721471,0.132531,0.1548025,0.1170105,0.1548373,0.1514176,0.1757185,0.128012,0.1834392,0.1217405,0.2524654,0.1315868,0.219785,0.1257676,0.1381813,0.1141518,0.139118,0.1269651,0.1427161,0.1237719,0.1562981,0.1352737,0.1511438,0.1176778,0.1388548,0.1472598,0.1672342,0.1122661,0.3074948,0.1180102,0.2432214,0.1102189,0.1779892,0.1126734,0.1532869,0.1446585,0.2102399,0.1303099,0.1396318,0.1154756,0.1749796,0.1199238,0.1223664,0.1238059,0.2302369,0.131823,0.1608406,0.1193947,0.2015952,0.1403087,0.1549067,0.1355371,0.1404474,0.1154687,0.193728,0.1407049,0.1645526
0.2328688,0.1905798,0.1421452,0.1457141,0.316795,0.277609,0.2719741,0.2086519,0.2670803,0.3036356,0.2735552,0.1299394,0.1285416,0.1546853,0.1595338,0.1936095,0.1949497,0.2448536,0.2343694,0.1209376,0.1345284,0.139575,0.1513201,0.1206314,0.1245881,0.1552186,0.1488543,0.1228842,0.1213187,0.1192044,0.1231589,0.1166785,0.1200293,0.2469311,0.1962853,0.1731349,0.1507843,0.2320184,0.1942099,0.1879098,0.1664602,0.2971583,0.257131,0.264772,0.1835454,0.2019441,0.1745145,0.228354,0.1967463,0.1537813,0.1405682,0.135594,0.1362865,0.1858142,0.1675276,0.1757414,0.1694093,0.202771,0.1903132,0.1332237,0.1309855,0.2640459,0.2093669,0.1391047,0.1431573,0.1502649,0.1312288,0.1302566,0.1265182,0.1269963,0.124053,0.181122,0.1818566,0.1749154,0.1701418,0.1382077,0.1371854,0.131271,0.132713,0.133768,0.1386987,0.2182061,0.1818315,0.1909992,0.1816709,0.1924569,0.20262,0.1818912,0.1567706,0.1658199,0.1470964,0.2634198,0.2280144
0.2391808,0.2522611,0.1287794,0.1752136,0.277609,0.3615218,0.256123,0.2541112,0.2273202,0.4314637,0.4011422,0.1251335,0.1322662,0.1493903,0.1552477,0.180463,0.2154939,0.2013165,0.2678541,0.1137545,0.1622682,0.133171,0.179458,0.1198261,0.1413037,0.1357898,0.1443814,0.1161288,0.1298348,0.1127464,0.1251109,0.1106708,0.11584,0.221369,0.2425757,0.1545808,0.2120854,0.2291567,0.2140966,0.1773431,0.205967,0.2574594,0.3237964,0.2246295,0.2598618,0.1581079,0.215198,0.1749994,0.2379548,0.1327701,0.1491141,0.1290051,0.157983,0.1699103,0.1817804,0.1693131,0.2002863,0.2257713,0.2354527,0.1221425,0.1383218,0.2601573,0.2210533,0.1232581,0.160008,0.1331958,0.1510475,0.1200505,0.1472088,0.117284,0.1411954,0.1722142,0.2141459,0.1796546,0.1866338,0.131604,0.1619824,0.1291805,0.134937,0.1231045,0.161383,0.2060751,0.2130416,0.1719696,0.2174249,0.1874273,0.2322062,0.1783931,0.1842245,0.1470217,0.1792342,0.2678674,0.2233818
0.549777,0.2290337,0.1786785,0.149573,0.2719741,0.256123,0.4707046,0.2077682,0.3425628,0.2974174,0.2517181,0.1820627,0.1514899,0.1555586,0.1700695,0.2739971,0.1994576,0.1446063,0.1869114,0.1764531,0.1520246,0.1860132,0.145735,0.129548,0.1478785,0.2091904,0.1677757,0.1206862,0.146619,0.1278456,0.1517829,0.1540062,0.1304434,0.4255013,0.2380331,0.4290798,0.1401161,0.3752682,0.2439408,0.4169947,0.2110745,0.4314936,0.2768131,0.3558902,0.1705475,0.1795513,0.1496413,0.1685367,0.1519729,0.2161396,0.1249111,0.1910593,0.1388752,0.3974032,0.1852871,0.3883359,0.1690068,0.431859,0.3789421,0.1455343,0.155176,0.4669615,0.3145401,0.1227124,0.1331028,0.134223,0.1390794,0.1237891,0.155729,0.1179175,0.1823489,0.1750314,0.1700152,0.2995633,0.2783827,0.2041227,0.1405636,0.1242222,0.1549027,0.1521744,0.1382587,0.3679466,0.1992988,0.3105237,0.1960085,0.4681263,0.3045501,0.3522094,0.1818517,0.3191452,0.1579098,0.406531,0.3162344
0.239884,0.3837831,0.1208765,0.1600295,0.2086519,0.2541112,0.2077682,0.3745593,0.4292484,0.1937007,0.2075225,0.1326717,0.1564949,0.1523987,0.160526,0.1512163,0.2913815,0.1336357,0.1562634,0.1495874,0.2268258,0.1835959,0.372563,0.1724908,0.1804092,0.1438994,0.2034827,0.1564931,0.1534875,0.1447678,0.1458071,0.1251613,0.1521183,0.1908765,0.4546139,0.1114434,0.452226,0.1798714,0.3961026,0.1846929,0.3759294,0.2167264,0.333371,0.2078784,0.2331759,0.1480649,0.1583192,0.1362688,0.1606154,0.188018,0.2923874,0.1998913,0.3552317,0.2193113,0.2936952,0.2818691,0.4294403,0.4191788,0.4204346,0.1195255,0.1045687,0.2194051,0.366059,0.1277362,0.1238442,0.1370096,0.1167765,0.1364337,0.1323669,0.1413804,0.1163942,0.133692,0.170579,0.2331579,0.2933023,0.150607,0.248293,0.1271325,0.1203505,0.1177996,0.1710702,0.1902601,0.4125051,0.1493666,0.3630275,0.1852266,0.4059223,0.1497256,0.358952,0.1221914,0.3462427,0.2469054,0.3490649
0.1836326,0.1770625,0.1385777,0.1464025,0.2670803,0.2273202,0.3425628,0.4292484,0,0.1774059,0.1853379,0.1088541,0.118611,0.1167336,0.1496071,0.1741674,0.1939901,0.1448527,0.1305072,0.1245464,0.13692,0.1173949,0.1728876,0.1361737,0.1225298,0.1136132,0.1464046,0.13046,0.1154813,0.1060576,0.1210846,0.1059736,0.1273853,0.2700493,0.3420533,0.1314975,0.153979,0.2812371,0.332187,0.1284694,0.2125946,0.3401126,0.3456677,0.2601971,0.2918675,0.2700857,0.1540874,0.2027275,0.1368647,0.1088243,0.1602327,0.125824,0.1603874,0.1491746,0.1583508,0.1411391,0.1934644,0.1717353,0.185003,0.116221,0.1066269,0.2695856,0.3505042,0.118025,0.1224422,0.1102843,0.104606,0.1146886,0.112837,0.10962,0.1055772,0.117598,0.1222629,0.1295614,0.1281507,0.1256714,0.1539914,0.1035334,0.1020289,0.1638337,0.1639422,0.2632019,0.2519403,0.2099418,0.2180216,0.1903153,0.2618127,0.1640716,0.1757463,0.1374473,0.1918733,0.2666923,0.3713026
0.1924927,0.2806821,0.1175418,0.203072,0.3036356,0.4314637,0.2974174,0.1937007,0.1774059,0.4151539,0.8114969,0.1347556,0.1357641,0.1834913,0.2177213,0.1816785,0.2407412,0.1770036,0.2529603,0.1010819,0.1995736,0.1191261,0.2269126,0.1028969,0.1588149,0.1302435,0.1449959,0.1031857,0.1364531,0.1150607,0.1197576,0.1101211,0.1065322,0.236025,0.2711098,0.1399635,0.2669455,0.2267182,0.2419464,0.1689027,0.2394044,0.2898983,0.421689,0.2774228,0.2732497,0.1721414,0.2951993,0.1492544,0.2552833,0.10968,0.1525674,0.1096593,0.1917093,0.1724161,0.2100212,0.1427803,0.2420387,0.2474744,0.2745755,0.1362096,0.1414601,0.2930321,0.2754961,0.1171531,0.1618243,0.1117048,0.1232541,0.1181918,0.1465059,0.116625,0.1434901,0.1470122,0.1886225,0.2020271,0.2101128,0.1203943,0.205253,0.1584885,0.1557406,0.1271803,0.1975409,0.2135492,0.2400166,0.1787006,0.3207772,0.1444007,0.2866654,0.2115892,0.2064455,0.1424907,0.2339879,0.3396601,0.2977189
0.1769141,0.2893745,0.1189575,0.1872319,0.2735552,0.4011422,0.2517181,0.2075225,0.1853379,0.8114969,0.2999456,0.1323763,0.1327503,0.1707874,0.1955743,0.1598032,0.223037,0.1599644,0.2180035,0.1006174,0.1814213,0.1220447,0.2058771,0.1066728,0.1504015,0.1310572,0.1394555,0.1073522,0.1323618,0.1176985,0.1193624,0.1120307,0.1092198,0.2133597,0.2683249,0.1352129,0.2690842,0.1966787,0.222679,0.1596059,0.2238786,0.2604924,0.3923016,0.2652473,0.3048467,0.1678128,0.2904075,0.1359146,0.2219884,0.1109777,0.1431268,0.1178194,0.1754984,0.1646585,0.1940017,0.1452358,0.2254124,0.233741,0.2567867,0.1329684,0.1306095,0.2523031,0.2397799,0.1124125,0.1461431,0.1127067,0.119873,0.1147412,0.1361798,0.1147933,0.1345575,0.1374988,0.1787138,0.1886934,0.1937747,0.1196216,0.1908168,0.1560463,0.1501852,0.1220959,0.1791819,0.1947045,0.2445799,0.1679031,0.3096363,0.1292774,0.2614785,0.1887885,0.1989809,0.1376342,0.2264778,0.3004503,0.2641986
0.1624438,0.1682935,0.1344691,0.1170076,0.1299394,0.1251335,0.1820627,0.1326717,0.1088541,0.1347556,0.1323763,0.3278972,0.276477,0.2264826,0.2200186,0.1760367,0.1559916,0.1241213,0.1133268,0.2134842,0.1589566,0.2094077,0.1631442,0.2178223,0.1811708,0.3033844,0.2731624,0.2334003,0.178497,0.2559163,0.1995477,0.3144794,0.260658,0.1555749,0.1442178,0.1946249,0.1454002,0.155695,0.1560901,0.1942991,0.1714905,0.1422251,0.1280081,0.1340282,0.1160315,0.1243301,0.1130576,0.1329899,0.11133,0.2644155,0.186129,0.2035681,0.1677136,0.2782537,0.2375376,0.2269068,0.1709931,0.2041369,0.1981157,0.1474934,0.1402026,0.1621757,0.1554926,0.1390145,0.1279235,0.1338775,0.1307346,0.1606221,0.1444353,0.192851,0.1620206,0.1466549,0.1358621,0.2709875,0.2477917,0.1863444,0.1450671,0.2195185,0.201642,0.1346343,0.1201337,0.1720246,0.1379568,0.1560494,0.1273025,0.1738538,0.1736616,0.182876,0.1578316,0.1576042,0.1280467,0.1554877,0.1705899
0.1452858,0.1522808,0.1269559,0.1199103,0.1285416,0.1322662,0.1514899,0.1564949,0.118611,0.1357641,0.1327503,0.276477,0.3381405,0.1672602,0.1821146,0.1645502,0.1658619,0.1242109,0.1155947,0.1703641,0.1951704,0.1914616,0.2190953,0.1772464,0.2393092,0.2540942,0.2953562,0.1804001,0.2255012,0.1948497,0.244119,0.2541365,0.31237,0.1442779,0.1481104,0.1705696,0.1502694,0.1534059,0.1650637,0.1626894,0.1881466,0.1392697,0.1334841,0.129362,0.1215956,0.1235657,0.1127405,0.1290831,0.1116283,0.1886289,0.2592597,0.1890519,0.208415,0.2212008,0.2832118,0.1761746,0.2095071,0.1793547,0.196537,0.1416822,0.1334107,0.1571855,0.1564745,0.1384398,0.1266627,0.1307424,0.1248792,0.1729833,0.1337472,0.190733,0.1482938,0.1442487,0.1396438,0.2388089,0.2590467,0.1571422,0.1674593,0.1833527,0.1787593,0.1415204,0.1247805,0.1549403,0.143786,0.1451661,0.1344453,0.1436358,0.1719198,0.1765091,0.181926,0.1560906,0.1384627,0.1563257,0.1472494
0.1756789,0.185528,0.1676435,0.1276995,0.1546853,0.1493903,0.1555586,0.1523987,0.1167336,0.1834913,0.1707874,0.2264826,0.1672602,0.3295718,0.3040273,0.2433018,0.2097625,0.141794,0.1378521,0.1707401,0.1590943,0.176321,0.1527293,0.1797051,0.1438477,0.1932896,0.141627,0.1953825,0.1516755,0.2154205,0.1635076,0.2009982,0.1729306,0.1522144,0.1494675,0.1702077,0.1347312,0.1589825,0.1460439,0.1884229,0.173036,0.157805,0.1516043,0.146185,0.1267677,0.1307716,0.1256509,0.1351992,0.1292854,0.227303,0.143346,0.1682352,0.1618029,0.183011,0.1473188,0.1857034,0.1737196,0.1724229,0.1790836,0.2301379,0.2131689,0.1631851,0.155373,0.1794443,0.1398703,0.1868392,0.1336217,0.1806161,0.1569042,0.207373,0.1567908,0.2124148,0.1858303,0.1635938,0.1424585,0.2095191,0.135468,0.2761154,0.2445235,0.1611369,0.1319578,0.1594439,0.1532591,0.1532747,0.1441278,0.1622538,0.1740015,0.1566317,0.1464788,0.1576602,0.1310473,0.1785995,0.1847941
0.1615722,0.2089021,0.1335114,0.150433,0.1595338,0.1552477,0.1700695,0.160526,0.1496071,0.2177213,0.1955743,0.2200186,0.1821146,0.3040273,0.3261534,0.2373558,0.2309261,0.1304318,0.142767,0.1405239,0.1945567,0.1679941,0.1804234,0.1611386,0.1703976,0.1890423,0.1528932,0.172224,0.1780105,0.1900253,0.189777,0.1967126,0.1945487,0.1626449,0.1644443,0.136419,0.1471073,0.1600156,0.1763763,0.1659577,0.2097069,0.1763887,0.1694846,0.1573278,0.1268016,0.1200937,0.1325395,0.1231117,0.1364075,0.2134437,0.160213,0.1703516,0.1853507,0.1868809,0.1702487,0.1835195,0.2098618,0.1833791,0.1992038,0.1978156,0.2109772,0.1747499,0.183067,0.1388907,0.1775768,0.1380163,0.1574181,0.1439883,0.1809125,0.1576609,0.1819013,0.180774,0.1887114,0.1723253,0.1610014,0.1656799,0.1658217,0.2504097,0.2531253,0.1407212,0.1600116,0.1678022,0.1612017,0.1461571,0.1607028,0.1608848,0.1997046,0.15758,0.1552892,0.1360173,0.1448827,0.1878345,0.2238616
0.24481,0.1334134,0.2356987,0.1648194,0.1936095,0.180463,0.2739971,0.1512163,0.1741674,0.1816785,0.1598032,0.1760367,0.1645502,0.2433018,0.2373558,0.4339932,0.4816629,0.179285,0.1908074,0.1357349,0.1701421,0.154381,0.1402216,0.1162867,0.1441214,0.1729838,0.1533522,0.1304887,0.1332781,0.1334839,0.133783,0.1229066,0.1220527,0.2449263,0.1622068,0.2209245,0.1355792,0.2081612,0.1659216,0.2052176,0.158317,0.2303754,0.1875824,0.2051133,0.1350594,0.164287,0.1509382,0.1743742,0.166869,0.2135741,0.1422997,0.1275525,0.1268129,0.2119899,0.1563003,0.1935941,0.1544994,0.1740158,0.1802347,0.145779,0.1724078,0.2296761,0.1773813,0.2171471,0.1731731,0.21475,0.152065,0.1496871,0.1650602,0.1362033,0.1531368,0.2821952,0.2798364,0.1941334,0.1772387,0.1796789,0.138625,0.1306712,0.1473271,0.1850651,0.1577658,0.2282105,0.1421327,0.2212834,0.1519451,0.2550083,0.1628438,0.1945843,0.1377029,0.1971819,0.1382847,0.2310259,0.204668
0.2083692,0.1856697,0.1877217,0.1969565,0.1949497,0.2154939,0.1994576,0.2913815,0.1939901,0.2407412,0.223037,0.1559916,0.1658619,0.2097625,0.2309261,0.4816629,0.4823895,0.1800674,0.2022129,0.122335,0.1797742,0.1564113,0.1903296,0.1191618,0.1437713,0.1753223,0.1954854,0.1382858,0.1294918,0.1260126,0.1347352,0.1142448,0.1246047,0.220116,0.224179,0.161337,0.2285056,0.2125255,0.2139633,0.1769662,0.2067532,0.2151573,0.2294793,0.1951771,0.1646419,0.1508675,0.1730395,0.1612158,0.1726419,0.210887,0.1911725,0.1271912,0.1523215,0.2179619,0.2083798,0.1843208,0.2178249,0.1930096,0.2003997,0.1244762,0.1378014,0.2571882,0.2031527,0.1817864,0.1854061,0.1751807,0.1615046,0.1429587,0.1566285,0.1408631,0.141899,0.2548575,0.3040499,0.2197736,0.2223789,0.1566196,0.1736464,0.1179524,0.1300386,0.1692969,0.1805331,0.2019884,0.1945614,0.1851001,0.2212446,0.2186754,0.2084908,0.1742966,0.1950508,0.1572322,0.1946641,0.2748315,0.2614464
0.1577458,0.1281847,0.1752509,0.1508624,0.2448536,0.2013165,0.1446063,0.1336357,0.1448527,0.1770036,0.1599644,0.1241213,0.1242109,0.141794,0.1304318,0.179285,0.1800674,0.3799998,0.3025647,0.1221576,0.1099336,0.1326993,0.1186708,0.1176578,0.1095235,0.1474157,0.1324328,0.122017,0.1107892,0.1214163,0.112245,0.114739,0.1140686,0.1669713,0.144617,0.1350696,0.105894,0.1865182,0.1303042,0.1458603,0.1303737,0.1664119,0.1684078,0.1484902,0.1373969,0.2135903,0.1611197,0.3316153,0.21029,0.1592206,0.1231061,0.1340192,0.1099476,0.1552113,0.1339121,0.1471329,0.1267636,0.1425288,0.1352367,0.1289952,0.1182324,0.2096694,0.1532131,0.1559727,0.1443173,0.1981985,0.1594674,0.1376351,0.115689,0.1357783,0.1074239,0.2229019,0.2170363,0.1418226,0.1346337,0.1303332,0.1157749,0.1265587,0.1184418,0.1487218,0.125647,0.1642039,0.1326253,0.1610141,0.1375508,0.1470318,0.1475011,0.1334223,0.1242241,0.1404517,0.1166104,0.2003946,0.1554735
0.1719166,0.1475696,0.1447542,0.1930358,0.2343694,0.2678541,0.1869114,0.1562634,0.1305072,0.2529603,0.2180035,0.1133268,0.1155947,0.1378521,0.142767,0.1908074,0.2022129,0.3025647,0.3616719,0.105597,0.1239361,0.1172734,0.1193644,0.1088847,0.1139693,0.1223483,0.1211178,0.1097054,0.111639,0.1079246,0.1126011,0.1066628,0.1101273,0.1621785,0.1650083,0.125154,0.1184119,0.1810732,0.1479319,0.1401427,0.1387109,0.1830551,0.2081638,0.1495329,0.1632444,0.1505708,0.2339356,0.2262347,0.3226994,0.1241784,0.1158325,0.1192115,0.106344,0.1251,0.1278085,0.1270769,0.1238394,0.1336379,0.1398441,0.1136038,0.131323,0.2061372,0.1721419,0.1349862,0.1649485,0.1531737,0.1999204,0.1159421,0.138657,0.112128,0.1270882,0.1989378,0.2512471,0.1293017,0.1266199,0.1263135,0.1293717,0.115576,0.1186707,0.129211,0.1443146,0.1591312,0.148048,0.1423974,0.161248,0.1544084,0.1570785,0.1503569,0.1293092,0.1303234,0.1284185,0.1981139,0.1725424
0.2042051,0.1438484,0.1554136,0.1173278,0.1209376,0.1137545,0.1764531,0.1495874,0.1245464,0.1010819,0.1006174,0.2134842,0.1703641,0.1707401,0.1405239,0.1357349,0.122335,0.1221576,0.105597,0.4041238,0.1546954,0.2945907,0.1630542,0.3518325,0.1506708,0.2073603,0.1811297,0.2506466,0.1669694,0.236791,0.1694143,0.2169635,0.1731621,0.1591615,0.1332853,0.3084544,0.1436304,0.1813299,0.1294953,0.2876012,0.1499442,0.1289884,0.1165399,0.1313755,0.1110679,0.1367018,0.1127501,0.1311754,0.1091161,0.2337121,0.198425,0.3107288,0.1673782,0.2041739,0.1822799,0.2502218,0.1705176,0.2136417,0.1617144,0.1227153,0.1289066,0.1678621,0.1331877,0.1663761,0.1140429,0.1320643,0.1127556,0.2167328,0.1333834,0.2374221,0.1414662,0.1405965,0.1225632,0.1763172,0.1606429,0.2957789,0.1352322,0.1671554,0.148468,0.2062177,0.1219109,0.1725212,0.1370712,0.1904335,0.1256505,0.2407012,0.1529569,0.241359,0.1441305,0.2374033,0.1263229,0.1564298,0.1365155
0.1390902,0.2224725,0.1238712,0.1442242,0.1345284,0.1622682,0.1520246,0.2268258,0.13692,0.1995736,0.1814213,0.1589566,0.1951704,0.1590943,0.1945567,0.1701421,0.1797742,0.1099336,0.1239361,0.1546954,0.3929326,0.1804305,0.321527,0.1613538,0.3454091,0.1745468,0.1844321,0.1446769,0.2467103,0.147098,0.2055074,0.1475615,0.175606,0.1311465,0.1844018,0.1364467,0.2726577,0.1259015,0.1977372,0.1431498,0.3145523,0.1403866,0.1668794,0.1256252,0.1255629,0.1160628,0.1271649,0.1156132,0.121759,0.1875816,0.2726385,0.1884028,0.3512863,0.1660285,0.2402957,0.1757809,0.3381649,0.2007269,0.2974159,0.1307074,0.1273514,0.1290022,0.191315,0.117947,0.1467645,0.1232567,0.122581,0.1330596,0.1980946,0.1337203,0.2216157,0.1347985,0.1446211,0.1873034,0.2287935,0.1287977,0.2803635,0.1451522,0.1751728,0.1252925,0.1943751,0.1478328,0.1837648,0.1323259,0.1884639,0.1376764,0.2418234,0.1636686,0.2285314,0.1345151,0.2185302,0.1296164,0.1604309
0.1772328,0.1823069,0.1161045,0.1131181,0.139575,0.133171,0.1860132,0.1835959,0.1173949,0.1191261,0.1220447,0.2094077,0.1914616,0.176321,0.1679941,0.154381,0.1564113,0.1326993,0.1172734,0.2945907,0.1804305,0.449991,0.2231701,0.3629468,0.2076673,0.3828816,0.2383554,0.2653829,0.198371,0.2427924,0.2069458,0.2341842,0.2059022,0.1752172,0.1566296,0.16823,0.1229238,0.1923227,0.1521051,0.25793,0.192929,0.1516339,0.135977,0.1316596,0.1197877,0.1296339,0.1226042,0.1354755,0.1230253,0.4189209,0.2342236,0.505539,0.2301631,0.38398,0.2494967,0.4303651,0.2313986,0.3263399,0.2527289,0.1493554,0.1122475,0.1960801,0.1637641,0.1284445,0.1107581,0.1263716,0.1195442,0.1763958,0.1252401,0.1929261,0.1395224,0.1307411,0.1234617,0.3107019,0.265343,0.1944229,0.1385489,0.153664,0.163472,0.1512785,0.117167,0.2228543,0.1550467,0.1927113,0.1349505,0.2051077,0.2104948,0.2991311,0.1854017,0.2031113,0.1336266,0.1573426,0.153532
0.1611147,0.2239362,0.125636,0.1466334,0.1513201,0.179458,0.145735,0.372563,0.1728876,0.2269126,0.2058771,0.1631442,0.2190953,0.1527293,0.1804234,0.1402216,0.1903296,0.1186708,0.1193644,0.1630542,0.321527,0.2231701,0.4505994,0.1999819,0.354124,0.2047793,0.270164,0.1841727,0.2682742,0.1947332,0.2135772,0.1796038,0.2150971,0.1561273,0.2503066,0.1286942,0.3011365,0.149618,0.261562,0.1608295,0.35956,0.1730393,0.2048928,0.1404997,0.1416319,0.1210335,0.1335096,0.1229991,0.1151499,0.2556622,0.3954046,0.2071459,0.5234862,0.2288192,0.3548118,0.223231,0.4922843,0.3220363,0.4005805,0.1320484,0.1130757,0.1788632,0.2544141,0.1263331,0.1435999,0.1156699,0.1227903,0.1534202,0.1643443,0.160556,0.1562359,0.1181473,0.1320986,0.2588741,0.3410809,0.1538137,0.2745296,0.1460043,0.1545948,0.121351,0.1854628,0.1740275,0.2573219,0.1432961,0.2470903,0.1470872,0.291058,0.1893644,0.3321156,0.1363757,0.2653203,0.1715823,0.204502
0.1583991,0.1577331,0.1252822,0.1106197,0.1206314,0.1198261,0.129548,0.1724908,0.1361737,0.1028969,0.1066728,0.2178223,0.1772464,0.1797051,0.1611386,0.1162867,0.1191618,0.1176578,0.1088847,0.3518325,0.1613538,0.3629468,0.1999819,0.380148,0.1857083,0.2645977,0.1935116,0.2976314,0.1898548,0.2717151,0.2048627,0.2561073,0.2071272,0.1337139,0.1418807,0.1898884,0.1265668,0.1500272,0.1377702,0.2324551,0.1754187,0.1215867,0.1207501,0.1154448,0.1152704,0.1247454,0.1141654,0.1217601,0.11293,0.2941566,0.2199215,0.3870995,0.2163948,0.2408277,0.2005427,0.2967008,0.2032491,0.2344901,0.1815383,0.1273016,0.1176695,0.1518417,0.1410384,0.1335201,0.1134251,0.1201175,0.1109899,0.1675146,0.128443,0.2077207,0.1427084,0.1220516,0.1145551,0.2052716,0.1753504,0.2186683,0.1315688,0.1752688,0.1655752,0.1499123,0.1158925,0.1572676,0.1468941,0.1490762,0.1281219,0.1992099,0.1647299,0.210119,0.1481862,0.1613912,0.1256476,0.1294542,0.1285533
0.1500049,0.1737334,0.1188749,0.1221515,0.1245881,0.1413037,0.1478785,0.1804092,0.1225298,0.1588149,0.1504015,0.1811708,0.2393092,0.1438477,0.1703976,0.1441214,0.1437713,0.1095235,0.1139693,0.1506708,0.3454091,0.2076673,0.354124,0.1857083,0.4301912,0.2157222,0.2421844,0.1597629,0.3003645,0.1704109,0.2423114,0.1778464,0.2228911,0.1320901,0.1521094,0.1430297,0.196977,0.1299176,0.1754658,0.1570817,0.2806538,0.1276542,0.1401572,0.1192467,0.1217798,0.1125737,0.121904,0.1154925,0.1156109,0.2068613,0.289764,0.2073451,0.3753419,0.182887,0.2727672,0.1764028,0.2917804,0.1847956,0.2416648,0.1189649,0.1113129,0.1332024,0.1647996,0.1135233,0.1208149,0.1114294,0.1109581,0.1343543,0.1503821,0.135445,0.1668243,0.1170013,0.1235574,0.2205199,0.2360984,0.1353019,0.2428174,0.1330185,0.1602131,0.1212471,0.1474915,0.1474494,0.1678462,0.1346002,0.1617796,0.1520002,0.2038092,0.167743,0.2443681,0.142455,0.1792579,0.1250681,0.1408959
0.1912445,0.2206165,0.1210084,0.1154238,0.1552186,0.1357898,0.2091904,0.1438994,0.1136132,0.1302435,0.1310572,0.3033844,0.2540942,0.1932896,0.1890423,0.1729838,0.1753223,0.1474157,0.1223483,0.2073603,0.1745468,0.3828816,0.2047793,0.2645977,0.2157222,0.5099944,0.4027221,0.2458232,0.2097729,0.2672679,0.2205279,0.3041607,0.2655281,0.199227,0.1625836,0.1541543,0.1280619,0.2234854,0.1820633,0.2422323,0.2023158,0.1572207,0.1348013,0.1371037,0.1151496,0.1379931,0.1269822,0.1579072,0.1282269,0.4754498,0.2042059,0.3736424,0.2240222,0.4864559,0.3151081,0.3768507,0.2287213,0.2749548,0.2641857,0.1869227,0.1318539,0.2408556,0.1889101,0.1350614,0.1225063,0.1306379,0.1333756,0.1711841,0.1363783,0.1990801,0.1603191,0.1359793,0.1231819,0.4326843,0.3542386,0.198367,0.1323627,0.1751924,0.18805,0.1365024,0.120034,0.249846,0.151822,0.1939886,0.1284535,0.2036063,0.2323196,0.30252,0.1937147,0.1786935,0.1239904,0.2129176,0.2146453
0.1661379,0.1750891,0.1245332,0.1286164,0.1488543,0.1443814,0.1677757,0.2034827,0.1464046,0.1449959,0.1394555,0.2731624,0.2953562,0.141627,0.1528932,0.1533522,0.1954854,0.1324328,0.1211178,0.1811297,0.1844321,0.2383554,0.270164,0.1935116,0.2421844,0.4027221,0.4818812,0.1913064,0.2184979,0.2165704,0.2265943,0.2654069,0.2932602,0.1604922,0.1915377,0.1457685,0.1706784,0.1889727,0.2319387,0.1775466,0.2136839,0.1528708,0.1582976,0.1339255,0.124364,0.1400262,0.1280341,0.1509987,0.1239773,0.2298716,0.3738367,0.2139918,0.2633616,0.3098856,0.4406724,0.2178742,0.266879,0.1961921,0.2178469,0.170151,0.13586,0.2101958,0.2184895,0.1476932,0.1388218,0.1319999,0.1311778,0.166302,0.142131,0.1949675,0.1549654,0.1291814,0.1269252,0.3639029,0.4061601,0.1631825,0.1722662,0.1577027,0.1675913,0.1247485,0.1380778,0.177006,0.1761602,0.152632,0.1637021,0.1712825,0.1985521,0.2472945,0.2096254,0.1506465,0.1598891,0.2275768,0.224111
0.1436862,0.1639714,0.1246893,0.1145817,0.1228842,0.1161288,0.1206862,0.1564931,0.13046,0.1031857,0.1073522,0.2334003,0.1804001,0.1953825,0.172224,0.1304887,0.1382858,0.122017,0.1097054,0.2506466,0.1446769,0.2653829,0.1841727,0.2976314,0.1597629,0.2458232,0.1913064,0.3204494,0.177494,0.2936103,0.1902505,0.2656002,0.2038742,0.1370571,0.1406212,0.1607384,0.1306887,0.1418696,0.1400414,0.1953198,0.165863,0.1274822,0.1172617,0.1197323,0.1126582,0.1236881,0.1097779,0.1259067,0.1113642,0.3070708,0.2070417,0.2431027,0.2024583,0.2374004,0.1952908,0.2329754,0.2044804,0.1833919,0.1862056,0.1417183,0.1193288,0.150941,0.1438235,0.1347252,0.1204666,0.1284308,0.1211949,0.1786042,0.1292597,0.2312608,0.1389618,0.1266924,0.1177001,0.2074228,0.1930363,0.2065909,0.1250191,0.203928,0.1680536,0.1346035,0.1149593,0.1519535,0.1424326,0.1393345,0.1260275,0.1665911,0.1736941,0.1789931,0.1562733,0.1445229,0.124797,0.1383705,0.1401765
0.1536382,0.1673117,0.1188939,0.1171027,0.1213187,0.1298348,0.146619,0.1534875,0.1154813,0.1364531,0.1323618,0.178497,0.2255012,0.1516755,0.1780105,0.1332781,0.1294918,0.1107892,0.111639,0.1669694,0.2467103,0.198371,0.2682742,0.1898548,0.3003645,0.2097729,0.2184979,0.177494,0.3052419,0.1974958,0.2552822,0.1980185,0.2426396,0.1365511,0.1439996,0.1425431,0.1369474,0.1360733,0.1568753,0.1619608,0.2077321,0.1252184,0.1307161,0.1242808,0.1201832,0.1168597,0.1108655,0.1143512,0.1103534,0.2252463,0.2612349,0.2005556,0.2965961,0.183969,0.2267958,0.1806795,0.2622283,0.1751325,0.2076742,0.1299874,0.1251552,0.1364154,0.1527403,0.1189096,0.1273246,0.1157358,0.1240572,0.1405093,0.1480347,0.1490614,0.1822073,0.1201851,0.1231726,0.1892049,0.2035039,0.1457677,0.1686393,0.1556441,0.1889559,0.1223866,0.1297496,0.1506911,0.1492186,0.1391188,0.1326391,0.1568862,0.1777558,0.1614478,0.1770402,0.1429449,0.135737,0.1211403,0.1293119
0.1516878,0.166467,0.1206924,0.1122707,0.1192044,0.1127464,0.1278456,0.1447678,0.1060576,0.1150607,0.1176985,0.2559163,0.1948497,0.2154205,0.1900253,0.1334839,0.1260126,0.1214163,0.1079246,0.236791,0.147098,0.2427924,0.1947332,0.2717151,0.1704109,0.2672679,0.2165704,0.2936103,0.1974958,0.3204676,0.1899612,0.3035407,0.231292,0.1389631,0.138409,0.1338729,0.127082,0.1401101,0.1401431,0.190233,0.1677541,0.1215299,0.1150922,0.1207651,0.1128939,0.1214037,0.1082132,0.1241765,0.1080464,0.3191701,0.1977986,0.2245574,0.2329454,0.2348112,0.1966811,0.2184934,0.2161831,0.1788703,0.1922601,0.1565687,0.126552,0.1475422,0.1446451,0.1264652,0.1182949,0.1257853,0.1193538,0.1569515,0.1315456,0.2121964,0.1416273,0.128175,0.1182176,0.209257,0.1921955,0.1853562,0.1206781,0.238798,0.191777,0.1273045,0.1154886,0.1511035,0.1442669,0.1347223,0.1261404,0.1646889,0.1673309,0.1611507,0.1464398,0.1333844,0.1242844,0.1275485,0.1317603
0.1677383,0.1742344,0.1144015,0.1157253,0.1231589,0.1251109,0.1517829,0.1458071,0.1210846,0.1197576,0.1193624,0.1995477,0.244119,0.1635076,0.189777,0.133783,0.1347352,0.112245,0.1126011,0.1694143,0.2055074,0.2069458,0.2135772,0.2048627,0.2423114,0.2205279,0.2265943,0.1902505,0.2552822,0.1899612,0.2934703,0.217425,0.2740976,0.1428043,0.1391288,0.1281156,0.1164242,0.140925,0.1472369,0.1608478,0.182588,0.1303876,0.1275148,0.1295039,0.1168253,0.1172055,0.1094135,0.1159982,0.112341,0.1966638,0.2723008,0.2275748,0.2008203,0.1882033,0.2276693,0.198827,0.2025927,0.1645591,0.1674113,0.1406454,0.1377578,0.1431082,0.1427437,0.1179794,0.1298789,0.1174164,0.127249,0.1359453,0.1420205,0.1522355,0.1793588,0.1210649,0.1220637,0.187556,0.1886307,0.1332341,0.1455406,0.1834094,0.218037,0.1207292,0.1234691,0.1515377,0.1382856,0.1368086,0.1224494,0.172483,0.1689054,0.1550939,0.1568713,0.133981,0.1196001,0.1321278,0.130259
0.1496215,0.1478679,0.1182415,0.1116065,0.1166785,0.1106708,0.1540062,0.1251613,0.1059736,0.1101211,0.1120307,0.3144794,0.2541365,0.2009982,0.1967126,0.1229066,0.1142448,0.114739,0.1066628,0.2169635,0.1475615,0.2341842,0.1796038,0.2561073,0.1778464,0.3041607,0.2654069,0.2656002,0.1980185,0.3035407,0.217425,0.3568999,0.2985175,0.1399091,0.1320132,0.1233953,0.1112093,0.1390571,0.1371681,0.1766091,0.1578732,0.1215756,0.1135302,0.1168321,0.1089315,0.1160862,0.1080145,0.1216684,0.1081444,0.2905354,0.2020633,0.236821,0.2033664,0.2686025,0.2258646,0.2311713,0.1887774,0.1742678,0.1697092,0.1399741,0.1285702,0.1479878,0.1394874,0.1336023,0.122997,0.1250193,0.1262435,0.1575419,0.1393121,0.2030739,0.1602102,0.1266738,0.118934,0.2465261,0.2241049,0.1604444,0.1142246,0.226814,0.2040096,0.1279186,0.1149333,0.154899,0.1320863,0.1340513,0.116729,0.1658713,0.1533469,0.1624529,0.1388776,0.1276462,0.1134881,0.133279,0.1363161
0.1409305,0.1422394,0.1157119,0.1135103,0.1200293,0.11584,0.1304434,0.1521183,0.1273853,0.1065322,0.1092198,0.260658,0.31237,0.1729306,0.1945487,0.1220527,0.1246047,0.1140686,0.1101273,0.1731621,0.175606,0.2059022,0.2150971,0.2071272,0.2228911,0.2655281,0.2932602,0.2038742,0.2426396,0.231292,0.2740976,0.2985175,0.3487964,0.1398993,0.1410086,0.1308644,0.1083242,0.1498708,0.1483533,0.1570599,0.1695118,0.128988,0.1221898,0.1267114,0.121218,0.1169908,0.1103579,0.1192886,0.1088724,0.2089276,0.255099,0.2227858,0.2285002,0.2154706,0.2515786,0.1878974,0.2062576,0.1602214,0.1606353,0.1332753,0.1247551,0.1593124,0.1446439,0.1320791,0.1231561,0.120422,0.1258983,0.1614153,0.1295611,0.1898571,0.14961,0.1234474,0.1224167,0.2150318,0.2251313,0.1441472,0.127772,0.2106802,0.2084485,0.1300979,0.1175996,0.1519136,0.1381299,0.137469,0.1223277,0.1431261,0.1485049,0.1585575,0.1465577,0.1370265,0.1192496,0.1407096,0.1352731
0.4293396,0.2360793,0.1820291,0.1330477,0.2469311,0.221369,0.4255013,0.1908765,0.2700493,0.236025,0.2133597,0.1555749,0.1442779,0.1522144,0.1626449,0.2449263,0.220116,0.1669713,0.1621785,0.1591615,0.1311465,0.1752172,0.1561273,0.1337139,0.1320901,0.199227,0.1604922,0.1370571,0.1365511,0.1389631,0.1428043,0.1399091,0.1398993,0.4015783,0.2094294,0.3013129,0.1763359,0.3736086,0.2151354,0.3070133,0.1846802,0.3586011,0.2322239,0.3515271,0.1981253,0.2099292,0.1482837,0.1846309,0.147871,0.2186739,0.1448659,0.1680043,0.1514318,0.2517546,0.1823612,0.2553172,0.1950554,0.2629654,0.2233111,0.1258169,0.1203539,0.4043081,0.2379286,0.1465037,0.128651,0.1380729,0.1219072,0.1461622,0.1284825,0.1349017,0.1382536,0.1700778,0.1606102,0.208649,0.1885143,0.1932322,0.1359043,0.1293116,0.1438718,0.1860281,0.133447,0.3658248,0.2029147,0.3158704,0.1887964,0.3588397,0.2457085,0.2830901,0.179539,0.2794446,0.1552812,0.3696831,0.2469968
0.2480581,0.3858843,0.1328025,0.1750997,0.1962853,0.2425757,0.2380331,0.4546139,0.3420533,0.2711098,0.2683249,0.1442178,0.1481104,0.1494675,0.1644443,0.1622068,0.224179,0.144617,0.1650083,0.1332853,0.1844018,0.1566296,0.2503066,0.1418807,0.1521094,0.1625836,0.1915377,0.1406212,0.1439996,0.138409,0.1391288,0.1320132,0.1410086,0.2094294,0.372049,0.143517,0.3141943,0.2180313,0.3604331,0.1816693,0.2906955,0.2246622,0.3144701,0.2116204,0.2900605,0.161075,0.1949756,0.14707,0.1783434,0.1778446,0.2129173,0.1598507,0.2397552,0.2073732,0.2320385,0.227909,0.2892398,0.2957503,0.3093772,0.1328804,0.1191967,0.2260379,0.3594443,0.1274553,0.1460535,0.1234133,0.1267342,0.1286311,0.1446663,0.1352394,0.1336342,0.1349082,0.1645452,0.2097532,0.2349368,0.1393431,0.2062132,0.1374073,0.1328451,0.1276013,0.1813722,0.2081619,0.3330327,0.181826,0.2976853,0.2105806,0.3425488,0.1840933,0.2829821,0.1447801,0.2653636,0.2437401,0.3098448
0.30732,0.1652966,0.2673765,0.1122247,0.1731349,0.1545808,0.4290798,0.1114434,0.1314975,0.1399635,0.1352129,0.1946249,0.1705696,0.1702077,0.136419,0.2209245,0.161337,0.1350696,0.125154,0.3084544,0.1364467,0.16823,0.1286942,0.1898884,0.1430297,0.1541543,0.1457685,0.1607384,0.1425431,0.1338729,0.1281156,0.1233953,0.1308644,0.3013129,0.143517,0.532392,0.125687,0.2606449,0.1572681,0.3600641,0.1425748,0.2633611,0.1513657,0.2824959,0.1535895,0.2049493,0.1122472,0.1554242,0.1147782,0.1569469,0.1490658,0.1913851,0.1291233,0.2023212,0.1340201,0.2400267,0.1281908,0.213821,0.2093994,0.1547727,0.1453274,0.2731996,0.1578833,0.1983107,0.1099398,0.1405215,0.1162492,0.2475475,0.1151682,0.2017149,0.1167883,0.1644301,0.139027,0.1733301,0.1668435,0.4783766,0.1227124,0.1347277,0.1249353,0.1948517,0.1078944,0.2846299,0.155444,0.3545177,0.1347344,0.2895129,0.1605121,0.2637787,0.1336846,0.4694665,0.1149109,0.2436339,0.1652647
0.2289408,0.4130222,0.1095573,0.1721471,0.1507843,0.2120854,0.1401161,0.452226,0.153979,0.2669455,0.2690842,0.1454002,0.1502694,0.1347312,0.1471073,0.1355792,0.2285056,0.105894,0.1184119,0.1436304,0.2726577,0.1229238,0.3011365,0.1265668,0.196977,0.1280619,0.1706784,0.1306887,0.1369474,0.127082,0.1164242,0.1112093,0.1083242,0.1763359,0.3141943,0.125687,0.4664824,0.1616663,0.2916005,0.140227,0.3628809,0.185608,0.2421463,0.1902817,0.2231151,0.1230494,0.1590625,0.1087664,0.1157691,0.1489481,0.2238219,0.1214762,0.2886024,0.1690622,0.2416709,0.1919824,0.3520627,0.304277,0.3791068,0.1160048,0.1061185,0.1828523,0.2732205,0.09961603,0.1443193,0.1120279,0.1193074,0.1190994,0.1758089,0.1258003,0.145591,0.1111512,0.1425481,0.2110873,0.2643802,0.1255694,0.4099948,0.1262433,0.1167598,0.1306495,0.1936932,0.1756973,0.3351947,0.1453521,0.3589558,0.1703512,0.346682,0.1722103,0.3055188,0.1272614,0.4060819,0.1854917,0.2236163
0.4506794,0.2385852,0.1608176,0.132531,0.2320184,0.2291567,0.3752682,0.1798714,0.2812371,0.2267182,0.1966787,0.155695,0.1534059,0.1589825,0.1600156,0.2081612,0.2125255,0.1865182,0.1810732,0.1813299,0.1259015,0.1923227,0.149618,0.1500272,0.1299176,0.2234854,0.1889727,0.1418696,0.1360733,0.1401101,0.140925,0.1390571,0.1498708,0.3736086,0.2180313,0.2606449,0.1616663,0.4440054,0.2240041,0.3255292,0.1887125,0.3141143,0.246024,0.2886196,0.2090378,0.1875599,0.1537317,0.1954132,0.1564379,0.2160247,0.1556811,0.2008346,0.1346804,0.2271433,0.1976047,0.2195161,0.1812128,0.2379664,0.2167779,0.1198383,0.1208759,0.4927285,0.2538526,0.1437779,0.127445,0.1446509,0.1221014,0.1619746,0.1239224,0.1492059,0.1287065,0.1744686,0.1733783,0.2138279,0.1994016,0.2233334,0.1278408,0.1361429,0.1440867,0.1782459,0.1285721,0.3551428,0.2064196,0.2886229,0.1897543,0.3396997,0.2516244,0.2891263,0.1963278,0.2570399,0.1474619,0.4777313,0.2870981
0.2459657,0.3859376,0.1289458,0.1548025,0.1942099,0.2140966,0.2439408,0.3961026,0.332187,0.2419464,0.222679,0.1560901,0.1650637,0.1460439,0.1763763,0.1659216,0.2139633,0.1303042,0.1479319,0.1294953,0.1977372,0.1521051,0.261562,0.1377702,0.1754658,0.1820633,0.2319387,0.1400414,0.1568753,0.1401431,0.1472369,0.1371681,0.1483533,0.2151354,0.3604331,0.1572681,0.2916005,0.2240041,0.4164133,0.177376,0.2881078,0.2428237,0.2866971,0.2184612,0.2460843,0.1604466,0.1599967,0.1413913,0.1530337,0.1780185,0.2353305,0.1470558,0.2444444,0.2100909,0.2506878,0.2045205,0.2804762,0.2498053,0.2697676,0.1528894,0.1213405,0.2374427,0.3992206,0.1333044,0.1451849,0.1183244,0.121938,0.1322466,0.1542073,0.1411794,0.140443,0.1306074,0.1502505,0.2241851,0.2457495,0.1345951,0.2394734,0.148402,0.1390347,0.1302476,0.1785278,0.2083868,0.3307891,0.1882143,0.2730239,0.2191645,0.3205648,0.1849174,0.2733023,0.1505867,0.2544605,0.263895,0.3916097
0.4227663,0.2210471,0.1758528,0.1170105,0.1879098,0.1773431,0.4169947,0.1846929,0.1284694,0.1689027,0.1596059,0.1942991,0.1626894,0.1884229,0.1659577,0.2052176,0.1769662,0.1458603,0.1401427,0.2876012,0.1431498,0.25793,0.1608295,0.2324551,0.1570817,0.2422323,0.1775466,0.1953198,0.1619608,0.190233,0.1608478,0.1766091,0.1570599,0.3070133,0.1816693,0.3600641,0.140227,0.3255292,0.177376,0.3890581,0.1702254,0.2548594,0.1788149,0.2591577,0.1656822,0.1675631,0.1315693,0.1517488,0.1335788,0.2702629,0.1678217,0.248645,0.1669078,0.2756361,0.1847281,0.3084964,0.1829654,0.3054722,0.2315343,0.135937,0.1266957,0.3380612,0.1974471,0.1575754,0.1133813,0.1325563,0.1199847,0.1866629,0.1256233,0.1824769,0.1353705,0.1573458,0.1435639,0.2253776,0.1909916,0.293262,0.1196691,0.1460709,0.1500661,0.1665323,0.1142271,0.2911246,0.1855107,0.2861867,0.1611807,0.3429385,0.2133136,0.2979709,0.170279,0.30379,0.1332694,0.3131355,0.2247523
0.2237957,0.3976877,0.1217858,0.1548373,0.1664602,0.205967,0.2110745,0.3759294,0.2125946,0.2394044,0.2238786,0.1714905,0.1881466,0.173036,0.2097069,0.158317,0.2067532,0.1303737,0.1387109,0.1499442,0.3145523,0.192929,0.35956,0.1754187,0.2806538,0.2023158,0.2136839,0.165863,0.2077321,0.1677541,0.182588,0.1578732,0.1695118,0.1846802,0.2906955,0.1425748,0.3628809,0.1887125,0.2881078,0.1702254,0.3918318,0.1963536,0.2388561,0.1754394,0.1803861,0.1357454,0.1390064,0.1380556,0.1283782,0.2311892,0.2780582,0.1869964,0.3693787,0.2069732,0.282657,0.227245,0.4074562,0.3047682,0.4023136,0.1406102,0.1221665,0.2125382,0.286572,0.1216795,0.1490359,0.1252022,0.1236999,0.1400493,0.1742374,0.1498942,0.16475,0.131061,0.1480968,0.2269552,0.274801,0.1418205,0.2845664,0.151889,0.1590274,0.1241021,0.1928529,0.188379,0.2808462,0.1579202,0.2684138,0.1878169,0.3643191,0.180183,0.3127906,0.1418558,0.2730968,0.2209535,0.2479705
0.3523162,0.2350121,0.1575722,0.1514176,0.2971583,0.2574594,0.4314936,0.2167264,0.3401126,0.2898983,0.2604924,0.1422251,0.1392697,0.157805,0.1763887,0.2303754,0.2151573,0.1664119,0.1830551,0.1289884,0.1403866,0.1516339,0.1730393,0.1215867,0.1276542,0.1572207,0.1528708,0.1274822,0.1252184,0.1215299,0.1303876,0.1215756,0.128988,0.3586011,0.2246622,0.2633611,0.185608,0.3141143,0.2428237,0.2548594,0.1963536,0.3967142,0.2711181,0.3636804,0.2096867,0.210918,0.1652514,0.1732129,0.163244,0.1694717,0.1579044,0.1332877,0.1625088,0.2259713,0.195929,0.225274,0.210274,0.2717845,0.2435047,0.1419432,0.1383941,0.3515385,0.2597718,0.1384459,0.1491661,0.1382402,0.130803,0.1312557,0.1375948,0.1269436,0.1397813,0.1754078,0.1712889,0.1956068,0.1998789,0.1677139,0.1520458,0.1315195,0.1383024,0.1647031,0.1517942,0.3091145,0.2131174,0.2652156,0.2087988,0.2825034,0.2531108,0.2645116,0.1835163,0.2316303,0.1707681,0.3318676,0.2786053
0.2363793,0.3035179,0.1291848,0.1757185,0.257131,0.3237964,0.2768131,0.333371,0.3456677,0.421689,0.3923016,0.1280081,0.1334841,0.1516043,0.1694846,0.1875824,0.2294793,0.1684078,0.2081638,0.1165399,0.1668794,0.135977,0.2048928,0.1207501,0.1401572,0.1348013,0.1582976,0.1172617,0.1307161,0.1150922,0.1275148,0.1135302,0.1221898,0.2322239,0.3144701,0.1513657,0.2421463,0.246024,0.2866971,0.1788149,0.2388561,0.2711181,0.3537977,0.2344678,0.284313,0.1756991,0.2091962,0.1621911,0.2118868,0.1310373,0.1687458,0.1332541,0.1848613,0.1812124,0.1999734,0.1878465,0.2271235,0.2657557,0.2697007,0.1238439,0.1315472,0.2587178,0.3028336,0.1235507,0.1548132,0.1219612,0.1333553,0.1187769,0.1394146,0.117585,0.132174,0.1500165,0.1826636,0.1934744,0.2095911,0.1335444,0.1746721,0.1303725,0.1324928,0.1253654,0.170197,0.2117112,0.2565594,0.1792339,0.252022,0.1960428,0.2829633,0.1879718,0.2280147,0.1441843,0.2114736,0.2805595,0.2902279
