0.6527753,0.4303583,0.2205651,0.1692155,0.2786741,0.2888221,0.5815419,0.2735062,0.1762901,0.2338363,0.2173638,0.1909938,0.1539229,0.2239974,0.2031789,0.3020039,0.2549454,0.1876974,0.2247244,0.2183265,0.1608406,0.1900562,0.181187,0.1761873,0.1690535,0.2026906,0.1711151,0.1574464,0.1658187,0.1712502,0.1821789,0.1747901,0.1529955,0.475244,0.2900767,0.3592774,0.2903337,0.486925,0.291865,0.4564415,0.2704594,0.4043484,0.2722424,0.4067619,0.277001,0.2112329,0.172523,0.197171,0.2001047,0.2405037,0.1682669,0.1675587,0.1733212,0.2667204,0.2044203,0.3602151,0.2510051,0.3895653,0.2965827,0.1480865,0.1519027,0.5251762,0.3028728,0.1651148,0.1733219,0.1726331,0.1645933,0.1577607,0.1737638,0.1405539,0.1866944,0.2014327,0.2232249,0.2202469,0.1743757,0.2616993,0.1714391,0.1747896,0.2016732,0.1907162,0.1584931,0.4089049,0.3187363,0.3732947,0.2549222,0.5446831,0.3359377,0.3395261,0.2434435,0.3396384,0.2080618,0.4869491,0.2952755
0.4303583,0.6993043,0.153187,0.1947904,0.2368844,0.3199826,0.2587418,0.4091105,0.1764205,0.3540939,0.3633516,0.1916719,0.1540829,0.2216545,0.2485022,0.180705,0.2240692,0.1560519,0.209381,0.1553056,0.2538178,0.211276,0.2618049,0.1709379,0.1890636,0.2516974,0.1921502,0.1750196,0.1784643,0.1730134,0.1850352,0.162504,0.1469256,0.2835922,0.4248169,0.2008301,0.4945947,0.2784592,0.4273683,0.2608442,0.4437961,0.2905484,0.3472112,0.3179677,0.3316843,0.1883518,0.1796381,0.1467445,0.2065245,0.2945601,0.186345,0.1841232,0.2737829,0.2657682,0.2442803,0.3575239,0.3955044,0.4129406,0.4467109,0.2052016,0.1571421,0.2529174,0.4124443,0.1311372,0.1958254,0.1243452,0.1708317,0.1397037,0.2000148,0.1494634,0.1923688,0.1480316,0.2081881,0.2494414,0.2453527,0.1801591,0.275243,0.1864457,0.1895368,0.1678043,0.2196976,0.2824696,0.4398205,0.2661003,0.35761,0.3187025,0.5172878,0.2598788,0.3780232,0.2030842,0.3132751,0.3041589,0.3011319
0.2205651,0.153187,0.3886657,0.1341683,0.1599169,0.1549986,0.2085317,0.1397055,0.1465637,0.1430785,0.1421507,0.1496881,0.1399147,0.1648598,0.1446153,0.2232895,0.1914425,0.1664474,0.1528812,0.1590914,0.1408877,0.1263109,0.1404305,0.1312706,0.144968,0.1329526,0.1379837,0.13155,0.1372136,0.1330832,0.1307156,0.1369363,0.1340124,0.2015777,0.154501,0.2710916,0.1332417,0.1951132,0.1574911,0.2019445,0.1381716,0.1748525,0.1492219,0.1988036,0.1570261,0.2241949,0.1440968,0.1862632,0.1445456,0.1411517,0.1490275,0.1274973,0.136693,0.1564482,0.1445206,0.1573136,0.1336971,0.1467498,0.1542331,0.1323953,0.1306523,0.2033868,0.1561421,0.2921176,0.1296906,0.256523,0.1267483,0.1948997,0.1332403,0.1600878,0.133226,0.213522,0.1727076,0.1502032,0.1512182,0.1984579,0.1320297,0.1275741,0.1331011,0.2587302,0.1238864,0.2028336,0.157677,0.2477639,0.1436262,0.2089463,0.1517061,0.1691454,0.1342154,0.2271547,0.1291267,0.1901536,0.1447651
0.1692155,0.1947904,0.1341683,0.3371769,0.1728984,0.1958017,0.1833087,0.1868939,0.1681495,0.2352145,0.2178953,0.132191,0.132148,0.1409295,0.1649474,0.1801464,0.2158891,0.1631247,0.1965074,0.1282504,0.1625664,0.129012,0.171725,0.1200565,0.1353241,0.1308745,0.1453317,0.1266818,0.1320754,0.1242928,0.1301092,0.1275451,0.1265414,0.1707769,0.1923041,0.1352062,0.2031937,0.1704031,0.1845482,0.1429755,0.1830359,0.1889198,0.1948599,0.1674263,0.1808454,0.1399779,0.2377243,0.1471024,0.208145,0.1475046,0.156946,0.1255327,0.1616428,0.1525252,0.1729312,0.1472535,0.1902894,0.1679258,0.1877948,0.1304258,0.1464034,0.1894721,0.1950051,0.1263125,0.2904956,0.126079,0.2332913,0.1282736,0.1793464,0.1308285,0.1645766,0.1531321,0.2116978,0.1532953,0.1645468,0.1309232,0.1745408,0.131486,0.1348061,0.1444018,0.22067,0.1724611,0.1848371,0.1501883,0.2152532,0.1650213,0.1961403,0.1706726,0.1669285,0.1375093,0.1986371,0.1905601,0.197079
0.2786741,0.2368844,0.1599169,0.1728984,0.3439769,0.335998,0.3081891,0.2314179,0.2976563,0.3616376,0.3315192,0.1438924,0.1412681,0.1773737,0.1841429,0.2276044,0.2337675,0.2669109,0.2752669,0.1364283,0.1607987,0.1526005,0.1788338,0.1398084,0.1574064,0.1663919,0.1663097,0.1383397,0.1429555,0.1333341,0.1415948,0.1357162,0.1371259,0.2893433,0.2359775,0.2056204,0.2078399,0.2831279,0.2368595,0.2208626,0.199132,0.3425932,0.3007613,0.316931,0.2679412,0.2189933,0.212997,0.2377466,0.2256257,0.1594403,0.1595602,0.1411351,0.1520059,0.1950936,0.1918161,0.1888649,0.1917245,0.2288495,0.2170703,0.1448335,0.1531638,0.32112,0.2444587,0.1535634,0.1678753,0.1769805,0.1581283,0.1472277,0.1507515,0.1400678,0.1473899,0.2189191,0.2282295,0.1962597,0.1875126,0.160631,0.1737201,0.1401304,0.1466393,0.1581595,0.1605398,0.2650177,0.2370411,0.2326881,0.2355322,0.2200534,0.2325341,0.2164003,0.1930808,0.1951872,0.1888985,0.3203463,0.2702318
0.2888221,0.3199826,0.1549986,0.1958017,0.335998,0.4160943,0.3108195,0.2794799,0.2576709,0.4905753,0.4614123,0.1451378,0.1531231,0.1845859,0.1937141,0.2220187,0.2514446,0.2358009,0.3101394,0.1315314,0.1985085,0.1648304,0.2222953,0.1388711,0.1757606,0.1645381,0.1737245,0.1302476,0.1560386,0.1269372,0.1481538,0.1304868,0.1354167,0.2771537,0.2829725,0.2015422,0.2887568,0.2763832,0.2645373,0.2193466,0.2501154,0.3330493,0.3674898,0.3096881,0.3239387,0.1914618,0.2383296,0.1951477,0.2588893,0.1526381,0.1787644,0.147107,0.1919194,0.2026871,0.22736,0.2066634,0.2436398,0.278349,0.2876773,0.1482906,0.1657438,0.3133826,0.2633336,0.1442206,0.1869193,0.162966,0.1827344,0.1424292,0.1748447,0.1327433,0.1719359,0.2190181,0.2670514,0.2176804,0.2233022,0.1603058,0.207911,0.1522818,0.162418,0.1623198,0.1875842,0.2657025,0.2828986,0.2313378,0.2820703,0.2190628,0.2805657,0.2402412,0.2342843,0.1934049,0.2313592,0.3217821,0.2674609
0.5815419,0.2587418,0.2085317,0.1833087,0.3081891,0.3108195,0.474315,0.2903153,0.3235781,0.3474982,0.2972105,0.1891512,0.1487446,0.1901426,0.2003658,0.310835,0.2400989,0.1909961,0.2561104,0.1774991,0.1648945,0.1802254,0.1678923,0.1396156,0.1625612,0.1986497,0.1644291,0.1283852,0.1589867,0.1411767,0.1697096,0.1758714,0.1479057,0.4511584,0.2764346,0.4235364,0.1968785,0.4226505,0.2724391,0.4387345,0.2429561,0.4538328,0.3108614,0.3760192,0.2113065,0.201684,0.1758174,0.2095513,0.1949994,0.2057905,0.1403894,0.181062,0.1447452,0.3896287,0.1857177,0.4033728,0.1910149,0.4542156,0.376768,0.1632387,0.1832785,0.5268011,0.3338653,0.1517052,0.1728386,0.1663345,0.1693707,0.1323131,0.1813581,0.1219711,0.2084316,0.2141728,0.2275719,0.2956754,0.2660582,0.2142623,0.1681481,0.1478436,0.1834459,0.1764272,0.1619655,0.3774118,0.2607363,0.3223299,0.2595018,0.4836333,0.3295499,0.3633569,0.2129373,0.320863,0.2050997,0.495705,0.3624676
0.2735062,0.4091105,0.1397055,0.1868939,0.2314179,0.2794799,0.2903153,0.3556528,0.4880676,0.2834638,0.2850856,0.1497415,0.1633879,0.1974608,0.208268,0.1767746,0.258149,0.1474639,0.1741047,0.1739974,0.2519191,0.2166722,0.391313,0.2059676,0.2074796,0.1896509,0.206593,0.1831543,0.1873627,0.172754,0.177726,0.1554206,0.1729827,0.2498009,0.4588562,0.1280975,0.4571069,0.2012966,0.4012688,0.2118625,0.3932244,0.260934,0.3549535,0.2318609,0.2625939,0.1784371,0.1878795,0.1674827,0.1751283,0.2597488,0.2995726,0.2263708,0.3899636,0.2727458,0.2987841,0.3335399,0.4607821,0.4319977,0.4146567,0.1518582,0.1245133,0.2234967,0.377818,0.146362,0.1480884,0.149673,0.1343829,0.1499718,0.1620853,0.1568441,0.1557609,0.1514825,0.1864481,0.2364071,0.2761025,0.1672392,0.2789183,0.1576804,0.1567568,0.1475435,0.2215142,0.2628095,0.4239841,0.2005739,0.3800094,0.2221602,0.4211726,0.2004716,0.395178,0.1496017,0.3639171,0.2565427,0.3258714
0.1762901,0.1764205,0.1465637,0.1681495,0.2976563,0.2576709,0.3235781,0.4880676,0,0.199332,0.1983601,0.1297868,0.1355948,0.1350641,0.1628255,0.1814528,0.1944109,0.1670323,0.1542319,0.1465374,0.1475264,0.1464236,0.1748808,0.162285,0.1458445,0.1412275,0.1805228,0.1527933,0.1293193,0.1304004,0.1402725,0.1334284,0.1458392,0.2741067,0.3751877,0.138365,0.1655566,0.2877471,0.3802308,0.140198,0.2309046,0.3461656,0.3831942,0.2650551,0.3590514,0.3021535,0.1939366,0.2281143,0.1764701,0.1219046,0.1878265,0.137322,0.151133,0.1496131,0.176629,0.1434578,0.1924545,0.1672623,0.1839354,0.1299353,0.1198572,0.266749,0.3640604,0.1326517,0.1257492,0.1319552,0.1225735,0.1218805,0.1253659,0.1226202,0.1183029,0.1307944,0.1377035,0.1431201,0.139447,0.132012,0.1692099,0.1223287,0.1153889,0.1650097,0.1666029,0.2653318,0.2712366,0.2297613,0.2430507,0.196632,0.2500775,0.1574365,0.182625,0.1486231,0.2155439,0.2910526,0.4119705
0.2338363,0.3540939,0.1430785,0.2352145,0.3616376,0.4905753,0.3474982,0.2834638,0.199332,0.411612,0.817874,0.158154,0.1639794,0.2217504,0.2636833,0.2249259,0.3060315,0.2338729,0.3221343,0.1161734,0.2351392,0.1534035,0.2709944,0.1167092,0.1918355,0.1714244,0.1831251,0.1132829,0.1637793,0.1240492,0.1413063,0.1260436,0.1279622,0.2790735,0.3366895,0.1672498,0.3710743,0.2699592,0.2992288,0.195674,0.2912475,0.3554767,0.4698178,0.3395153,0.3334299,0.1921244,0.3182886,0.1821115,0.2757458,0.1338532,0.1795146,0.1316865,0.2247102,0.2188334,0.2628181,0.1833207,0.2880668,0.3060602,0.3403641,0.1634588,0.1967394,0.3370076,0.3230314,0.1461137,0.198741,0.1546517,0.1709939,0.1448037,0.1859146,0.1303064,0.1852046,0.22287,0.2798234,0.2530768,0.2642149,0.1453487,0.2648022,0.1797396,0.1877663,0.1726303,0.2325977,0.2662802,0.3260757,0.2258035,0.409918,0.1722007,0.3521537,0.2908246,0.2772852,0.1797992,0.3140392,0.3763209,0.3434049
0.2173638,0.3633516,0.1421507,0.2178953,0.3315192,0.4614123,0.2972105,0.2850856,0.1983601,0.817874,0.30883,0.1558895,0.1589192,0.2048495,0.2377835,0.1977067,0.277507,0.2074413,0.2861012,0.1168896,0.2191788,0.1552988,0.2481881,0.1210246,0.1801116,0.173556,0.1757096,0.1192103,0.1586943,0.1275983,0.1413746,0.1296629,0.1297212,0.2559654,0.3282185,0.162247,0.3673335,0.2369842,0.2769537,0.1857371,0.2752738,0.3223501,0.438619,0.3236448,0.3635241,0.1846232,0.3043498,0.1613278,0.2472043,0.1378455,0.1702066,0.14043,0.2086109,0.2135987,0.2437756,0.1864087,0.2714378,0.2889823,0.3221655,0.1597495,0.1799378,0.291239,0.2866589,0.1383354,0.1829462,0.1471933,0.165859,0.138624,0.1738276,0.128972,0.175889,0.2013917,0.2612575,0.2392088,0.2456601,0.141968,0.2471861,0.1769664,0.1801751,0.1631636,0.2141879,0.2483303,0.3226075,0.2136175,0.3875298,0.1575318,0.3258981,0.2653404,0.2643742,0.1710918,0.2992433,0.3293717,0.3001616
0.1909938,0.1916719,0.1496881,0.132191,0.1438924,0.1451378,0.1891512,0.1497415,0.1297868,0.158154,0.1558895,0.3379613,0.2769149,0.2430595,0.2284315,0.1784709,0.1578623,0.1349161,0.1327323,0.2291964,0.1667492,0.229137,0.1743336,0.2370416,0.1892063,0.3202807,0.2856537,0.2504356,0.1880755,0.2706648,0.2134274,0.3315639,0.2726764,0.1752771,0.1661775,0.1872766,0.1539695,0.1705251,0.1721222,0.2104115,0.1825899,0.1577391,0.1477432,0.1519954,0.1415038,0.139783,0.1371492,0.1467131,0.1342007,0.2827779,0.2019471,0.2223057,0.1829089,0.2967435,0.2509475,0.2538303,0.1865156,0.217527,0.2018507,0.1568662,0.1467951,0.1702849,0.1741055,0.1603063,0.1428474,0.1494818,0.1473749,0.1772845,0.1565952,0.2105996,0.171353,0.1547634,0.145407,0.2842637,0.259085,0.1989386,0.1497021,0.2349207,0.2108452,0.1555707,0.1337623,0.1899856,0.1628867,0.1747783,0.1482024,0.1959809,0.1894694,0.2005429,0.1710924,0.1672251,0.1424457,0.1670861,0.1811485
0.1539229,0.1540829,0.1399147,0.132148,0.1412681,0.1531231,0.1487446,0.1633879,0.1355948,0.1639794,0.1589192,0.2769149,0.3339768,0.1795873,0.1924657,0.1580512,0.1531812,0.1254881,0.1308808,0.1845527,0.2075651,0.2142409,0.223621,0.1947619,0.2491803,0.2696569,0.3095718,0.1939044,0.2370565,0.205934,0.2592984,0.2642968,0.3201331,0.1497495,0.1580281,0.1601204,0.1529513,0.1605979,0.1656325,0.1712494,0.1905496,0.1471987,0.1524576,0.1376452,0.1446093,0.1357166,0.1318069,0.1343613,0.1300658,0.2030067,0.2749734,0.215762,0.2183928,0.2361801,0.2972922,0.1968889,0.2116159,0.1880885,0.1958063,0.1427598,0.1475784,0.1612414,0.1623716,0.1532674,0.1397021,0.1457027,0.1383851,0.1861412,0.1483272,0.1999144,0.1607072,0.1514761,0.1477135,0.2530735,0.2710908,0.1651879,0.1685968,0.1966693,0.1951344,0.1581928,0.1395199,0.165459,0.1565521,0.1539156,0.1478341,0.1560962,0.1794635,0.1941265,0.1846408,0.1632018,0.1470621,0.156912,0.1491473
0.2239974,0.2216545,0.1648598,0.1409295,0.1773737,0.1845859,0.1901426,0.1974608,0.1350641,0.2217504,0.2048495,0.2430595,0.1795873,0.332966,0.309966,0.2737368,0.2513272,0.1577859,0.1710007,0.1870494,0.1739215,0.2061445,0.1726517,0.2001658,0.1630127,0.2233961,0.1629452,0.2048725,0.1699516,0.230579,0.1769454,0.2213758,0.1901932,0.1989574,0.1862152,0.1568269,0.1733777,0.1960474,0.1779098,0.2181055,0.1972888,0.1902534,0.1815523,0.1832166,0.1627946,0.1375164,0.1585156,0.1484397,0.1607779,0.2674691,0.1589165,0.1946269,0.188219,0.2183531,0.1675253,0.2334942,0.2006606,0.2137684,0.1998843,0.2262959,0.2144001,0.2011287,0.1905128,0.18187,0.1452389,0.1801885,0.1519525,0.1832137,0.170662,0.2052317,0.1679958,0.2192009,0.2076185,0.1903224,0.1601319,0.2134673,0.1536158,0.275196,0.2440289,0.1719021,0.1461149,0.2041071,0.1971901,0.1816977,0.1841658,0.2008681,0.2015562,0.1813797,0.1704211,0.1630013,0.1584408,0.2085644,0.2112702
0.2031789,0.2485022,0.1446153,0.1649474,0.1841429,0.1937141,0.2003658,0.208268,0.1628255,0.2636833,0.2377835,0.2284315,0.1924657,0.309966,0.3303351,0.2610173,0.2699771,0.1574894,0.1766085,0.1560382,0.2092184,0.1908057,0.2024473,0.1751067,0.1836879,0.2104398,0.1739557,0.1805852,0.1892985,0.1986888,0.1976441,0.2085458,0.2075085,0.1982743,0.2017744,0.1439937,0.1971255,0.196437,0.2048476,0.1954678,0.2380031,0.204896,0.2036884,0.1911442,0.1606075,0.1387753,0.1631203,0.1492572,0.1662812,0.2392125,0.1759157,0.1863352,0.2081927,0.2127871,0.1931367,0.215927,0.2380952,0.2234911,0.2298601,0.2020503,0.2200079,0.2132578,0.2153363,0.1528297,0.1805311,0.1514778,0.1714522,0.1576445,0.1944811,0.16585,0.1924141,0.1978568,0.2112206,0.1970639,0.1848781,0.1850207,0.1889221,0.2484518,0.2527077,0.161764,0.1764201,0.2013578,0.2034983,0.1762329,0.2058555,0.1881285,0.2336711,0.1910971,0.1851276,0.1551697,0.1785544,0.2280717,0.2478312
0.3020039,0.180705,0.2232895,0.1801464,0.2276044,0.2220187,0.310835,0.1767746,0.1814528,0.2249259,0.1977067,0.1784709,0.1580512,0.2737368,0.2610173,0.4385632,0.4836541,0.2013369,0.2196055,0.153052,0.1739408,0.1696723,0.1459618,0.1327131,0.1595181,0.1864408,0.1549228,0.136438,0.1488492,0.1492901,0.1502494,0.1432446,0.1335701,0.2883489,0.1904699,0.229774,0.1690121,0.2498487,0.1870544,0.2432309,0.1733481,0.2655661,0.2157897,0.2407996,0.1670133,0.1765371,0.1837723,0.1915262,0.1959665,0.2296388,0.1403774,0.1435398,0.1374904,0.2294222,0.1632604,0.2322552,0.1627551,0.2021173,0.1854435,0.1539412,0.1870907,0.2692355,0.2110324,0.2057802,0.175916,0.2015245,0.1648439,0.1553395,0.1818371,0.1359232,0.1746778,0.28233,0.2902534,0.2013265,0.1724358,0.2002586,0.1536049,0.1553157,0.178178,0.1932691,0.1598186,0.2629002,0.1830343,0.2404889,0.1920277,0.2892474,0.1901204,0.2188452,0.1560764,0.2082074,0.1645471,0.2649828,0.2369153
0.2549454,0.2240692,0.1914425,0.2158891,0.2337675,0.2514446,0.2400989,0.258149,0.1944109,0.3060315,0.277507,0.1578623,0.1531812,0.2513272,0.2699771,0.4836541,0.4706128,0.2147323,0.2381647,0.1363729,0.1866826,0.1545178,0.1846646,0.1294873,0.1520388,0.1723687,0.1767891,0.1432263,0.1422264,0.1386146,0.1463588,0.1326533,0.1294124,0.2661304,0.2312168,0.1760338,0.2338026,0.2555451,0.2224036,0.2140385,0.2177459,0.2557311,0.253544,0.238142,0.1859319,0.1722296,0.2032279,0.1924462,0.2015559,0.2105835,0.1751036,0.1295739,0.1556473,0.222303,0.1992161,0.1976416,0.2185365,0.1914677,0.1963038,0.1394108,0.1620036,0.3026444,0.2267882,0.1854554,0.1992055,0.1752602,0.176182,0.1563833,0.1756812,0.1436941,0.1657938,0.264254,0.3171077,0.2128132,0.20508,0.1781237,0.1903114,0.1434204,0.1620335,0.188785,0.1943383,0.2405358,0.2177161,0.2150695,0.2514748,0.2431631,0.2330517,0.189195,0.2035282,0.1814981,0.2105143,0.3182568,0.2815355
0.1876974,0.1560519,0.1664474,0.1631247,0.2669109,0.2358009,0.1909961,0.1474639,0.1670323,0.2338729,0.2074413,0.1349161,0.1254881,0.1577859,0.1574894,0.2013369,0.2147323,0.3699462,0.3049119,0.1343007,0.1308835,0.1372812,0.1367693,0.1331501,0.1291326,0.1532397,0.1393954,0.1355125,0.1264489,0.1331348,0.122965,0.1282178,0.1242533,0.1996037,0.1667754,0.1577981,0.1366676,0.2249773,0.1648103,0.1727922,0.1555146,0.211,0.1990211,0.1887949,0.1794644,0.204312,0.1906559,0.3207736,0.2246348,0.1695642,0.1309376,0.1362467,0.1265615,0.1613665,0.1429934,0.1496024,0.1440973,0.1544677,0.155951,0.1288557,0.1333192,0.2595108,0.1888025,0.1547199,0.1567757,0.197459,0.1703624,0.1514219,0.1333882,0.1488817,0.1235747,0.2335027,0.2329704,0.1547152,0.1424479,0.1491942,0.1401946,0.1292174,0.1265835,0.1548461,0.1390563,0.2022029,0.1682445,0.1819867,0.1759535,0.1687406,0.1727125,0.1552271,0.1460708,0.1577251,0.1434519,0.249797,0.2082695
0.2247244,0.209381,0.1528812,0.1965074,0.2752669,0.3101394,0.2561104,0.1741047,0.1542319,0.3221343,0.2861012,0.1327323,0.1308808,0.1710007,0.1766085,0.2196055,0.2381647,0.3049119,0.3626169,0.1230879,0.1511696,0.1395161,0.1563535,0.1242935,0.14161,0.1478525,0.1449983,0.1220745,0.1334361,0.1209749,0.1294186,0.1226168,0.1240826,0.2146597,0.1971309,0.1646207,0.1732197,0.2301702,0.1936403,0.183377,0.1773935,0.2458876,0.2491183,0.2170541,0.1992738,0.1691924,0.2416653,0.2282856,0.3138353,0.1438834,0.1362877,0.130721,0.1361014,0.1615904,0.1658723,0.1635801,0.1656396,0.1900563,0.1876807,0.1330684,0.1572518,0.2693068,0.2165444,0.1412078,0.176294,0.162514,0.2110588,0.1334554,0.1592175,0.129066,0.1488963,0.2275896,0.2758587,0.1677356,0.16259,0.1477353,0.1604362,0.1371522,0.142463,0.1486707,0.1591112,0.2112387,0.1969684,0.1860083,0.2064928,0.1862896,0.2055146,0.1954009,0.1697424,0.1620124,0.1645818,0.2650948,0.226981
0.2183265,0.1553056,0.1590914,0.1282504,0.1364283,0.1315314,0.1774991,0.1739974,0.1465374,0.1161734,0.1168896,0.2291964,0.1845527,0.1870494,0.1560382,0.153052,0.1363729,0.1343007,0.1230879,0.4031725,0.1734922,0.3035375,0.1864331,0.3594528,0.1767233,0.2207093,0.1921574,0.2611498,0.1833327,0.2563512,0.1929678,0.2413197,0.1932678,0.174698,0.15047,0.3063063,0.171181,0.1863915,0.1423522,0.282431,0.1723097,0.1432778,0.1314024,0.1438425,0.1279847,0.1458429,0.1286108,0.1446003,0.123671,0.2593196,0.2193376,0.3177776,0.18917,0.2180836,0.2012305,0.2635004,0.1936241,0.2199129,0.1762357,0.1285321,0.129035,0.1774455,0.1452851,0.1754646,0.1268367,0.1461229,0.1265283,0.2213683,0.1456215,0.2425234,0.1521431,0.1461397,0.1313065,0.1879635,0.1699031,0.3065453,0.1622403,0.1801333,0.1598361,0.2097133,0.1334502,0.181879,0.1560831,0.193466,0.1454127,0.2570631,0.1691685,0.2358821,0.1613358,0.2371797,0.1517463,0.1639055,0.1442596
0.1608406,0.2538178,0.1408877,0.1625664,0.1607987,0.1985085,0.1648945,0.2519191,0.1475264,0.2351392,0.2191788,0.1667492,0.2075651,0.1739215,0.2092184,0.1739408,0.1866826,0.1308835,0.1511696,0.1734922,0.3941907,0.2129363,0.3326796,0.1867185,0.3431926,0.1969967,0.2035674,0.1640022,0.2525639,0.1608916,0.2229216,0.1649436,0.1927802,0.1498364,0.1977237,0.1624796,0.3001664,0.1404799,0.1947053,0.1623132,0.3279745,0.1663953,0.1957892,0.1476566,0.1462795,0.1310108,0.1446186,0.1316899,0.1430435,0.2143077,0.2966018,0.2204089,0.3553592,0.1879549,0.2640602,0.2137663,0.3515259,0.2372147,0.3148341,0.1405234,0.1448194,0.1456656,0.1951727,0.1339611,0.1662786,0.1368825,0.1347622,0.1501762,0.206941,0.1501612,0.2284151,0.1478792,0.1586222,0.2028643,0.2445996,0.1558425,0.2883075,0.1574516,0.1875285,0.1392395,0.204185,0.1649754,0.2013877,0.1492905,0.2136248,0.158471,0.2572344,0.1843229,0.2332944,0.1568763,0.2356998,0.1498853,0.171529
0.1900562,0.211276,0.1263109,0.129012,0.1526005,0.1648304,0.1802254,0.2166722,0.1464236,0.1534035,0.1552988,0.229137,0.2142409,0.2061445,0.1908057,0.1696723,0.1545178,0.1372812,0.1395161,0.3035375,0.2129363,0.4579464,0.2528196,0.3739462,0.2431889,0.3920988,0.2500955,0.277154,0.2240666,0.2570571,0.2350642,0.2554711,0.2275588,0.1758799,0.1793213,0.1825969,0.158465,0.1844619,0.1669065,0.268665,0.223252,0.1583319,0.1617802,0.1427685,0.1467214,0.1415669,0.1494672,0.1392977,0.1497186,0.4310137,0.2619175,0.5153561,0.259288,0.3881786,0.265861,0.4423015,0.2532482,0.344263,0.2734014,0.1562496,0.1357115,0.1816743,0.1805853,0.143168,0.126957,0.1295882,0.1418599,0.193685,0.1471659,0.2033677,0.1593149,0.134856,0.1425312,0.3206783,0.2692357,0.2275715,0.1698617,0.1705606,0.1821968,0.1773972,0.1345427,0.2198025,0.1878805,0.2026633,0.1640245,0.2144297,0.2246223,0.2940901,0.2043714,0.2258116,0.1631161,0.1467119,0.1675783
0.181187,0.2618049,0.1404305,0.171725,0.1788338,0.2222953,0.1678923,0.391313,0.1748808,0.2709944,0.2481881,0.1743336,0.223621,0.1726517,0.2024473,0.1459618,0.1846646,0.1367693,0.1563535,0.1864331,0.3326796,0.2528196,0.4499783,0.2209445,0.3562227,0.2245483,0.2691211,0.1975711,0.2787745,0.2056889,0.227508,0.1922889,0.223993,0.1746373,0.2622001,0.1460547,0.323624,0.1625424,0.255732,0.1851573,0.3718884,0.1953254,0.2346465,0.1577336,0.1578213,0.1356291,0.1521534,0.137582,0.1420084,0.2834899,0.3949171,0.2304046,0.525912,0.2459335,0.3599924,0.2531027,0.494034,0.3386489,0.4116369,0.1365507,0.1274893,0.1835252,0.2546332,0.1481739,0.1700811,0.1287635,0.1333945,0.1720219,0.17836,0.1743941,0.1689419,0.1354786,0.1550984,0.2633089,0.3411742,0.1822446,0.2905976,0.1601321,0.1718132,0.1400171,0.2214266,0.1943882,0.2687922,0.1642638,0.2704613,0.1656712,0.3051654,0.2245873,0.3413402,0.1675618,0.2927774,0.1804218,0.2103942
0.1761873,0.1709379,0.1312706,0.1200565,0.1398084,0.1388711,0.1396156,0.2059676,0.162285,0.1167092,0.1210246,0.2370416,0.1947619,0.2001658,0.1751067,0.1327131,0.1294873,0.1331501,0.1242935,0.3594528,0.1867185,0.3739462,0.2209445,0.3891034,0.2129111,0.2827291,0.2070238,0.3068279,0.208572,0.2868826,0.2252218,0.2772955,0.2245674,0.1512513,0.1579193,0.1934365,0.1506755,0.1564145,0.1488928,0.2395675,0.1964432,0.1357869,0.1376747,0.1290285,0.1288982,0.1384908,0.1314924,0.1369083,0.1280472,0.3211153,0.2413666,0.3979131,0.2392414,0.261545,0.2138779,0.3178084,0.222919,0.2499188,0.189829,0.1329953,0.1266912,0.1565151,0.1517245,0.1444833,0.1235278,0.1291425,0.1242861,0.1772971,0.1410441,0.216664,0.1537898,0.1297342,0.1266018,0.2198286,0.1812497,0.238994,0.1559202,0.1841364,0.1751668,0.1637454,0.1270894,0.1680893,0.1665338,0.1587251,0.1464521,0.2163118,0.1768811,0.2113647,0.1638819,0.1718914,0.1457463,0.1344209,0.1394612
0.1690535,0.1890636,0.144968,0.1353241,0.1574064,0.1757606,0.1625612,0.2074796,0.1458445,0.1918355,0.1801116,0.1892063,0.2491803,0.1630127,0.1836879,0.1595181,0.1520388,0.1291326,0.14161,0.1767233,0.3431926,0.2431889,0.3562227,0.2129111,0.4277139,0.2390986,0.2648303,0.1762591,0.3022664,0.1814786,0.2595133,0.1912115,0.2364441,0.1556664,0.1667474,0.1676225,0.2014531,0.1501622,0.1689137,0.1832957,0.284169,0.1564037,0.1695886,0.142238,0.1359257,0.1348477,0.1432849,0.1315762,0.1408696,0.2275546,0.3157468,0.2457144,0.3793373,0.2042755,0.3010879,0.2165164,0.2970364,0.2162355,0.2529516,0.124801,0.1264076,0.1463182,0.1722208,0.133661,0.1343481,0.1270762,0.1200627,0.1490186,0.1569284,0.1441243,0.1703794,0.1338173,0.1391841,0.2352108,0.2524689,0.162677,0.2440101,0.1442111,0.1752491,0.1373288,0.1608577,0.1722971,0.1765978,0.1585176,0.1776237,0.1743052,0.2183529,0.1989259,0.244769,0.1732468,0.189292,0.1378375,0.1447065
0.2026906,0.2516974,0.1329526,0.1308745,0.1663919,0.1645381,0.1986497,0.1896509,0.1412275,0.1714244,0.173556,0.3202807,0.2696569,0.2233961,0.2104398,0.1864408,0.1723687,0.1532397,0.1478525,0.2207093,0.1969967,0.3920988,0.2245483,0.2827291,0.2390986,0.5031605,0.3930398,0.2587846,0.227345,0.2783765,0.2406536,0.3199016,0.2799623,0.1947108,0.1944995,0.1519624,0.1622392,0.2123098,0.1942133,0.2580261,0.2274095,0.1610568,0.1671132,0.1470294,0.1456762,0.150144,0.1563754,0.1591636,0.1575686,0.4701588,0.2153891,0.3894186,0.2487282,0.484623,0.3114247,0.4029914,0.2383152,0.3141895,0.2792176,0.1883541,0.1499642,0.2219213,0.2085021,0.1467184,0.1351126,0.1354512,0.1537673,0.1898538,0.1520725,0.2092006,0.1703177,0.1404923,0.1431392,0.4329188,0.3496495,0.2282149,0.1494845,0.192008,0.2041011,0.1626657,0.1369357,0.2454208,0.1910354,0.2064185,0.1620295,0.2164898,0.2488784,0.300715,0.2059505,0.2031064,0.156577,0.1851742,0.2157266
0.1711151,0.1921502,0.1379837,0.1453317,0.1663097,0.1737245,0.1644291,0.206593,0.1805228,0.1831251,0.1757096,0.2856537,0.3095718,0.1629452,0.1739557,0.1549228,0.1767891,0.1393954,0.1449983,0.1921574,0.2035674,0.2500955,0.2691211,0.2070238,0.2648303,0.3930398,0.4690818,0.205165,0.2311323,0.2288213,0.2396682,0.2767261,0.3010632,0.1647953,0.2013764,0.1408421,0.1797072,0.1822656,0.232724,0.1845606,0.227339,0.1642494,0.184265,0.1502101,0.1590363,0.1578869,0.1491404,0.1531792,0.1482343,0.2272112,0.3731922,0.235335,0.2746417,0.2953659,0.4332909,0.2274608,0.2598091,0.2013954,0.2217633,0.1673203,0.1524674,0.1924048,0.2192663,0.1556253,0.1534372,0.1435716,0.1462879,0.1790646,0.1552629,0.1998757,0.1629723,0.1392314,0.1424967,0.355088,0.3970895,0.1652978,0.185819,0.1728211,0.179408,0.1498166,0.1583625,0.1824004,0.1950301,0.1657029,0.1813009,0.1833177,0.2104951,0.25107,0.2152662,0.1710591,0.1734172,0.2008428,0.2143436
0.1574464,0.1750196,0.13155,0.1266818,0.1383397,0.1302476,0.1283852,0.1831543,0.1527933,0.1132829,0.1192103,0.2504356,0.1939044,0.2048725,0.1805852,0.136438,0.1432263,0.1355125,0.1220745,0.2611498,0.1640022,0.277154,0.1975711,0.3068279,0.1762591,0.2587846,0.205165,0.3256925,0.1913372,0.3018532,0.2038691,0.2794894,0.2158387,0.1530855,0.1556777,0.1700821,0.1578735,0.1523765,0.1505206,0.2042688,0.182238,0.1410361,0.1308434,0.1331865,0.1262884,0.1407731,0.1262166,0.1415316,0.1246889,0.3185334,0.2198672,0.2583557,0.2152425,0.2518592,0.2071991,0.2510423,0.2186074,0.2012363,0.194824,0.1481326,0.1261685,0.1569411,0.1559909,0.1437107,0.1325579,0.1345725,0.1338454,0.1881443,0.1423507,0.2366452,0.1498325,0.1321386,0.1267621,0.2191785,0.2036573,0.2273304,0.1484787,0.2088747,0.1754705,0.14448,0.1299258,0.166249,0.161272,0.1528228,0.1434474,0.1789087,0.1847684,0.1837401,0.1718759,0.1578322,0.1474251,0.1444414,0.1484099
0.1658187,0.1784643,0.1372136,0.1320754,0.1429555,0.1560386,0.1589867,0.1873627,0.1293193,0.1637793,0.1586943,0.1880755,0.2370565,0.1699516,0.1892985,0.1488492,0.1422264,0.1264489,0.1334361,0.1833327,0.2525639,0.2240666,0.2787745,0.208572,0.3022664,0.227345,0.2311323,0.1913372,0.31079,0.2072567,0.2668029,0.2065952,0.2526795,0.1515136,0.1603951,0.1597789,0.1534361,0.1503482,0.1615348,0.180478,0.2187782,0.1419259,0.1513578,0.1389367,0.1334655,0.1318554,0.1301405,0.1286811,0.132979,0.2418894,0.2779854,0.2278388,0.3032759,0.2078929,0.2428754,0.2112918,0.2721691,0.2060924,0.2244118,0.1371068,0.135589,0.1497365,0.1618097,0.1380208,0.1390472,0.1317523,0.1381439,0.1574248,0.155704,0.1617898,0.1874692,0.1362434,0.1401903,0.2085291,0.2211341,0.1710619,0.1785022,0.1642742,0.1988812,0.1417909,0.1436465,0.1688239,0.1683968,0.1572979,0.151657,0.1708986,0.1913398,0.178911,0.1882602,0.1660805,0.1536698,0.1352083,0.1371188
0.1712502,0.1730134,0.1330832,0.1242928,0.1333341,0.1269372,0.1411767,0.172754,0.1304004,0.1240492,0.1275983,0.2706648,0.205934,0.230579,0.1986888,0.1492901,0.1386146,0.1331348,0.1209749,0.2563512,0.1608916,0.2570571,0.2056889,0.2868826,0.1814786,0.2783765,0.2288213,0.3018532,0.2072567,0.3269908,0.2003957,0.3136476,0.2396203,0.1588394,0.1535914,0.1486049,0.1488544,0.154744,0.1488598,0.2088597,0.1813017,0.1372155,0.1290019,0.1359249,0.1267134,0.1354142,0.1259787,0.1360717,0.1236676,0.3289461,0.2068725,0.238505,0.24403,0.249553,0.2068764,0.2392523,0.2278574,0.1997626,0.2010655,0.1620093,0.1335357,0.1558019,0.155164,0.1443906,0.1310195,0.1356883,0.1325074,0.173521,0.1447293,0.2244545,0.1523173,0.1374177,0.1279911,0.2206136,0.2040374,0.2144808,0.1374098,0.2442579,0.1974028,0.1454406,0.1283245,0.1689988,0.1624114,0.1532515,0.1430854,0.1831206,0.1758656,0.1744908,0.160206,0.1511796,0.1439029,0.136486,0.1415466
0.1821789,0.1850352,0.1307156,0.1301092,0.1415948,0.1481538,0.1697096,0.177726,0.1402725,0.1413063,0.1413746,0.2134274,0.2592984,0.1769454,0.1976441,0.1502494,0.1463588,0.122965,0.1294186,0.1929678,0.2229216,0.2350642,0.227508,0.2252218,0.2595133,0.2406536,0.2396682,0.2038691,0.2668029,0.2003957,0.3053252,0.2267208,0.2832905,0.1596313,0.1575795,0.1573138,0.1351166,0.1565402,0.1572004,0.1829738,0.19693,0.1469336,0.1476525,0.1448284,0.1380372,0.1308538,0.1302724,0.1291438,0.131777,0.2181745,0.2904406,0.2592787,0.2145587,0.2139015,0.2423621,0.2325619,0.2154326,0.1949568,0.1816956,0.150879,0.1539155,0.1551978,0.1559653,0.1344055,0.1426222,0.1323937,0.1421905,0.1541107,0.1536267,0.1664602,0.1886151,0.1368529,0.1391114,0.2081159,0.2028336,0.1572946,0.1610552,0.1889602,0.2251625,0.1435792,0.1352812,0.1720441,0.1577143,0.1582212,0.141142,0.1897698,0.1831049,0.1734852,0.1689892,0.1607832,0.1351752,0.1417828,0.135975
0.1747901,0.162504,0.1369363,0.1275451,0.1357162,0.1304868,0.1758714,0.1554206,0.1334284,0.1260436,0.1296629,0.3315639,0.2642968,0.2213758,0.2085458,0.1432446,0.1326533,0.1282178,0.1226168,0.2413197,0.1649436,0.2554711,0.1922889,0.2772955,0.1912115,0.3199016,0.2767261,0.2794894,0.2065952,0.3136476,0.2267208,0.366948,0.3044865,0.1639544,0.1518939,0.1430966,0.1322877,0.1562226,0.1520664,0.2025899,0.1759757,0.1428971,0.133075,0.1362329,0.1287435,0.1314283,0.1305497,0.135646,0.1273515,0.3075408,0.2101638,0.2606097,0.2176739,0.2914034,0.2365029,0.2651807,0.2038967,0.2048273,0.1844812,0.148694,0.1373937,0.1578096,0.1542474,0.1547518,0.1380305,0.1395573,0.1413758,0.1761427,0.1522626,0.2203221,0.170767,0.1388904,0.1309337,0.2630141,0.2377934,0.189301,0.1316194,0.237345,0.2098652,0.1486868,0.1283899,0.1773336,0.152288,0.1582324,0.1355235,0.1893275,0.1673642,0.180419,0.1526415,0.1495242,0.1323921,0.1420652,0.1479126
0.1529955,0.1469256,0.1340124,0.1265414,0.1371259,0.1354167,0.1479057,0.1729827,0.1458392,0.1279622,0.1297212,0.2726764,0.3201331,0.1901932,0.2075085,0.1335701,0.1294124,0.1242533,0.1240826,0.1932678,0.1927802,0.2275588,0.223993,0.2245674,0.2364441,0.2799623,0.3010632,0.2158387,0.2526795,0.2396203,0.2832905,0.3044865,0.352961,0.1547785,0.1568615,0.1479319,0.121365,0.1657729,0.1613829,0.1756125,0.1799529,0.1437906,0.1406593,0.1400359,0.1405096,0.1314784,0.1298169,0.1308328,0.1255457,0.2275068,0.2658727,0.24929,0.2414733,0.2375411,0.2600159,0.2158344,0.2144067,0.1852777,0.1709029,0.140218,0.1426958,0.1721928,0.1583669,0.1509282,0.1330359,0.1401497,0.1436772,0.1775026,0.1439628,0.1992273,0.1618191,0.1413257,0.1394112,0.231544,0.2361087,0.165398,0.1404742,0.2200675,0.2179605,0.1553611,0.1277464,0.172261,0.1550171,0.1563415,0.1366693,0.1599357,0.1612291,0.1725437,0.1544916,0.1567028,0.1313563,0.1486944,0.1413341
0.475244,0.2835922,0.2015777,0.1707769,0.2893433,0.2771537,0.4511584,0.2498009,0.2741067,0.2790735,0.2559654,0.1752771,0.1497495,0.1989574,0.1982743,0.2883489,0.2661304,0.1996037,0.2146597,0.174698,0.1498364,0.1758799,0.1746373,0.1512513,0.1556664,0.1947108,0.1647953,0.1530855,0.1515136,0.1588394,0.1596313,0.1639544,0.1547785,0.4254336,0.2556231,0.3221594,0.2304615,0.4127685,0.255351,0.3378171,0.2197161,0.3903259,0.2711952,0.3866505,0.256034,0.227248,0.191237,0.2055862,0.1949126,0.217593,0.1542312,0.1664261,0.1645835,0.2483837,0.188195,0.2713258,0.2157746,0.2859898,0.2362152,0.1407413,0.1451937,0.4458939,0.2728065,0.1624693,0.1628465,0.1657511,0.1481916,0.16607,0.1549137,0.1515845,0.162144,0.2013882,0.2055221,0.2092038,0.1828979,0.218808,0.1668797,0.1568435,0.1730628,0.2052686,0.157779,0.3889838,0.2642711,0.3416896,0.2404464,0.3860755,0.2733942,0.2922798,0.210739,0.2977984,0.1944198,0.4120294,0.281543
0.2900767,0.4248169,0.154501,0.1923041,0.2359775,0.2829725,0.2764346,0.4588562,0.3751877,0.3366895,0.3282185,0.1661775,0.1580281,0.1862152,0.2017744,0.1904699,0.2312168,0.1667754,0.1971309,0.15047,0.1977237,0.1793213,0.2622001,0.1579193,0.1667474,0.1944995,0.2013764,0.1556777,0.1603951,0.1535914,0.1575795,0.1518939,0.1568615,0.2556231,0.3917581,0.1700694,0.3468273,0.2533058,0.3913064,0.2122366,0.3126057,0.2748279,0.3461188,0.2607641,0.3196852,0.1942322,0.2159417,0.1707032,0.2017785,0.2156131,0.2162842,0.1753985,0.2538323,0.2362637,0.24315,0.2648329,0.3070629,0.3211424,0.3245149,0.1610899,0.1430164,0.2488169,0.3817138,0.1425326,0.1640869,0.1368715,0.1539283,0.1444396,0.1695029,0.1491514,0.1611138,0.156888,0.1953369,0.2241604,0.238638,0.1644166,0.2301721,0.1603771,0.1593755,0.1576827,0.2035844,0.2581176,0.3649648,0.2315361,0.3269229,0.243052,0.3637744,0.2225146,0.3060381,0.1768679,0.2892783,0.2787438,0.3290018
0.3592774,0.2008301,0.2710916,0.1352062,0.2056204,0.2015422,0.4235364,0.1280975,0.138365,0.1672498,0.162247,0.1872766,0.1601204,0.1568269,0.1439937,0.229774,0.1760338,0.1577981,0.1646207,0.3063063,0.1624796,0.1825969,0.1460547,0.1934365,0.1676225,0.1519624,0.1408421,0.1700821,0.1597789,0.1486049,0.1573138,0.1430966,0.1479319,0.3221594,0.1700694,0.509392,0.151984,0.3057595,0.181704,0.361446,0.1701185,0.2813935,0.178801,0.3066586,0.1985113,0.2018949,0.1326199,0.1747941,0.1450616,0.1725142,0.181689,0.2014681,0.1422172,0.1941231,0.1510569,0.2496656,0.1530006,0.2175652,0.2127036,0.1450681,0.1392568,0.3324666,0.1788707,0.1916474,0.1298563,0.1536836,0.1340668,0.2329814,0.1342396,0.1911082,0.1391391,0.1693325,0.1617882,0.1677812,0.1627135,0.4341871,0.155084,0.1474534,0.1420664,0.1888366,0.1200134,0.2963557,0.1903608,0.3487738,0.1567874,0.303717,0.1924732,0.2617967,0.1616688,0.4504848,0.1363332,0.3068948,0.1971578
0.2903337,0.4945947,0.1332417,0.2031937,0.2078399,0.2887568,0.1968785,0.4571069,0.1655566,0.3710743,0.3673335,0.1539695,0.1529513,0.1733777,0.1971255,0.1690121,0.2338026,0.1366676,0.1732197,0.171181,0.3001664,0.158465,0.323624,0.1506755,0.2014531,0.1622392,0.1797072,0.1578735,0.1534361,0.1488544,0.1351166,0.1322877,0.121365,0.2304615,0.3468273,0.151984,0.4823157,0.2014163,0.3129196,0.1796334,0.3952271,0.257638,0.2988813,0.2480113,0.2683832,0.1497307,0.1714138,0.1290709,0.1543822,0.2140453,0.2332391,0.144046,0.3226764,0.2092586,0.2662153,0.2463997,0.4009966,0.3399485,0.4193261,0.1504265,0.1435061,0.2185001,0.3027783,0.1199573,0.1886117,0.1169849,0.1441977,0.1440703,0.208808,0.1473682,0.1844444,0.136473,0.1849092,0.2261934,0.2785575,0.1642835,0.3932293,0.1554264,0.1537584,0.1649543,0.2445702,0.232152,0.3696197,0.1919951,0.381497,0.2295553,0.3946986,0.2382131,0.3444277,0.1591097,0.4077193,0.2326931,0.2382483
0.486925,0.2784592,0.1951132,0.1704031,0.2831279,0.2763832,0.4226505,0.2012966,0.2877471,0.2699592,0.2369842,0.1705251,0.1605979,0.1960474,0.196437,0.2498487,0.2555451,0.2249773,0.2301702,0.1863915,0.1404799,0.1844619,0.1625424,0.1564145,0.1501622,0.2123098,0.1822656,0.1523765,0.1503482,0.154744,0.1565402,0.1562226,0.1657729,0.4127685,0.2533058,0.3057595,0.2014163,0.4712392,0.2670953,0.3536961,0.2171009,0.3671827,0.2769881,0.3518128,0.2639621,0.221356,0.1959566,0.2287941,0.1993316,0.2118118,0.1582902,0.1885105,0.14642,0.2187279,0.1912777,0.2225538,0.1957072,0.2439478,0.2277285,0.1307498,0.1459288,0.5333982,0.2866676,0.1653187,0.1600278,0.1786061,0.1515374,0.1841388,0.1473932,0.1660384,0.147128,0.2096033,0.2161133,0.2047855,0.1855963,0.237766,0.1575322,0.1593557,0.1676271,0.2004977,0.1493606,0.3820819,0.2578073,0.3268734,0.2368789,0.373771,0.2754475,0.2902183,0.2114209,0.2973941,0.1781448,0.5070935,0.326068
0.291865,0.4273683,0.1574911,0.1845482,0.2368595,0.2645373,0.2724391,0.4012688,0.3802308,0.2992288,0.2769537,0.1721222,0.1656325,0.1779098,0.2048476,0.1870544,0.2224036,0.1648103,0.1936403,0.1423522,0.1947053,0.1669065,0.255732,0.1488928,0.1689137,0.1942133,0.232724,0.1505206,0.1615348,0.1488598,0.1572004,0.1520664,0.1613829,0.255351,0.3913064,0.181704,0.3129196,0.2670953,0.4329079,0.2063134,0.3068574,0.285145,0.3340988,0.2702855,0.3112014,0.2027281,0.1973265,0.171451,0.1962255,0.1924878,0.2252849,0.1567927,0.2387193,0.213718,0.2512635,0.2321275,0.2848643,0.2703013,0.2818293,0.1697184,0.1437886,0.2572764,0.4164324,0.1510996,0.168626,0.1354821,0.1547642,0.1456504,0.1717954,0.1505416,0.1590449,0.1546314,0.1870393,0.219906,0.2348891,0.1577647,0.2368456,0.1614861,0.1575428,0.1595697,0.2000448,0.2515385,0.3625389,0.2389392,0.304275,0.2451392,0.3464862,0.2112622,0.2885269,0.181799,0.267981,0.302984,0.3918678
0.4564415,0.2608442,0.2019445,0.1429755,0.2208626,0.2193466,0.4387345,0.2118625,0.140198,0.195674,0.1857371,0.2104115,0.1712494,0.2181055,0.1954678,0.2432309,0.2140385,0.1727922,0.183377,0.282431,0.1623132,0.268665,0.1851573,0.2395675,0.1832957,0.2580261,0.1845606,0.2042688,0.180478,0.2088597,0.1829738,0.2025899,0.1756125,0.3378171,0.2122366,0.361446,0.1796334,0.3536961,0.2063134,0.4005549,0.2072556,0.2872871,0.2054894,0.2905257,0.2035727,0.1811656,0.1626793,0.1772083,0.1679918,0.298536,0.1845528,0.2593544,0.1924313,0.2957387,0.1961718,0.333842,0.2109305,0.323354,0.2509225,0.143018,0.1412893,0.3749464,0.2246827,0.1733978,0.1406493,0.155486,0.1451809,0.1928927,0.1476333,0.1851862,0.1559466,0.1788965,0.1792655,0.2416948,0.1955816,0.3064573,0.1456661,0.167939,0.1770472,0.1797616,0.1323511,0.3175443,0.2296426,0.3045435,0.1956506,0.3741529,0.2411795,0.3012078,0.1935789,0.3171623,0.1619419,0.3496354,0.2504159
0.2704594,0.4437961,0.1381716,0.1830359,0.199132,0.2501154,0.2429561,0.3932244,0.2309046,0.2912475,0.2752738,0.1825899,0.1905496,0.1972888,0.2380031,0.1733481,0.2177459,0.1555146,0.1773935,0.1723097,0.3279745,0.223252,0.3718884,0.1964432,0.284169,0.2274095,0.227339,0.182238,0.2187782,0.1813017,0.19693,0.1759757,0.1799529,0.2197161,0.3126057,0.1701185,0.3952271,0.2171009,0.3068574,0.2072556,0.416328,0.2340794,0.2738901,0.2117583,0.2110755,0.1631379,0.1582654,0.1607614,0.1617316,0.2696922,0.2929627,0.2091635,0.3891447,0.2301487,0.2990574,0.2688273,0.4316487,0.3353601,0.42106,0.1574895,0.1412165,0.2369971,0.3071274,0.1378645,0.1834141,0.1351945,0.1445231,0.1570123,0.1952998,0.1630912,0.1850557,0.145506,0.1748054,0.2388738,0.2828821,0.1754452,0.3010419,0.1662168,0.1785492,0.1470717,0.2270661,0.2209907,0.3115514,0.1915703,0.2968869,0.2265055,0.3894869,0.2184075,0.329375,0.1727116,0.2969083,0.2606884,0.2808577
0.4043484,0.2905484,0.1748525,0.1889198,0.3425932,0.3330493,0.4538328,0.260934,0.3461656,0.3554767,0.3223501,0.1577391,0.1471987,0.1902534,0.204896,0.2655661,0.2557311,0.211,0.2458876,0.1432778,0.1663953,0.1583319,0.1953254,0.1357869,0.1564037,0.1610568,0.1642494,0.1410361,0.1419259,0.1372155,0.1469336,0.1428971,0.1437906,0.3903259,0.2748279,0.2813935,0.257638,0.3671827,0.285145,0.2872871,0.2340794,0.4277526,0.319597,0.4052102,0.3011883,0.2336287,0.2097725,0.2023696,0.2084986,0.1720808,0.1701348,0.1358737,0.1719604,0.2284953,0.2112284,0.2436182,0.2318693,0.3014526,0.2617264,0.1536694,0.162826,0.4118862,0.2928082,0.153533,0.1808941,0.1694011,0.1610719,0.1478932,0.1666644,0.1382309,0.1692065,0.2150083,0.2254764,0.2063508,0.2061701,0.1885857,0.1925119,0.1499236,0.16103,0.1878123,0.1767925,0.3427593,0.2812253,0.301002,0.2724547,0.3087339,0.2833274,0.2838571,0.2203728,0.2525944,0.2207844,0.4002034,0.3167753
0.2722424,0.3472112,0.1492219,0.1948599,0.3007613,0.3674898,0.3108614,0.3549535,0.3831942,0.4698178,0.438619,0.1477432,0.1524576,0.1815523,0.2036884,0.2157897,0.253544,0.1990211,0.2491183,0.1314024,0.1957892,0.1617802,0.2346465,0.1376747,0.1695886,0.1671132,0.184265,0.1308434,0.1513578,0.1290019,0.1476525,0.133075,0.1406593,0.2711952,0.3461188,0.178801,0.2988813,0.2769881,0.3340988,0.2054894,0.2738901,0.319597,0.3827071,0.2910987,0.3227809,0.2051356,0.2353774,0.1884729,0.2339509,0.1546085,0.1876013,0.1499532,0.2055949,0.2051597,0.2311378,0.2139863,0.2568749,0.2954454,0.3017542,0.1461711,0.1541967,0.2938609,0.3360039,0.1408523,0.1725102,0.1457654,0.1594808,0.1360302,0.1662805,0.1303838,0.1622943,0.1842315,0.2251897,0.2206092,0.232366,0.1512557,0.2179095,0.151411,0.1573246,0.155672,0.195748,0.2535018,0.3044505,0.2251525,0.304035,0.2204137,0.3152681,0.2300296,0.2618151,0.1779923,0.2568078,0.3220617,0.3317246
