0.5215028,0.3937435,0.308086,0.3009292,0.3788071,0.3300539,0.3054802,0.567136,0.3576571,0.4705813,0.3178958,0.4034978,0.44357,0.3969776,0.3770235,0.4330996,0.3484591,0.2900405,0.298441,0.3079637,0.2942388,0.5138621,0.3643768,0.3508645,0.3050438,0.5193529,0.58275,0.3481234,0.3619325,0.3700136,0.3668978,0.3967444,0.383572,0.4898135,0.3742078,0.3893448,0.2429609,0.6068262,0.4542423,0.4933924,0.3704904,0.4680762,0.3325575,0.3132564,0.3180603,0.3503489,0.3141751,0.283327,0.2745597,0.5157183,0.497155,0.5428572,0.4188254,0.5445011,0.5582302,0.5697749,0.4752775,0.5207567,0.5496587,0.2933748,0.3460711,0.5911909,0.5149342,0.2857774,0.2921185,0.3142351,0.3374352,0.3057056,0.312006,0.3081482,0.3218844,0.3903462,0.3668883,0.5177115,0.5287493,0.3541987,0.2880102,0.3074628,0.3007948,0.3189211,0.293968,0.505403,0.3702073,0.3935596,0.3310192,0.6383331,0.5459625,0.5872216,0.5045688,0.3836418,0.3106551,0.5525938,0.5194516
0.3937435,0.4810355,0.2572756,0.2556784,0.3199734,0.3215087,0.3528531,0.4398141,0.3438834,0.3890527,0.3265539,0.3307294,0.3544205,0.3159866,0.3157575,0.3497275,0.3160586,0.2608749,0.2709838,0.2519989,0.2770143,0.3714598,0.3694757,0.2825519,0.2956538,0.4125344,0.4165159,0.2945369,0.3069898,0.3195809,0.3075424,0.3321984,0.3167292,0.3712478,0.3691644,0.2849115,0.2615042,0.3936267,0.4786239,0.3362201,0.3898883,0.3806614,0.3314106,0.2753198,0.3060346,0.2772919,0.2717624,0.2492244,0.2593819,0.3970457,0.4033453,0.4063218,0.3845282,0.4144419,0.4531057,0.4091523,0.4516939,0.3955732,0.503509,0.2689173,0.2880955,0.4131564,0.4247092,0.2538355,0.2609223,0.2619535,0.2709593,0.2661019,0.266048,0.2752405,0.2750615,0.305258,0.3061895,0.4096669,0.4459352,0.2650335,0.292179,0.2836918,0.2768264,0.2794629,0.2496006,0.363084,0.3798195,0.2910908,0.3324222,0.4538088,0.4706837,0.4047048,0.4139188,0.296735,0.2878625,0.3624917,0.3802746
0.308086,0.2572756,0.4492576,0.2441449,0.26803,0.2539766,0.2336038,0.2896265,0.234929,0.2662147,0.2202212,0.2508218,0.2727496,0.2665431,0.2699216,0.3014514,0.2811372,0.2900835,0.2657936,0.2530615,0.2431427,0.286052,0.2620505,0.2505794,0.2482029,0.2828044,0.3029312,0.2406414,0.2691449,0.248616,0.2669238,0.2565694,0.2595266,0.2969418,0.2524191,0.347814,0.2284973,0.3241624,0.2696181,0.2958929,0.2496132,0.2831308,0.2416685,0.2697076,0.249426,0.3172885,0.2475951,0.2704377,0.2387219,0.2882831,0.2936889,0.2998205,0.3003883,0.2918613,0.2983739,0.2989848,0.2838379,0.2864749,0.2967667,0.2467745,0.2602015,0.3247582,0.2893379,0.348298,0.2430846,0.3062387,0.2699631,0.2662131,0.2517647,0.2437786,0.2564321,0.3236294,0.2935144,0.2797084,0.2869689,0.2802187,0.240233,0.2461221,0.250018,0.3357545,0.2444289,0.2960408,0.2465106,0.316182,0.2400561,0.3195573,0.2945165,0.3004545,0.2870742,0.3020815,0.2452413,0.2990081,0.2944407
0.3009292,0.2556784,0.2441449,0.4044707,0.2562808,0.264249,0.2365447,0.2937872,0.2616985,0.2823129,0.2642756,0.2538338,0.2654991,0.2716295,0.2734103,0.2850732,0.2873901,0.248043,0.2799709,0.240226,0.2525067,0.2832555,0.2456454,0.2498952,0.2399473,0.2809016,0.2925251,0.2465561,0.2613494,0.2561287,0.2555173,0.256239,0.2556427,0.2761511,0.2620721,0.2506454,0.2540441,0.3001589,0.2747561,0.2789872,0.2557326,0.2778859,0.2607137,0.24058,0.2639708,0.2455837,0.3095591,0.237505,0.302377,0.2803821,0.2785643,0.2872326,0.2625496,0.2876815,0.2899827,0.2947006,0.2709826,0.2890782,0.2940945,0.265091,0.2943859,0.3002063,0.2830985,0.2419131,0.3656841,0.2640185,0.3471454,0.250575,0.3105344,0.2424885,0.2963703,0.2952568,0.3169742,0.2838308,0.2831624,0.2461819,0.2739288,0.2510537,0.2407663,0.2511226,0.3447289,0.2753613,0.2587615,0.256972,0.2717975,0.310319,0.2875575,0.2985287,0.2768936,0.2575014,0.2719405,0.2941432,0.2823199
0.3788071,0.3199734,0.26803,0.2562808,0.429701,0.3558997,0.2628831,0.5135239,0.3605103,0.5060205,0.31744,0.3247997,0.3433093,0.2953878,0.2928298,0.3279571,0.3023805,0.3346811,0.3176365,0.2467992,0.2557061,0.3714075,0.3033829,0.2796232,0.2720372,0.376905,0.4143586,0.2926636,0.2911674,0.3022738,0.3000277,0.320697,0.3128698,0.3848992,0.3219142,0.3062838,0.2396255,0.3962535,0.3752253,0.3350592,0.319022,0.4320526,0.3359467,0.3306335,0.2984513,0.3195653,0.2780659,0.3122099,0.278485,0.3703435,0.3717732,0.3920644,0.3183116,0.3813508,0.4104483,0.394473,0.3610349,0.3455406,0.4292793,0.2452912,0.2681639,0.4065066,0.4040471,0.2567527,0.2710028,0.2792123,0.2864551,0.2497795,0.2544654,0.251146,0.2530394,0.3338978,0.3256448,0.3620941,0.3921344,0.261086,0.2532166,0.271807,0.2672113,0.2641135,0.2473549,0.3616523,0.3067191,0.2999916,0.2888638,0.4368253,0.4040694,0.3987836,0.3808406,0.2988258,0.2675315,0.3896822,0.4184634
0.3300539,0.3215087,0.2539766,0.264249,0.3558997,0.4021968,0.2759586,0.4049701,0.4033543,0.3919742,0.3800418,0.3035521,0.3092996,0.2699227,0.2737491,0.294175,0.3144615,0.2900773,0.3494776,0.2451928,0.2494979,0.3242887,0.2818264,0.2698835,0.2551159,0.3315602,0.3516773,0.2748477,0.271722,0.2797693,0.2728596,0.2925795,0.2820472,0.31387,0.3393128,0.2758752,0.2619933,0.3360675,0.3461113,0.303286,0.3031298,0.3406934,0.3857089,0.266847,0.3443629,0.2630833,0.2968298,0.2565433,0.3161938,0.3215554,0.3245533,0.3336127,0.2839962,0.3301061,0.3554258,0.3340069,0.3269348,0.3144835,0.3825439,0.233438,0.255049,0.3391849,0.3604052,0.2381109,0.2688611,0.2529277,0.2752962,0.23466,0.253827,0.2415463,0.2526809,0.2881625,0.3206681,0.3241727,0.3492034,0.2477729,0.2576508,0.259947,0.2555135,0.2482322,0.249,0.3080328,0.3038076,0.2731046,0.2868076,0.3625742,0.3564633,0.339099,0.3329292,0.2730101,0.2631524,0.3260871,0.369471
0.3054802,0.3528531,0.2336038,0.2365447,0.2628831,0.2759586,0.267286,0.2405989,0.272232,0.2638699,0.2693151,0.2551762,0.2542159,0.2321513,0.2312059,0.2390473,0.2600455,0.257827,0.253921,0.3015202,0.2324522,0.2974818,0.2564324,0.2943898,0.2293701,0.2414781,0.2196985,0.2787851,0.2386228,0.2472624,0.2358983,0.2496509,0.2346941,0.2389467,0.3087728,0.2418369,0.2751413,0.258889,0.3304143,0.2975332,0.2774675,0.2560369,0.2861454,0.2303015,0.2922578,0.2264808,0.2632201,0.2290536,0.2354257,0.2436337,0.2384416,0.2745603,0.2236298,0.2902577,0.247629,0.2865037,0.2620343,0.4370166,0.2853681,0.2172259,0.2058335,0.2605128,0.2930991,0.2206366,0.2318797,0.2204282,0.2291276,0.225724,0.2287639,0.2390537,0.213508,0.2377116,0.2536018,0.2890183,0.2600598,0.2478765,0.265532,0.2389266,0.2278514,0.2290623,0.2451622,0.2324844,0.2928334,0.2246448,0.2671873,0.2475976,0.2729895,0.2317464,0.2478632,0.2274044,0.2526506,0.2626564,0.2460644
0.567136,0.4398141,0.2896265,0.2937872,0.5135239,0.4049701,0.2405989,0,0.4934838,0.8673108,0.4014049,0.4784449,0.5258436,0.4147094,0.4189775,0.4428988,0.3829965,0.313365,0.3508153,0.2885854,0.3206287,0.5682361,0.4227158,0.356269,0.3481143,0.5945907,0.67878,0.3891181,0.3965492,0.4210664,0.4111574,0.4656758,0.4458652,0.5362774,0.4204595,0.4062408,0.2624297,0.5645654,0.5531318,0.4719642,0.4487442,0.6055207,0.3908773,0.3435434,0.351911,0.3245426,0.3494858,0.2863641,0.3163052,0.588106,0.581022,0.6260985,0.4380101,0.6082428,0.6738653,0.6353967,0.5576803,0.4985373,0.7147008,0.3128133,0.3714516,0.5873987,0.6316059,0.2738186,0.3191126,0.3054991,0.345069,0.3038828,0.3104222,0.3194538,0.3207421,0.4114545,0.3979344,0.55976,0.6231964,0.3253666,0.3018944,0.3552239,0.3396499,0.3267199,0.2860719,0.5306157,0.4201063,0.3829046,0.3837787,0.7474992,0.6673915,0.6606997,0.6084163,0.4234874,0.3391375,0.5230905,0.6305735
0.3576571,0.3438834,0.234929,0.2616985,0.3605103,0.4033543,0.272232,0.4934838,0.5693921,0.4231421,0.7381675,0.3518634,0.3584673,0.3047057,0.3186547,0.2919152,0.269539,0.2570496,0.3099236,0.2446295,0.2637175,0.3718174,0.3125302,0.2834629,0.2716332,0.3957912,0.4044168,0.300895,0.3036219,0.3125108,0.2994162,0.3420286,0.3202943,0.3450852,0.352324,0.2851678,0.2579164,0.3566951,0.3907714,0.3223617,0.3366535,0.3622755,0.4603328,0.2840106,0.3993875,0.2652892,0.3193126,0.251405,0.294754,0.3690228,0.3645045,0.3896752,0.3005281,0.3756263,0.4135881,0.3871781,0.3668857,0.3325783,0.4777435,0.2608545,0.2820801,0.355443,0.399094,0.2225206,0.2619571,0.2323347,0.2715333,0.2439696,0.2703376,0.262104,0.2818501,0.2623552,0.2891585,0.3514011,0.3911675,0.2538646,0.2665689,0.2948965,0.2783566,0.2523291,0.2532626,0.3447548,0.3490784,0.2958789,0.3350871,0.4313286,0.4267392,0.3989653,0.3880813,0.3025049,0.2832263,0.3221444,0.3420591
0.4705813,0.3890527,0.2662147,0.2823129,0.5060205,0.3919742,0.2638699,0.8673108,0.4231421,0.3875675,0.3356987,0.4002433,0.4330965,0.3536273,0.355308,0.370744,0.3555196,0.3137288,0.3407679,0.2763869,0.2880438,0.4807468,0.3708212,0.3298917,0.3163827,0.4711963,0.5450359,0.3594395,0.3397167,0.3682845,0.3525715,0.3922,0.3807498,0.4544671,0.3899243,0.3533691,0.2573423,0.4618002,0.4955288,0.4088719,0.4047766,0.5585343,0.3603465,0.3313243,0.3558224,0.2986322,0.3364555,0.2777945,0.3092425,0.4861356,0.4831585,0.5197068,0.3744312,0.4881997,0.5458045,0.5179347,0.4634925,0.4213224,0.5931773,0.2703306,0.3064891,0.4952711,0.5422403,0.2557521,0.3195025,0.2777935,0.3232038,0.2682278,0.2809464,0.2821108,0.2766768,0.3716435,0.3709886,0.4465118,0.5034264,0.2910808,0.2813979,0.3182232,0.3015886,0.2872101,0.2711489,0.4457764,0.3758138,0.3259682,0.3511131,0.6066667,0.5406688,0.5372567,0.4980643,0.3636203,0.3066577,0.4414383,0.5534318
0.3178958,0.3265539,0.2202212,0.2642756,0.31744,0.3800418,0.2693151,0.4014049,0.7381675,0.3356987,0.4516238,0.3172108,0.3143331,0.2792443,0.290874,0.262858,0.246454,0.2422041,0.2903852,0.2404586,0.2467918,0.3317626,0.2859616,0.2726356,0.2513891,0.356486,0.3417137,0.2825194,0.2797794,0.2870305,0.2690131,0.3097042,0.2880417,0.304475,0.3213171,0.2634283,0.2497575,0.325245,0.3620694,0.3055421,0.313401,0.3128368,0.4724686,0.2616527,0.419933,0.2418168,0.3311706,0.2429398,0.2834273,0.3231465,0.3182936,0.3420905,0.275981,0.3197492,0.3541526,0.3333926,0.323859,0.2923211,0.4240463,0.2464782,0.2490853,0.3253607,0.3502336,0.2110101,0.2543945,0.2231002,0.2564773,0.2309403,0.2591201,0.2493488,0.2657813,0.234409,0.2644026,0.2939647,0.3345715,0.2460538,0.2569481,0.2807232,0.2609238,0.2428169,0.2529854,0.3096211,0.3330916,0.2773999,0.3333024,0.3722015,0.3666614,0.3450244,0.333938,0.2791648,0.2737283,0.3016334,0.2959882
0.4034978,0.3307294,0.2508218,0.2538338,0.3247997,0.3035521,0.2551762,0.4784449,0.3518634,0.4002433,0.3172108,0.4662261,0.4578812,0.384724,0.3887088,0.3551967,0.2820444,0.2576199,0.2752597,0.2906219,0.2956534,0.4107946,0.3468852,0.3258668,0.3038985,0.5099025,0.5302157,0.3714167,0.3483438,0.3968183,0.3635378,0.4658179,0.4202115,0.394189,0.3166215,0.3199981,0.231799,0.4252199,0.3632656,0.3791853,0.3516953,0.3949711,0.3016795,0.2754323,0.2716677,0.2909332,0.2653206,0.2513956,0.259546,0.4125434,0.4267399,0.429218,0.3156843,0.4505902,0.4853244,0.4423943,0.4136779,0.3723586,0.4810932,0.3528326,0.3660749,0.4217149,0.411824,0.2434082,0.2550764,0.2580241,0.2665542,0.2837886,0.2788075,0.3359989,0.2987332,0.3020492,0.2885962,0.4417279,0.479807,0.2785307,0.2591216,0.3671227,0.352795,0.2630937,0.2494496,0.3906631,0.3310493,0.3106338,0.3020099,0.4895487,0.4667718,0.4508863,0.4399198,0.3119352,0.2769414,0.4252439,0.4034974
0.44357,0.3544205,0.2727496,0.2654991,0.3433093,0.3092996,0.2542159,0.5258436,0.3584673,0.4330965,0.3143331,0.4578812,0.5122842,0.364035,0.4045641,0.362077,0.295206,0.2686643,0.2817541,0.2655303,0.3400778,0.4482574,0.373098,0.3104431,0.3458588,0.5187031,0.5831033,0.3285625,0.4121502,0.382232,0.4219881,0.458951,0.461586,0.4306599,0.3370158,0.3371049,0.2378099,0.4651442,0.3801613,0.3889798,0.3617885,0.42799,0.3094506,0.2919354,0.2808448,0.3171404,0.2733503,0.2642383,0.2598494,0.4523816,0.4767804,0.4700885,0.3321911,0.5045435,0.5439919,0.4933394,0.4538347,0.4146112,0.5215628,0.3181806,0.3525083,0.4619095,0.4478574,0.2567207,0.2667954,0.274231,0.2876089,0.2747908,0.2904182,0.2943735,0.3317953,0.3217194,0.3087289,0.4940171,0.5369524,0.2826531,0.2696086,0.3709614,0.3704084,0.2712523,0.2640074,0.428798,0.3543783,0.3317668,0.3202071,0.5434842,0.5201693,0.5011156,0.486792,0.3293941,0.2914494,0.4369888,0.4179457
0.3969776,0.3159866,0.2665431,0.2716295,0.2953878,0.2699227,0.2321513,0.4147094,0.3047057,0.3536273,0.2792443,0.384724,0.364035,0.4252273,0.4057229,0.4219272,0.3219204,0.2522464,0.2530772,0.3083639,0.2780799,0.3918563,0.3156822,0.3228158,0.2767477,0.4218177,0.4335228,0.3501452,0.3195703,0.3586294,0.3260046,0.3708021,0.3471378,0.3619749,0.3048759,0.2866188,0.2291121,0.4109138,0.3521899,0.3633513,0.3224017,0.3546873,0.2694614,0.2632852,0.2663182,0.2821556,0.2666797,0.2543933,0.251841,0.3978865,0.3827062,0.4149272,0.3302346,0.3903849,0.4172827,0.4093285,0.3744999,0.3539896,0.4439602,0.397954,0.4187041,0.4026436,0.3777701,0.2939495,0.2831106,0.2880658,0.3002842,0.3217729,0.3089036,0.3534456,0.3201888,0.3367704,0.3111835,0.3685332,0.3917074,0.290679,0.262437,0.3536014,0.336094,0.3044558,0.2686194,0.3628782,0.3230104,0.3050718,0.2933703,0.4482438,0.4247104,0.4169153,0.3935701,0.3125195,0.2750419,0.3902138,0.336544
0.3770235,0.3157575,0.2699216,0.2734103,0.2928298,0.2737491,0.2312059,0.4189775,0.3186547,0.355308,0.290874,0.3887088,0.4045641,0.4057229,0.440118,0.3812162,0.3278418,0.2561984,0.2562821,0.2725934,0.3196109,0.3838513,0.3162256,0.2999307,0.295863,0.4422847,0.4509528,0.3069951,0.3724583,0.3553933,0.3692274,0.3925956,0.380873,0.357778,0.3069414,0.2989464,0.2340534,0.3828496,0.3527368,0.3456775,0.3193465,0.348756,0.2727281,0.2641923,0.2668098,0.2835535,0.2691217,0.2550713,0.2521893,0.3880473,0.3896192,0.4038461,0.3107176,0.394675,0.4282073,0.4038422,0.3736429,0.345469,0.4492886,0.4001581,0.4478987,0.3841179,0.3768553,0.260867,0.2891179,0.2722193,0.2943297,0.2842688,0.3286703,0.303936,0.3629322,0.3147991,0.3015924,0.3780985,0.4070652,0.270319,0.2726104,0.3795118,0.3804576,0.2732664,0.2862831,0.3623046,0.3299131,0.3020884,0.2996964,0.4474643,0.4314266,0.413173,0.3960424,0.3070672,0.2810829,0.3456999,0.3143575
0.4330996,0.3497275,0.3014514,0.2850732,0.3279571,0.294175,0.2390473,0.4428988,0.2919152,0.370744,0.262858,0.3551967,0.362077,0.4219272,0.3812162,0.4884521,0.4452357,0.2790845,0.2731096,0.2839088,0.2787412,0.4174188,0.3400194,0.3035927,0.2778986,0.4506679,0.4496521,0.310919,0.3265994,0.3369116,0.3218358,0.3467582,0.3235309,0.4091961,0.3321408,0.3222702,0.2441134,0.4658408,0.3792092,0.3790861,0.3425106,0.3946978,0.2820437,0.2919596,0.2875694,0.3196619,0.281853,0.2745346,0.264615,0.4545997,0.4323165,0.460238,0.3721265,0.4343608,0.4694405,0.4527296,0.4234575,0.386967,0.5119611,0.3272312,0.3742783,0.4608104,0.4192139,0.3152486,0.305104,0.340142,0.3382657,0.3174538,0.3146298,0.3081214,0.3181708,0.4150876,0.3871794,0.404826,0.4364181,0.3102392,0.270893,0.2863851,0.2785846,0.3348864,0.2833953,0.4062123,0.3543955,0.3349168,0.3161908,0.5072671,0.4820519,0.4643373,0.4400718,0.3406444,0.2972218,0.447486,0.3983947
0.3484591,0.3160586,0.2811372,0.2873901,0.3023805,0.3144615,0.2600455,0.3829965,0.269539,0.3555196,0.246454,0.2820444,0.295206,0.3219204,0.3278418,0.4452357,0.3781196,0.2689577,0.2733651,0.261551,0.2719625,0.3480849,0.2852428,0.274045,0.255642,0.3424117,0.3344581,0.2646418,0.2926522,0.2860444,0.2866168,0.2869281,0.276595,0.3332165,0.3203182,0.2902188,0.278489,0.3510069,0.3363678,0.3186216,0.3064438,0.335706,0.2953055,0.270479,0.2890976,0.2760233,0.2797669,0.2564768,0.2628236,0.36027,0.3406104,0.3727076,0.3031054,0.3486362,0.360145,0.3685617,0.3364448,0.3277528,0.3885137,0.2722232,0.3056665,0.3632639,0.3612486,0.2724447,0.3276264,0.2930036,0.3363744,0.2669304,0.30092,0.2516359,0.2987461,0.3588914,0.3829575,0.3349192,0.3469602,0.2688824,0.2747479,0.259805,0.2567933,0.2876782,0.2901579,0.3301513,0.3147003,0.2838633,0.2942236,0.3919854,0.3698775,0.3619285,0.3435696,0.2885305,0.28146,0.3427623,0.3933047
0.2900405,0.2608749,0.2900835,0.248043,0.3346811,0.2900773,0.257827,0.313365,0.2570496,0.3137288,0.2422041,0.2576199,0.2686643,0.2522464,0.2561984,0.2790845,0.2689577,0.3929253,0.3308254,0.2336609,0.2438218,0.2870278,0.2583616,0.2471494,0.2477647,0.282831,0.2925127,0.2493016,0.2605672,0.2583635,0.2652228,0.2643166,0.2595919,0.2901959,0.2579275,0.2779817,0.2335114,0.3020371,0.2797291,0.2777357,0.2580518,0.3074514,0.2596056,0.2646673,0.2484397,0.3058184,0.2495074,0.3590178,0.2648292,0.2811629,0.2860385,0.2970366,0.2744704,0.28398,0.2940588,0.2928517,0.2774082,0.2765346,0.3078246,0.2421168,0.247561,0.3059923,0.28872,0.2666115,0.260733,0.2980902,0.2670269,0.2457563,0.2430957,0.2407768,0.2407006,0.3157981,0.2980634,0.2710146,0.2843619,0.2382691,0.2383603,0.2484622,0.2531511,0.2505672,0.2393472,0.2825717,0.2561279,0.2652676,0.251123,0.3081442,0.2959774,0.2909984,0.2874224,0.2560949,0.2436329,0.2951775,0.2898994
0.298441,0.2709838,0.2657936,0.2799709,0.3176365,0.3494776,0.253921,0.3508153,0.3099236,0.3407679,0.2903852,0.2752597,0.2817541,0.2530772,0.2562821,0.2731096,0.2733651,0.3308254,0.4060111,0.2358638,0.2409098,0.2930222,0.2526735,0.2541379,0.2409435,0.2891285,0.3060411,0.2569605,0.2570095,0.2633869,0.2586703,0.2715193,0.2638542,0.2841516,0.2688148,0.271968,0.2350733,0.304304,0.2941515,0.2841701,0.2686222,0.2998244,0.2938922,0.2516631,0.2691082,0.2615904,0.2845687,0.2706699,0.3571692,0.2837703,0.2878085,0.2980184,0.2661457,0.2867219,0.3045246,0.2969742,0.2826918,0.28214,0.3246161,0.2419881,0.2568761,0.3055767,0.3033347,0.2486921,0.2772781,0.2705111,0.3003574,0.2391222,0.2495522,0.2358817,0.2467019,0.2942324,0.3297945,0.2788601,0.2962654,0.2394593,0.2422284,0.2552672,0.2537113,0.2410854,0.2486413,0.2824597,0.256783,0.2608808,0.2543147,0.3155743,0.304189,0.299434,0.2904526,0.2602731,0.2445805,0.2949406,0.3011452
0.3079637,0.2519989,0.2530615,0.240226,0.2467992,0.2451928,0.3015202,0.2885854,0.2446295,0.2763869,0.2404586,0.2906219,0.2655303,0.3083639,0.2725934,0.2839088,0.261551,0.2336609,0.2358638,0.4297206,0.2399418,0.3363669,0.2587453,0.4072759,0.233727,0.2851177,0.2847107,0.3373116,0.2613699,0.3062176,0.260816,0.2887168,0.2666149,0.2670135,0.2536303,0.307768,0.2373155,0.2829445,0.2695911,0.3542965,0.2515679,0.2621483,0.2391769,0.2345033,0.2387706,0.2354152,0.2413826,0.224475,0.2327109,0.3025839,0.2836739,0.322601,0.2601362,0.2933827,0.2852718,0.3119873,0.2760876,0.3024872,0.2897615,0.274885,0.2620846,0.2803713,0.2802738,0.274287,0.2480295,0.2543231,0.2516887,0.3025112,0.2472374,0.3226204,0.2515523,0.2677966,0.258651,0.2758682,0.2741495,0.3428903,0.2388748,0.2760636,0.2442203,0.2896067,0.2312138,0.2724535,0.2599683,0.2567372,0.2505545,0.318226,0.2835385,0.321724,0.2774115,0.2958984,0.2492735,0.2838091,0.270896
0.2942388,0.2770143,0.2431427,0.2525067,0.2557061,0.2494979,0.2324522,0.3206287,0.2637175,0.2880438,0.2467918,0.2956534,0.3400778,0.2780799,0.3196109,0.2787412,0.2719625,0.2438218,0.2409098,0.2399418,0.3983818,0.3039569,0.3011923,0.2560095,0.3647992,0.3316698,0.3579,0.2540421,0.3568314,0.282873,0.3394303,0.299268,0.322082,0.2890716,0.2640789,0.2630569,0.27602,0.2909167,0.2798387,0.2768113,0.3158278,0.2870524,0.2453228,0.241181,0.2432991,0.2535223,0.2431033,0.2383235,0.2339516,0.3103299,0.3312033,0.3148974,0.2861853,0.3201438,0.3458581,0.3178901,0.3135319,0.2907278,0.3307773,0.2672282,0.2899234,0.2948222,0.2985343,0.2382973,0.284335,0.2390668,0.2561811,0.2402052,0.3131746,0.2448073,0.348169,0.2566113,0.2566929,0.3115534,0.3332551,0.2434226,0.327788,0.2964982,0.3076118,0.2466977,0.2949858,0.2916312,0.2840039,0.2549926,0.2717321,0.3409983,0.336693,0.3237587,0.337942,0.259902,0.2771235,0.2734813,0.2727593
0.5138621,0.3714598,0.286052,0.2832555,0.3714075,0.3242887,0.2974818,0.5682361,0.3718174,0.4807468,0.3317626,0.4107946,0.4482574,0.3918563,0.3838513,0.4174188,0.3480849,0.2870278,0.2930222,0.3363669,0.3039569,0.5428074,0.3853707,0.4001791,0.3228599,0.5302113,0.5632892,0.3959875,0.3718025,0.4017597,0.384318,0.4260115,0.4013052,0.4693882,0.3579925,0.3826593,0.2472627,0.5151154,0.422623,0.4528636,0.3722172,0.4598191,0.3169141,0.3088212,0.3073698,0.3340647,0.2978732,0.2780868,0.2696485,0.5418369,0.4943455,0.6128901,0.3677325,0.5476277,0.5567847,0.6042585,0.4765445,0.4864203,0.5816873,0.3104182,0.3459755,0.513275,0.4855508,0.2663539,0.2953122,0.3037459,0.3234256,0.2998937,0.3053266,0.321171,0.3180099,0.3757271,0.3538502,0.5048849,0.5185485,0.3176622,0.2817527,0.3287578,0.3207567,0.2953088,0.2812448,0.4714763,0.3856079,0.3624569,0.3485864,0.6144928,0.5648689,0.5816065,0.5180688,0.3699787,0.3179382,0.4632912,0.450557
0.3643768,0.3694757,0.2620505,0.2456454,0.3033829,0.2818264,0.2564324,0.4227158,0.3125302,0.3708212,0.2859616,0.3468852,0.373098,0.3156822,0.3162256,0.3400194,0.2852428,0.2583616,0.2526735,0.2587453,0.3011923,0.3853707,0.4472675,0.2932488,0.3659663,0.4059392,0.4356691,0.3050652,0.3549728,0.324892,0.3347709,0.3444333,0.3359594,0.3508517,0.3121634,0.2983197,0.2626196,0.3663423,0.3468893,0.3271971,0.3604532,0.3540745,0.2866898,0.266456,0.2686316,0.2788919,0.25425,0.2490631,0.2434851,0.392387,0.4588612,0.4047244,0.3975917,0.3899046,0.4465156,0.3995024,0.4538977,0.3466442,0.4503158,0.2737259,0.2849959,0.370471,0.3762813,0.2525708,0.2531884,0.2691375,0.2674243,0.271385,0.2638282,0.2792183,0.2729422,0.3041344,0.2908189,0.3755314,0.424507,0.2609752,0.27762,0.279624,0.2818677,0.2650012,0.2481747,0.3487576,0.3262749,0.2893805,0.301177,0.4310352,0.4355409,0.4012827,0.4286179,0.2958009,0.2837305,0.3492613,0.3489991
0.3508645,0.2825519,0.2505794,0.2498952,0.2796232,0.2698835,0.2943898,0.356269,0.2834629,0.3298917,0.2726356,0.3258668,0.3104431,0.3228158,0.2999307,0.3035927,0.274045,0.2471494,0.2541379,0.4072759,0.2560095,0.4001791,0.2932488,0.4138371,0.2633869,0.3456866,0.3531571,0.370968,0.2933819,0.331719,0.2922212,0.3291624,0.3048007,0.3105117,0.2759156,0.3103388,0.2328206,0.3365997,0.3084892,0.3741173,0.2860726,0.3067285,0.2610693,0.2520179,0.2587067,0.25906,0.2547789,0.2381294,0.2433471,0.358109,0.3326243,0.3888655,0.2769921,0.3447742,0.3470691,0.3759513,0.3223686,0.3413927,0.3584514,0.2761142,0.2759825,0.3329296,0.3249029,0.257948,0.258507,0.2571943,0.2642754,0.2798314,0.2555911,0.3096224,0.259921,0.2825299,0.2761236,0.3246355,0.3312457,0.3093186,0.2448138,0.2909274,0.2658832,0.2698395,0.2398959,0.316705,0.2863783,0.2747233,0.2730338,0.3812144,0.3447859,0.3795796,0.328852,0.2979216,0.2604446,0.3315035,0.3152727
0.3050438,0.2956538,0.2482029,0.2399473,0.2720372,0.2551159,0.2293701,0.3481143,0.2716332,0.3163827,0.2513891,0.3038985,0.3458588,0.2767477,0.295863,0.2778986,0.255642,0.2477647,0.2409435,0.233727,0.3647992,0.3228599,0.3659663,0.2633869,0.4091642,0.3311958,0.3748401,0.2721253,0.3550837,0.2848939,0.3290994,0.3038092,0.3223691,0.2958695,0.2668268,0.2650497,0.2659484,0.3046916,0.2890793,0.2819534,0.3334773,0.2999084,0.2505349,0.2461113,0.2433304,0.2569692,0.239206,0.2406423,0.23333,0.3250433,0.3536035,0.3301978,0.2817755,0.3298056,0.3574538,0.3314595,0.3414531,0.2961459,0.3437269,0.2557455,0.2650678,0.3038317,0.3076614,0.2445654,0.2596388,0.2542797,0.2490017,0.2490212,0.2774439,0.2553271,0.2861576,0.2706917,0.2578566,0.320093,0.3462098,0.2415354,0.2994756,0.2757692,0.2814431,0.2445248,0.2632544,0.2978091,0.280373,0.2602522,0.2658052,0.3478044,0.3541758,0.3356138,0.3540407,0.2614366,0.2623122,0.2907992,0.2822365
0.5193529,0.4125344,0.2828044,0.2809016,0.376905,0.3315602,0.2414781,0.5945907,0.3957912,0.4711963,0.356486,0.5099025,0.5187031,0.4218177,0.4422847,0.4506679,0.3424117,0.282831,0.2891285,0.2851177,0.3316698,0.5302113,0.4059392,0.3456866,0.3311958,0.656053,0.6571168,0.3624461,0.4105156,0.4374156,0.4127723,0.5064783,0.4497643,0.514712,0.3792597,0.3683976,0.2318163,0.5588855,0.4660075,0.4544888,0.4013657,0.5009404,0.3349036,0.3251304,0.3149287,0.3534044,0.3022306,0.2841341,0.2681465,0.5520548,0.5364077,0.5731143,0.4310061,0.6014954,0.6264008,0.5920243,0.5252574,0.474498,0.6368774,0.3817307,0.4217542,0.5623507,0.53553,0.2705219,0.2728501,0.295867,0.3027904,0.3161759,0.3190911,0.3368139,0.3552838,0.3694755,0.3375935,0.5724528,0.605797,0.3104458,0.2930312,0.3639708,0.3594837,0.3109879,0.285428,0.5098525,0.4028067,0.3767427,0.3578113,0.652461,0.6159825,0.5828401,0.5668996,0.3700189,0.3206466,0.511103,0.5112886
0.58275,0.4165159,0.3029312,0.2925251,0.4143586,0.3516773,0.2196985,0.67878,0.4044168,0.5450359,0.3417137,0.5302157,0.5831033,0.4335228,0.4509528,0.4496521,0.3344581,0.2925127,0.3060411,0.2847107,0.3579,0.5632892,0.4356691,0.3531571,0.3748401,0.6571168,0.7681635,0.3693465,0.4472466,0.4215143,0.455111,0.4979275,0.4915847,0.5384824,0.3909388,0.3958679,0.2285128,0.6139367,0.459898,0.4843099,0.4080129,0.5349437,0.3497008,0.3255045,0.3054716,0.364024,0.304147,0.2886407,0.27711,0.5614423,0.6109841,0.5906767,0.4221855,0.6290532,0.70353,0.626184,0.5680331,0.5332422,0.6388099,0.3454203,0.410293,0.6032594,0.5685377,0.2784931,0.2966239,0.3087288,0.3278306,0.3059511,0.3256115,0.3200125,0.3619916,0.3928154,0.3618532,0.6138526,0.6815712,0.3281952,0.2898629,0.3695793,0.367596,0.3172753,0.2868018,0.5372522,0.4008829,0.3967841,0.3476819,0.7103873,0.650595,0.653524,0.6028813,0.3981239,0.3188268,0.587984,0.5467522
0.3481234,0.2945369,0.2406414,0.2465561,0.2926636,0.2748477,0.2787851,0.3891181,0.300895,0.3594395,0.2825194,0.3714167,0.3285625,0.3501452,0.3069951,0.310919,0.2646418,0.2493016,0.2569605,0.3373116,0.2540421,0.3959875,0.3050652,0.370968,0.2721253,0.3624461,0.3693465,0.4121361,0.2858484,0.3718477,0.3043154,0.370919,0.3380843,0.3211091,0.2845964,0.2944742,0.2326704,0.3409099,0.3200051,0.3425996,0.3099854,0.3243584,0.2699483,0.2541145,0.2607455,0.2591936,0.2502688,0.2419376,0.2481756,0.3794523,0.3432774,0.4087218,0.2751294,0.3616104,0.3653789,0.3932789,0.3364241,0.3376131,0.3835605,0.3202193,0.2952309,0.3409275,0.339581,0.2450378,0.2581833,0.2554122,0.2651301,0.2865489,0.2524884,0.3520319,0.2521146,0.280477,0.2737451,0.3403318,0.3473836,0.2765086,0.2424905,0.3298894,0.3023126,0.2493456,0.2338711,0.3199623,0.2950065,0.2743832,0.2781936,0.3951047,0.3686717,0.3760341,0.3503907,0.2854317,0.2566444,0.3454077,0.3360376
0.3619325,0.3069898,0.2691449,0.2613494,0.2911674,0.271722,0.2386228,0.3965492,0.3036219,0.3397167,0.2797794,0.3483438,0.4121502,0.3195703,0.3724583,0.3265994,0.2926522,0.2605672,0.2570095,0.2613699,0.3568314,0.3718025,0.3549728,0.2933819,0.3550837,0.4105156,0.4472466,0.2858484,0.4182788,0.3310246,0.3871643,0.3619542,0.3776621,0.3476799,0.2935027,0.2940401,0.2365941,0.3687568,0.3234686,0.3277561,0.3130422,0.3415507,0.269077,0.262042,0.258458,0.2852339,0.2542379,0.2542308,0.2437861,0.3779427,0.4149128,0.383359,0.354104,0.3923357,0.4263917,0.392856,0.3835178,0.3431499,0.409133,0.2920367,0.3260747,0.3669938,0.3592064,0.2518533,0.2821007,0.2664609,0.2795474,0.2558899,0.3014601,0.2577438,0.3535278,0.2930939,0.2881654,0.3805261,0.4115785,0.2607691,0.2704296,0.3413183,0.3407615,0.2598307,0.273945,0.3503983,0.3102542,0.2915298,0.2832856,0.4260167,0.4118271,0.4005855,0.3888679,0.2933955,0.2688294,0.3391084,0.3160307
0.3700136,0.3195809,0.248616,0.2561287,0.3022738,0.2797693,0.2472624,0.4210664,0.3125108,0.3682845,0.2870305,0.3968183,0.382232,0.3586294,0.3553933,0.3369116,0.2860444,0.2583635,0.2633869,0.3062176,0.282873,0.4017597,0.324892,0.331719,0.2848939,0.4374156,0.4215143,0.3718477,0.3310246,0.3994713,0.3513451,0.4144325,0.3777463,0.363411,0.3042073,0.3004732,0.2328099,0.3743916,0.3482527,0.3449678,0.3240195,0.3601141,0.2786835,0.2676011,0.267719,0.2818232,0.2600427,0.253647,0.2525721,0.4163302,0.3898245,0.4283556,0.3057916,0.412953,0.4220972,0.4233776,0.3777973,0.3478366,0.4395758,0.3542453,0.3495277,0.3820834,0.3779829,0.2457111,0.2621048,0.2639391,0.2745893,0.2913403,0.2791288,0.3349478,0.2972186,0.2987375,0.2888308,0.3895435,0.4031611,0.269743,0.2543192,0.3687809,0.3406936,0.2556236,0.2534386,0.3602871,0.3209029,0.2923397,0.2973966,0.4460788,0.428293,0.4092604,0.4009126,0.2975515,0.2707943,0.355081,0.3548391
0.3668978,0.3075424,0.2669238,0.2555173,0.3000277,0.2728596,0.2358983,0.4111574,0.2994162,0.3525715,0.2690131,0.3635378,0.4219881,0.3260046,0.3692274,0.3218358,0.2866168,0.2652228,0.2586703,0.260816,0.3394303,0.384318,0.3347709,0.2922212,0.3290994,0.4127723,0.455111,0.3043154,0.3871643,0.3513451,0.4008233,0.3834939,0.4001799,0.3595001,0.2940467,0.3032973,0.2313695,0.3732581,0.3236841,0.328456,0.3140819,0.3527665,0.2710181,0.2691229,0.2547804,0.2893451,0.2521141,0.2595541,0.2443388,0.394995,0.4110431,0.4080438,0.3348265,0.4050876,0.4369396,0.4122964,0.3804124,0.3475408,0.4190728,0.3098004,0.3378793,0.3758618,0.3682929,0.2530497,0.270636,0.2740172,0.2812924,0.261553,0.2966764,0.2729286,0.3336672,0.301683,0.2887064,0.3897901,0.4190486,0.2626524,0.2654577,0.3474205,0.3630864,0.2583356,0.2652345,0.3596196,0.3089899,0.2957604,0.2845332,0.4407234,0.4213313,0.4064842,0.3997607,0.2994981,0.2665898,0.3441946,0.3368425
0.3967444,0.3321984,0.2565694,0.256239,0.320697,0.2925795,0.2496509,0.4656758,0.3420286,0.3922,0.3097042,0.4658179,0.458951,0.3708021,0.3925956,0.3467582,0.2869281,0.2643166,0.2715193,0.2887168,0.299268,0.4260115,0.3444333,0.3291624,0.3038092,0.5064783,0.4979275,0.370919,0.3619542,0.4144325,0.3834939,0.4787346,0.4476253,0.3989769,0.3191344,0.3216611,0.2307992,0.4132484,0.3683739,0.3702151,0.3456686,0.3931457,0.2945546,0.2826004,0.2781728,0.3011523,0.2688246,0.2597922,0.2548128,0.4183705,0.4182548,0.4485241,0.3032524,0.4565123,0.4765786,0.4570102,0.407947,0.3641521,0.4850799,0.3701127,0.3742807,0.4187207,0.4128152,0.2370779,0.2548733,0.2658696,0.2719928,0.2777913,0.2791113,0.324129,0.3030701,0.3055614,0.290044,0.4373116,0.4659788,0.2702135,0.2603115,0.3887815,0.3778132,0.2558388,0.2515756,0.3938021,0.33866,0.3109777,0.3112407,0.4937924,0.471694,0.4485487,0.4409131,0.3100271,0.2793742,0.3930128,0.3950075
0.383572,0.3167292,0.2595266,0.2556427,0.3128698,0.2820472,0.2346941,0.4458652,0.3202943,0.3807498,0.2880417,0.4202115,0.461586,0.3471378,0.380873,0.3235309,0.276595,0.2595919,0.2638542,0.2666149,0.322082,0.4013052,0.3359594,0.3048007,0.3223691,0.4497643,0.4915847,0.3380843,0.3776621,0.3777463,0.4001799,0.4476253,0.4426105,0.3787104,0.3046876,0.312456,0.2268749,0.3966004,0.3415849,0.3482576,0.3319361,0.3744835,0.2839589,0.2784564,0.2630699,0.2922966,0.2585232,0.2566173,0.2496711,0.3960234,0.4064473,0.4188921,0.2892655,0.428928,0.4563644,0.4304978,0.3895452,0.3575508,0.4415739,0.3364027,0.3564515,0.3971251,0.3897523,0.2427754,0.2580131,0.2700022,0.2750573,0.2635168,0.2832792,0.2954926,0.3155306,0.3009391,0.2861655,0.4161164,0.4477573,0.2658625,0.2572982,0.3771256,0.3790632,0.253358,0.2530948,0.3747197,0.316622,0.3019851,0.2916579,0.4614189,0.4410764,0.4272052,0.4164428,0.3019176,0.2678888,0.3827685,0.3730977
0.4898135,0.3712478,0.2969418,0.2761511,0.3848992,0.31387,0.2389467,0.5362774,0.3450852,0.4544671,0.304475,0.394189,0.4306599,0.3619749,0.357778,0.4091961,0.3332165,0.2901959,0.2841516,0.2670135,0.2890716,0.4693882,0.3508517,0.3105117,0.2958695,0.514712,0.5384824,0.3211091,0.3476799,0.363411,0.3595001,0.3989769,0.3787104,0.5146497,0.3575312,0.3582146,0.2304586,0.529898,0.4281942,0.4164965,0.3590418,0.4960327,0.3235007,0.4016837,0.2998711,0.3704587,0.2915038,0.2909246,0.2659443,0.481315,0.4658394,0.5093834,0.3877962,0.5133823,0.5329952,0.5253534,0.4526242,0.4320501,0.5439484,0.2957047,0.3285977,0.5459978,0.4876444,0.2836667,0.2706342,0.3061341,0.3077203,0.2885521,0.2844054,0.2898894,0.3007968,0.3710255,0.340068,0.4834292,0.5068561,0.3202986,0.2695582,0.312361,0.308254,0.314419,0.2655574,0.4972427,0.3622576,0.3730837,0.3255852,0.5842044,0.5304944,0.5289224,0.489154,0.3636588,0.2981072,0.507328,0.4937027
0.3742078,0.3691644,0.2524191,0.2620721,0.3219142,0.3393128,0.3087728,0.4204595,0.352324,0.3899243,0.3213171,0.3166215,0.3370158,0.3048759,0.3069414,0.3321408,0.3203182,0.2579275,0.2688148,0.2536303,0.2640789,0.3579925,0.3121634,0.2759156,0.2668268,0.3792597,0.3909388,0.2845964,0.2935027,0.3042073,0.2940467,0.3191344,0.3046876,0.3575312,0.4222466,0.2860461,0.2859864,0.3874188,0.4149146,0.3334794,0.3478765,0.3673068,0.3625646,0.2669998,0.3757563,0.2791418,0.2987898,0.2495102,0.2593501,0.3635707,0.3663805,0.3811642,0.3260269,0.3823183,0.4123402,0.3819875,0.3800129,0.3572052,0.4471382,0.2647397,0.2862399,0.3960863,0.4447502,0.2455887,0.2601744,0.2549757,0.2676943,0.2529687,0.2635551,0.2598051,0.2708434,0.2993884,0.3060895,0.3688076,0.3968959,0.2686303,0.2750361,0.2833073,0.2748015,0.2689434,0.2487205,0.3505276,0.3956098,0.2876624,0.3397266,0.4226302,0.4254816,0.3874233,0.3922253,0.2899649,0.2959668,0.3896602,0.4495954
0.3893448,0.2849115,0.347814,0.2506454,0.3062838,0.2758752,0.2418369,0.4062408,0.2851678,0.3533691,0.2634283,0.3199981,0.3371049,0.2866188,0.2989464,0.3222702,0.2902188,0.2779817,0.271968,0.307768,0.2630569,0.3826593,0.2983197,0.3103388,0.2650497,0.3683976,0.3958679,0.2944742,0.2940401,0.3004732,0.3032973,0.3216611,0.312456,0.3582146,0.2860461,0.3792138,0.2312789,0.4041316,0.324887,0.3804149,0.2942445,0.3416413,0.2702657,0.2870349,0.2658811,0.3083159,0.2648793,0.2582806,0.2480671,0.3831366,0.3602339,0.4098453,0.3016563,0.3857881,0.3872281,0.4031017,0.3454289,0.3468388,0.3950886,0.2574281,0.2836843,0.4016073,0.3621645,0.2676191,0.2471142,0.2750207,0.2746435,0.2788946,0.2646971,0.2673153,0.2711813,0.3133832,0.2955486,0.3607399,0.3669197,0.4173688,0.2534242,0.2607016,0.2604199,0.3077227,0.2460792,0.3762213,0.2906478,0.3819754,0.2749596,0.4372855,0.3872779,0.4019875,0.3666202,0.4334022,0.2672204,0.380466,0.3742034
0.2429609,0.2615042,0.2284973,0.2540441,0.2396255,0.2619933,0.2751413,0.2624297,0.2579164,0.2573423,0.2497575,0.231799,0.2378099,0.2291121,0.2340534,0.2441134,0.278489,0.2335114,0.2350733,0.2373155,0.27602,0.2472627,0.2626196,0.2328206,0.2659484,0.2318163,0.2285128,0.2326704,0.2365941,0.2328099,0.2313695,0.2307992,0.2268749,0.2304586,0.2859864,0.2312789,0.3890935,0.2404125,0.2923667,0.2463314,0.3311111,0.2400474,0.2677728,0.2167469,0.2514043,0.2245127,0.2433905,0.224289,0.236711,0.2360647,0.2515575,0.2445495,0.2329104,0.2465444,0.257234,0.2435942,0.2549548,0.2584405,0.2735503,0.2214323,0.2314229,0.241988,0.2907707,0.2268294,0.256609,0.2307353,0.2411165,0.2327441,0.2765379,0.2353984,0.2575607,0.2353448,0.2491219,0.2497819,0.2560511,0.2326068,0.4088866,0.2294845,0.2320195,0.2405873,0.283347,0.2301107,0.2782438,0.2236712,0.2996458,0.2443155,0.2557676,0.2374418,0.2579329,0.226632,0.3906766,0.2381788,0.3153553
0.6068262,0.3936267,0.3241624,0.3001589,0.3962535,0.3360675,0.258889,0.5645654,0.3566951,0.4618002,0.325245,0.4252199,0.4651442,0.4109138,0.3828496,0.4658408,0.3510069,0.3020371,0.304304,0.2829445,0.2909167,0.5151154,0.3663423,0.3365997,0.3046916,0.5588855,0.6139367,0.3409099,0.3687568,0.3743916,0.3732581,0.4132484,0.3966004,0.529898,0.3874188,0.4041316,0.2404125,0.6772383,0.4758636,0.5105999,0.3945941,0.4991574,0.3356711,0.3243463,0.3332606,0.3887686,0.321504,0.2929357,0.2760424,0.5128728,0.5097011,0.5426198,0.4284664,0.5438271,0.5872697,0.5583255,0.4881475,0.4960338,0.5984303,0.2970827,0.3434924,0.6632022,0.5387844,0.3002069,0.2833394,0.3270301,0.3309276,0.3091388,0.3029315,0.3080995,0.3193913,0.405156,0.3688864,0.520538,0.5592219,0.3749266,0.285077,0.3240097,0.3208655,0.3426942,0.2871625,0.5481244,0.3862113,0.4295788,0.3463863,0.6227083,0.5697684,0.5882674,0.5223296,0.3942659,0.31354,0.6567683,0.5760368
0.4542423,0.4786239,0.2696181,0.2747561,0.3752253,0.3461113,0.3304143,0.5531318,0.3907714,0.4955288,0.3620694,0.3632656,0.3801613,0.3521899,0.3527368,0.3792092,0.3363678,0.2797291,0.2941515,0.2695911,0.2798387,0.422623,0.3468893,0.3084892,0.2890793,0.4660075,0.459898,0.3200051,0.3234686,0.3482527,0.3236841,0.3683739,0.3415849,0.4281942,0.4149146,0.324887,0.2923667,0.4758636,0.5302843,0.3990309,0.4288711,0.4457045,0.3488178,0.2948737,0.3400866,0.3005448,0.3178379,0.2611271,0.275322,0.4397376,0.4252551,0.4616868,0.377584,0.451587,0.4856662,0.4594416,0.4340255,0.4064519,0.5646781,0.2906354,0.3153699,0.4929265,0.5302738,0.2670086,0.2763444,0.2708015,0.2929491,0.2761385,0.2854144,0.288377,0.2906024,0.3355197,0.3337113,0.4183976,0.4557911,0.2937383,0.3175201,0.3175578,0.3020426,0.3040732,0.2707084,0.420671,0.4149431,0.3253616,0.3611753,0.5309798,0.5000975,0.4711841,0.4473277,0.3328812,0.3271313,0.4456152,0.50209
0.4933924,0.3362201,0.2958929,0.2789872,0.3350592,0.303286,0.2975332,0.4719642,0.3223617,0.4088719,0.3055421,0.3791853,0.3889798,0.3633513,0.3456775,0.3790861,0.3186216,0.2777357,0.2841701,0.3542965,0.2768113,0.4528636,0.3271971,0.3741173,0.2819534,0.4544888,0.4843099,0.3425996,0.3277561,0.3449678,0.328456,0.3702151,0.3482576,0.4164965,0.3334794,0.3804149,0.2463314,0.5105999,0.3990309,0.4581181,0.3418444,0.398636,0.3006388,0.28388,0.2990776,0.3173789,0.2967541,0.2665344,0.2629749,0.4283677,0.4192381,0.4596073,0.3583859,0.4431396,0.4648592,0.4674057,0.402425,0.4292775,0.4763384,0.288794,0.313809,0.4959551,0.4385894,0.2797644,0.2729253,0.2968994,0.3008353,0.2975885,0.2855986,0.3074634,0.2940577,0.350252,0.3296837,0.4196452,0.4415648,0.3622667,0.2758727,0.2975224,0.2869326,0.3080329,0.2716082,0.4310996,0.3345867,0.3489923,0.3093493,0.5141177,0.453476,0.4926695,0.4242885,0.3560605,0.2923392,0.4882613,0.4583322
0.3704904,0.3898883,0.2496132,0.2557326,0.319022,0.3031298,0.2774675,0.4487442,0.3366535,0.4047766,0.313401,0.3516953,0.3617885,0.3224017,0.3193465,0.3425106,0.3064438,0.2580518,0.2686222,0.2515679,0.3158278,0.3722172,0.3604532,0.2860726,0.3334773,0.4013657,0.4080129,0.3099854,0.3130422,0.3240195,0.3140819,0.3456686,0.3319361,0.3590418,0.3478765,0.2942445,0.3311111,0.3945941,0.4288711,0.3418444,0.4150587,0.3710493,0.3039232,0.2675001,0.2900662,0.2770015,0.2751299,0.2482482,0.2573951,0.3763721,0.382412,0.3964016,0.3044786,0.3819686,0.4232042,0.3887364,0.3932866,0.3381375,0.481801,0.2780841,0.2903482,0.3984509,0.4205558,0.2513294,0.2608774,0.2573501,0.2680312,0.2675287,0.272728,0.2876486,0.2781348,0.2979993,0.2945514,0.3629886,0.4046819,0.2664841,0.3241678,0.2920912,0.2870117,0.2751034,0.2585244,0.3581099,0.3574291,0.2907903,0.3299679,0.4292427,0.4371999,0.3972084,0.4115947,0.2933955,0.3107617,0.3953143,0.4207456
0.4680762,0.3806614,0.2831308,0.2778859,0.4320526,0.3406934,0.2560369,0.6055207,0.3622755,0.5585343,0.3128368,0.3949711,0.42799,0.3546873,0.348756,0.3946978,0.335706,0.3074514,0.2998244,0.2621483,0.2870524,0.4598191,0.3540745,0.3067285,0.2999084,0.5009404,0.5349437,0.3243584,0.3415507,0.3601141,0.3527665,0.3931457,0.3744835,0.4960327,0.3673068,0.3416413,0.2400474,0.4991574,0.4457045,0.398636,0.3710493,0.5173916,0.3438204,0.3795051,0.3114139,0.3527748,0.2970448,0.2960834,0.2766153,0.4698733,0.4647295,0.4976713,0.3839845,0.5010734,0.531906,0.5119374,0.4519592,0.42169,0.5484551,0.2866525,0.3180611,0.5187143,0.5012047,0.2766097,0.288361,0.2970591,0.3111054,0.2818221,0.2807029,0.28495,0.2914449,0.371373,0.3486992,0.4732124,0.5072986,0.2970861,0.273713,0.3112646,0.3020814,0.3038105,0.265755,0.4599454,0.3608268,0.3456656,0.3291928,0.5738346,0.5248944,0.5154111,0.4864635,0.3457512,0.297763,0.486968,0.5143849
0.3325575,0.3314106,0.2416685,0.2607137,0.3359467,0.3857089,0.2861454,0.3908773,0.4603328,0.3603465,0.4724686,0.3016795,0.3094506,0.2694614,0.2727281,0.2820437,0.2953055,0.2596056,0.2938922,0.2391769,0.2453228,0.3169141,0.2866898,0.2610693,0.2505349,0.3349036,0.3497008,0.2699483,0.269077,0.2786835,0.2710181,0.2945546,0.2839589,0.3235007,0.3625646,0.2702657,0.2677728,0.3356711,0.3488178,0.3006388,0.3039232,0.3438204,0.4111525,0.2790684,0.3637546,0.2633405,0.2938977,0.2538337,0.2860485,0.31736,0.3217489,0.3266396,0.298929,0.338587,0.3547952,0.336038,0.3329172,0.3224879,0.3694982,0.2402523,0.2588604,0.3423749,0.3718259,0.232794,0.2543429,0.2477603,0.2632392,0.2379942,0.2530338,0.2456315,0.2553059,0.2748046,0.2954445,0.3359171,0.3523599,0.2495022,0.258777,0.2603562,0.2544075,0.2476921,0.2430713,0.3109321,0.3122262,0.2717069,0.2934757,0.3635491,0.3533237,0.3387326,0.3339212,0.2693729,0.2635168,0.34277,0.3970127
