0.5061697,0.3659012,0.3029699,0.2726782,0.3371603,0.3077959,0.3625095,0.448246,0.2960549,0.3808825,0.2784881,0.3682598,0.4024716,0.358212,0.34484,0.3809205,0.3279293,0.2910093,0.2855439,0.2858616,0.2635171,0.4655159,0.3335054,0.3359695,0.2766632,0.4863013,0.530042,0.3398376,0.3400584,0.3584526,0.3554924,0.380432,0.3661246,0.4409525,0.3457613,0.3586946,0.2602546,0.5731101,0.3925466,0.4748159,0.3207214,0.4050156,0.3104849,0.2902265,0.3055678,0.3120575,0.302393,0.2743715,0.2718118,0.4729194,0.4532742,0.4933122,0.4352322,0.5085833,0.4859141,0.5184142,0.4259515,0.5027292,0.4423027,0.2804622,0.3236755,0.5654929,0.4424374,0.287571,0.2617054,0.30317,0.3023394,0.2938135,0.2932338,0.2964825,0.2987882,0.3614444,0.3424717,0.4870099,0.4750055,0.3386936,0.275898,0.3044561,0.306252,0.3149229,0.2650928,0.4788766,0.3139188,0.368482,0.28771,0.5766652,0.444734,0.53216,0.4267324,0.3415507,0.2822982,0.5361016,0.4874084
0.3659012,0.4918819,0.2459737,0.2556275,0.2857992,0.3198807,0.3596689,0.3616155,0.3485809,0.3117972,0.3545258,0.3171231,0.3417319,0.3000839,0.3111972,0.3383631,0.3222519,0.2456957,0.2640785,0.2488231,0.2582233,0.3466296,0.3490246,0.2758075,0.2674884,0.3921924,0.3918768,0.2786599,0.2949812,0.3020412,0.2983733,0.3163313,0.3035598,0.3296487,0.3916631,0.2645705,0.3102095,0.345966,0.4699816,0.3183936,0.3883362,0.3383204,0.3454512,0.261659,0.3337499,0.2548262,0.2867486,0.2450908,0.2669988,0.3675475,0.375615,0.3772187,0.408241,0.3924154,0.4235988,0.3831874,0.423963,0.3889103,0.4775937,0.2730798,0.2975304,0.3664937,0.4051308,0.2576009,0.2478508,0.2584367,0.26554,0.2675434,0.2705491,0.2714015,0.2757089,0.2886564,0.3029262,0.3990147,0.4216675,0.2602713,0.2899469,0.2750717,0.27752,0.2772038,0.2543196,0.3309393,0.3801,0.2728136,0.3471191,0.416957,0.4434513,0.3731177,0.3995351,0.2742527,0.301701,0.3213362,0.3632559
0.3029699,0.2459737,0.4595197,0.2334975,0.2757444,0.2602351,0.2620643,0.2541303,0.2477572,0.2476305,0.2515981,0.2526346,0.2547025,0.2671663,0.253721,0.2966166,0.2762293,0.3123253,0.267895,0.2677573,0.2252465,0.2568741,0.2497246,0.2533773,0.232258,0.261555,0.2712409,0.246763,0.2465879,0.2431044,0.2496102,0.2461592,0.2434971,0.301938,0.2442679,0.355485,0.2320444,0.3207501,0.2579031,0.3023349,0.243177,0.2809909,0.2484419,0.3088239,0.2502342,0.3408968,0.2462866,0.3134423,0.243823,0.2658415,0.268957,0.2698821,0.2531268,0.2614268,0.2662796,0.2624946,0.2571612,0.2642435,0.267763,0.2384094,0.2438346,0.3154632,0.2578342,0.3671013,0.2271497,0.3261222,0.2435614,0.2799579,0.232264,0.2555677,0.2333974,0.3165738,0.2812653,0.2543525,0.2604793,0.2926657,0.2314673,0.2348779,0.236214,0.3621317,0.2232273,0.3001517,0.2398341,0.3314744,0.2411119,0.2829168,0.2569837,0.2707482,0.2528801,0.3106161,0.2380628,0.3179451,0.2684366
0.2726782,0.2556275,0.2334975,0.4146794,0.2603788,0.2666556,0.2661326,0.2710619,0.2524369,0.2707396,0.2699461,0.2394159,0.2519144,0.2505097,0.2546533,0.2677051,0.2785717,0.2534679,0.2719443,0.2394602,0.2539986,0.2617296,0.2421867,0.2455161,0.2430382,0.2537476,0.2671678,0.2400202,0.2487125,0.2430192,0.243969,0.2394339,0.2413434,0.2584095,0.2610785,0.2465615,0.2767902,0.2652138,0.2606654,0.2598669,0.2609805,0.2601815,0.2575682,0.2396799,0.2778523,0.2390105,0.3378017,0.2451671,0.3107556,0.2625585,0.2597125,0.2712763,0.249538,0.2645743,0.2655323,0.2701427,0.2569565,0.2705501,0.2725155,0.2411068,0.2668866,0.2698323,0.2576311,0.2412588,0.3512568,0.254094,0.318638,0.240732,0.2992863,0.2376514,0.2815306,0.2767259,0.2945577,0.2582339,0.2620947,0.23956,0.2758376,0.2336334,0.2285258,0.242723,0.3480393,0.2585366,0.2710095,0.2459477,0.3038041,0.2902523,0.2726897,0.2755637,0.2752321,0.2490371,0.2928253,0.2582267,0.2525254
0.3371603,0.2857992,0.2757444,0.2603788,0.4160968,0.3502746,0.2935641,0.4444887,0.3454273,0.4333723,0.3170975,0.2891649,0.3012431,0.2791054,0.2753453,0.3044876,0.2935096,0.3538252,0.3192522,0.2491954,0.2396145,0.321174,0.2784541,0.2657706,0.2492737,0.3297021,0.3523847,0.2668565,0.2668945,0.2748352,0.2725725,0.2860914,0.2843491,0.3493862,0.2982739,0.3072768,0.2548119,0.3456217,0.319102,0.3024397,0.2799665,0.3914199,0.3368413,0.3382126,0.2867838,0.3222867,0.275176,0.3399629,0.2791566,0.311698,0.322204,0.327997,0.2963514,0.3321248,0.3382148,0.336056,0.3139112,0.3214623,0.3217116,0.2488176,0.2682068,0.3527214,0.3374598,0.2665773,0.2597574,0.280678,0.274184,0.257007,0.2527181,0.2530122,0.2492061,0.3091596,0.3075774,0.3248352,0.3355438,0.273201,0.2540085,0.2608998,0.2571406,0.272346,0.2472703,0.3262694,0.2716661,0.3001129,0.2660319,0.3581567,0.3165209,0.3365132,0.3113851,0.2920062,0.258441,0.3483261,0.3656237
0.3077959,0.3198807,0.2602351,0.2666556,0.3502746,0.4295391,0.3274785,0.3493227,0.3964404,0.3429854,0.3806916,0.2723902,0.2793374,0.2533321,0.2603943,0.2904139,0.3312233,0.3088433,0.3793448,0.2415705,0.2377425,0.2820462,0.269344,0.2522694,0.2368515,0.2846282,0.3032729,0.2485357,0.2481595,0.2482325,0.2509092,0.2560276,0.2560577,0.2974286,0.3391112,0.2716873,0.2799477,0.3025203,0.3249065,0.2845872,0.2833747,0.3157691,0.4042929,0.2791934,0.3678426,0.2662727,0.323749,0.27785,0.3445139,0.2765967,0.2888368,0.2858346,0.2811537,0.2954586,0.307209,0.2902161,0.2970984,0.3153286,0.3119097,0.230037,0.2534558,0.3128716,0.3197059,0.2569833,0.2551165,0.2682637,0.2762397,0.2400432,0.2489047,0.2337735,0.2459275,0.2878433,0.3259361,0.304434,0.3113594,0.2610921,0.2602349,0.2391623,0.2398181,0.2536474,0.2518206,0.2853364,0.2955215,0.2644498,0.2962313,0.3085255,0.298656,0.2940545,0.2875018,0.2654787,0.2702087,0.3142726,0.34554
0.3625095,0.3596689,0.2620643,0.2661326,0.2935641,0.3274785,0.2601734,0.2159297,0.2561469,0.2313263,0.2456449,0.2628309,0.2644272,0.2378419,0.2339908,0.2642752,0.2907023,0.2980452,0.2787909,0.2742034,0.2192447,0.2689181,0.2818865,0.2583249,0.2229766,0.2379176,0.2350125,0.2512378,0.2246012,0.2372211,0.2228233,0.2426241,0.2263108,0.2616999,0.3400797,0.2941114,0.287873,0.3068509,0.3488166,0.3159547,0.2862107,0.2540559,0.3143156,0.2447662,0.3325248,0.2487599,0.3193071,0.2585092,0.2745927,0.2429689,0.262943,0.2577196,0.2510949,0.3067735,0.2688759,0.2808514,0.2871056,0.4678341,0.3055048,0.2136357,0.2119713,0.3117661,0.3253348,0.2310769,0.2258227,0.2314244,0.2251552,0.2371495,0.2274978,0.2322024,0.2183759,0.2616398,0.2722124,0.3102822,0.2754211,0.2619545,0.2520348,0.2274265,0.2174843,0.2515697,0.2558302,0.259336,0.3222568,0.2550093,0.3021575,0.2610869,0.2960673,0.2461796,0.2733642,0.256858,0.2710764,0.3277588,0.2782302
0.448246,0.3616155,0.2541303,0.2710619,0.4444887,0.3493227,0.2159297,0,0.4651906,0.8503042,0.3870228,0.4192912,0.4618374,0.3687848,0.3903109,0.3631139,0.3487475,0.2746922,0.3042031,0.2653278,0.2934597,0.4884816,0.3713283,0.3296174,0.3205534,0.5276778,0.6131061,0.3589414,0.3694529,0.384371,0.3847426,0.4179381,0.4142122,0.423381,0.3612289,0.281528,0.2388268,0.390982,0.4462911,0.3877027,0.3636013,0.5218776,0.35539,0.3116681,0.3090777,0.2782436,0.3158859,0.2626153,0.2882988,0.5039157,0.5185918,0.5302926,0.4176639,0.5226756,0.5598523,0.5417078,0.4674257,0.421977,0.5233631,0.3078642,0.352483,0.4371171,0.5193414,0.2786294,0.2986063,0.292382,0.3178184,0.2955371,0.3062592,0.3026457,0.3071936,0.3549674,0.3600356,0.4845841,0.5307544,0.2798425,0.2828918,0.3406666,0.327186,0.3151839,0.2753294,0.4414233,0.3321319,0.3052523,0.3142412,0.6434929,0.5056207,0.5569625,0.489535,0.3283742,0.2866256,0.3710419,0.5364869
0.2960549,0.3485809,0.2477572,0.2524369,0.3454273,0.3964404,0.2561469,0.4651906,0.5856622,0.3894679,0.7519367,0.3083968,0.3241919,0.2771877,0.294918,0.2787702,0.2759868,0.2668692,0.3010198,0.2426129,0.2571944,0.3271642,0.2897896,0.2650923,0.2595422,0.3405214,0.3632161,0.277826,0.281099,0.284026,0.2842517,0.3028232,0.2953405,0.3224133,0.3445625,0.256168,0.2410721,0.2853675,0.3675842,0.2880776,0.2989142,0.3300495,0.4718567,0.3064275,0.3994012,0.2827233,0.3240926,0.275975,0.2927021,0.3256889,0.3384039,0.3438168,0.2675709,0.3191899,0.3586338,0.3353485,0.3216813,0.2888796,0.3993042,0.2685398,0.2871914,0.2903232,0.3439611,0.2516097,0.2349604,0.2510949,0.256327,0.2511933,0.2513803,0.2588482,0.2599514,0.2520796,0.2798999,0.3021561,0.3427406,0.2614748,0.2421337,0.2697312,0.2666421,0.2717923,0.2437426,0.3206376,0.3248359,0.2696101,0.3311295,0.37758,0.3527492,0.3485317,0.3323906,0.2730722,0.2597644,0.2719184,0.2854679
0.3808825,0.3117972,0.2476305,0.2707396,0.4333723,0.3429854,0.2313263,0.8503042,0.3894679,0.3721804,0.3238012,0.3562322,0.3808709,0.314869,0.3313569,0.3130949,0.3281413,0.2801015,0.3077342,0.2569376,0.266372,0.4039417,0.3271559,0.3013016,0.2905623,0.412015,0.4768621,0.3169882,0.3154559,0.3287426,0.3275769,0.3533517,0.3525288,0.3731686,0.3443867,0.2777912,0.237815,0.3449526,0.3960901,0.3465082,0.326491,0.4909914,0.3318486,0.3160322,0.3225146,0.2865911,0.3247589,0.2662851,0.2966772,0.4015676,0.4186614,0.426745,0.3447095,0.4185783,0.4438246,0.4332602,0.3842198,0.3619047,0.4065597,0.2649789,0.2993754,0.3864629,0.437696,0.265165,0.2837576,0.2790383,0.2954207,0.2771162,0.2739125,0.2715183,0.2699338,0.3230319,0.3348495,0.3947583,0.425363,0.2722704,0.2620974,0.3037295,0.292833,0.2987307,0.2587178,0.3798448,0.3108439,0.289054,0.3017962,0.5084583,0.3977666,0.4423929,0.3914979,0.3159879,0.266802,0.3379975,0.4729168
0.2784881,0.3545258,0.2515981,0.2699461,0.3170975,0.3806916,0.2456449,0.3870228,0.7519367,0.3238012,0.4514628,0.2848787,0.2989438,0.2640313,0.2705309,0.2748527,0.2751419,0.26594,0.2853339,0.2421832,0.2452861,0.3043627,0.2690756,0.2642514,0.2446765,0.3049087,0.316875,0.2705218,0.260819,0.2672713,0.2630348,0.2804579,0.2735478,0.3059143,0.331044,0.2633933,0.2396274,0.2777332,0.3657401,0.2836338,0.2839277,0.3026979,0.4851145,0.3077108,0.4276188,0.2838643,0.355382,0.2812484,0.2896703,0.2999193,0.3048075,0.3190861,0.2426264,0.2816355,0.3216252,0.3016652,0.2895532,0.265475,0.376344,0.2490983,0.2606308,0.2821567,0.3080367,0.2545106,0.2314873,0.2500461,0.2438978,0.2456118,0.2403537,0.252756,0.2459592,0.2397601,0.2658319,0.2677613,0.3053451,0.26576,0.2261775,0.2604134,0.2543622,0.2746695,0.2484065,0.3041592,0.3350114,0.2696913,0.3607349,0.3410076,0.321347,0.3221603,0.301299,0.2715109,0.2603337,0.279211,0.2540503
0.3682598,0.3171231,0.2526346,0.2394159,0.2891649,0.2723902,0.2628309,0.4192912,0.3083968,0.3562322,0.2848787,0.4613667,0.455542,0.367068,0.3820516,0.3307745,0.2851196,0.2440994,0.2481118,0.2803886,0.2797152,0.3876602,0.3371878,0.3214618,0.2940587,0.4959964,0.5075196,0.3598069,0.3416634,0.3889409,0.3606798,0.4623504,0.4190618,0.3545403,0.3164259,0.2828495,0.2525955,0.3695865,0.3259729,0.3582029,0.3286655,0.3539156,0.2809335,0.2668365,0.2658896,0.262746,0.2529791,0.2453122,0.2415381,0.4073194,0.4179953,0.4204355,0.3169915,0.4357443,0.4618819,0.4237313,0.3982921,0.3513441,0.4730419,0.3438398,0.3581077,0.3785159,0.3837998,0.251066,0.2393243,0.2542645,0.2575223,0.2718402,0.2756485,0.3119874,0.2959433,0.2966155,0.2843034,0.4216343,0.4581945,0.2698311,0.255066,0.3500904,0.3484481,0.2628518,0.2426789,0.3648435,0.3181075,0.2833004,0.2885128,0.4744048,0.4444164,0.4264274,0.4183037,0.2850635,0.2700584,0.3676673,0.3675072
0.4024716,0.3417319,0.2547025,0.2519144,0.3012431,0.2793374,0.2644272,0.4618374,0.3241919,0.3808709,0.2989438,0.455542,0.5077459,0.3483692,0.3918718,0.3453718,0.2988507,0.2453044,0.2549782,0.2589619,0.3141261,0.4305507,0.3638969,0.3077013,0.3355059,0.5111924,0.5676963,0.3309968,0.4033184,0.3800789,0.4168044,0.4613572,0.461596,0.3802879,0.3329252,0.2849111,0.2560793,0.3986265,0.3373601,0.3628828,0.3421566,0.3785085,0.2920113,0.2706327,0.2731884,0.2734393,0.2614607,0.2432905,0.2500729,0.4468794,0.4735509,0.466596,0.3349181,0.4842073,0.524421,0.4751884,0.4430889,0.3872191,0.5169419,0.3157602,0.3460267,0.4081505,0.4143633,0.2473698,0.2564988,0.2573463,0.2806984,0.2642018,0.2869713,0.2847857,0.321231,0.3052222,0.3010712,0.4658817,0.51587,0.2594245,0.2625528,0.3526085,0.3566447,0.2636764,0.2501969,0.3940144,0.3343161,0.2920723,0.3015418,0.5275429,0.5008477,0.4787261,0.4658535,0.2873856,0.2811759,0.3800796,0.3857714
0.358212,0.3000839,0.2671663,0.2505097,0.2791054,0.2533321,0.2378419,0.3687848,0.2771877,0.314869,0.2640313,0.367068,0.3483692,0.410173,0.3906827,0.3860898,0.3037857,0.2562411,0.2446349,0.2832266,0.262722,0.3601601,0.297045,0.3035932,0.2644051,0.4141,0.4159804,0.3333305,0.3046733,0.3504554,0.3165552,0.3631019,0.3404095,0.3358911,0.293501,0.2716257,0.2268975,0.3664488,0.3182172,0.3361805,0.2935437,0.3293693,0.2573884,0.2596198,0.2584732,0.264092,0.2551672,0.255451,0.2429788,0.3738842,0.3647926,0.3878141,0.3143063,0.3704275,0.3877563,0.37986,0.3456065,0.3190319,0.4121664,0.3960519,0.4080626,0.36606,0.3452891,0.2914177,0.2617964,0.2900373,0.2785706,0.3117098,0.2937553,0.3369722,0.302625,0.3339538,0.3017332,0.3450627,0.3692338,0.2840555,0.2471587,0.3548675,0.3429496,0.2923838,0.2541646,0.3440899,0.2955265,0.2839943,0.2703306,0.4191108,0.3859022,0.3878519,0.3653481,0.285596,0.2552777,0.3546582,0.3123665
0.34484,0.3111972,0.253721,0.2546533,0.2753453,0.2603943,0.2339908,0.3903109,0.294918,0.3313569,0.2705309,0.3820516,0.3918718,0.3906827,0.4271122,0.3511235,0.313156,0.2463501,0.2504663,0.2612751,0.2960228,0.3608874,0.3067036,0.2892566,0.2871189,0.433514,0.4420258,0.302447,0.3585493,0.3462652,0.363675,0.3885382,0.3773388,0.3261197,0.3010718,0.2738807,0.2451019,0.335064,0.3307892,0.3255404,0.3015414,0.3230759,0.2664535,0.252063,0.256442,0.2564293,0.256755,0.2465372,0.2464394,0.3781034,0.3843034,0.3895579,0.3188746,0.3820961,0.4095229,0.3842021,0.3591746,0.3214551,0.4283858,0.3972573,0.4419729,0.3440935,0.3600442,0.2572828,0.2679004,0.2660446,0.2856035,0.2749908,0.3173301,0.2915398,0.346508,0.3125975,0.3009554,0.3595661,0.3921199,0.2624303,0.2633977,0.3644539,0.3793318,0.2640918,0.2662051,0.3401277,0.3031468,0.2756727,0.2784103,0.434595,0.4032201,0.3914547,0.377497,0.2844844,0.2684821,0.3064195,0.3098259
0.3809205,0.3383631,0.2966166,0.2677051,0.3044876,0.2904139,0.2642752,0.3631139,0.2787702,0.3130949,0.2748527,0.3307745,0.3453718,0.3860898,0.3511235,0.4593383,0.4244985,0.2767641,0.2822431,0.2802154,0.2660299,0.3794406,0.3229949,0.2977497,0.2662398,0.4181904,0.4210753,0.2996411,0.3099166,0.3204545,0.3138966,0.3295501,0.3122728,0.3704998,0.3277207,0.3069568,0.2739438,0.4190153,0.3439869,0.3449416,0.3236053,0.3569532,0.289301,0.2854507,0.2842652,0.2839008,0.278995,0.2663942,0.2734787,0.3987201,0.4011324,0.4199855,0.3414532,0.39059,0.4271668,0.4013008,0.3844181,0.3431677,0.4615419,0.3067654,0.3366363,0.4172711,0.3761445,0.3123778,0.27908,0.3257608,0.3133506,0.3057367,0.2940297,0.2915425,0.300299,0.3924944,0.373364,0.3678883,0.4063286,0.3096233,0.2685348,0.2775665,0.2756082,0.3181941,0.264905,0.3715341,0.3315068,0.3097513,0.3013441,0.4369008,0.4259036,0.4005821,0.3959295,0.3116164,0.280096,0.415351,0.379883
0.3279293,0.3222519,0.2762293,0.2785717,0.2935096,0.3312233,0.2907023,0.3487475,0.2759868,0.3281413,0.2751419,0.2851196,0.2988507,0.3037857,0.313156,0.4244985,0.3816641,0.2757356,0.296931,0.2786792,0.2592709,0.3192191,0.2948063,0.2842725,0.2480477,0.323904,0.3283531,0.2643788,0.2782302,0.2708334,0.2791018,0.2737372,0.2680487,0.3135168,0.338501,0.2901284,0.3377442,0.3221124,0.3239286,0.3082934,0.309945,0.318322,0.3213469,0.2782611,0.2940645,0.2649262,0.2892569,0.2576256,0.2822912,0.3202415,0.3315924,0.3353073,0.3081395,0.332523,0.3577288,0.3357235,0.3385889,0.3282354,0.3682071,0.257839,0.2819843,0.337868,0.3472676,0.2700613,0.2887794,0.2834959,0.3221467,0.263312,0.2831273,0.2511694,0.284855,0.3450752,0.3791822,0.3437443,0.3601681,0.2806137,0.2885355,0.2477189,0.2476831,0.2871782,0.2774196,0.3066162,0.3255322,0.2768231,0.3077184,0.3521069,0.3491873,0.3323851,0.3252195,0.2903771,0.29986,0.324298,0.4169718
0.2910093,0.2456957,0.3123253,0.2534679,0.3538252,0.3088433,0.2980452,0.2746922,0.2668692,0.2801015,0.26594,0.2440994,0.2453044,0.2562411,0.2463501,0.2767641,0.2757356,0.4303889,0.3440399,0.2493972,0.2256779,0.2683856,0.2407547,0.2500568,0.2279926,0.2584409,0.2534021,0.2416021,0.2397069,0.2430425,0.2412099,0.2449637,0.2402606,0.2930686,0.2495478,0.3193192,0.2323272,0.2994354,0.2586972,0.2832413,0.2420929,0.2988781,0.274694,0.305553,0.2574183,0.3248314,0.2643381,0.4051892,0.2712308,0.2576894,0.254593,0.2679571,0.2480985,0.2610445,0.2530984,0.2672897,0.249012,0.2762616,0.2555138,0.2415593,0.2492274,0.2972513,0.2577071,0.2854111,0.2495796,0.318391,0.2570835,0.2560981,0.2370837,0.2444689,0.2326999,0.320275,0.2999915,0.2534058,0.250829,0.272076,0.2317157,0.2364397,0.2376775,0.2737278,0.233369,0.279593,0.2412783,0.290447,0.2460874,0.2679674,0.249178,0.2699462,0.249633,0.281637,0.2383227,0.3024639,0.2688609
0.2855439,0.2640785,0.267895,0.2719443,0.3192522,0.3793448,0.2787909,0.3042031,0.3010198,0.3077342,0.2853339,0.2481118,0.2549782,0.2446349,0.2504663,0.2822431,0.296931,0.3440399,0.433352,0.239747,0.2302274,0.2742373,0.2415115,0.2512663,0.2328374,0.2612218,0.2728538,0.2456546,0.2414878,0.2431247,0.2448435,0.2464533,0.2465861,0.2757978,0.2689184,0.2714319,0.248016,0.2860677,0.2819111,0.2726151,0.2564266,0.282617,0.3087233,0.2634696,0.2917232,0.2680688,0.3121878,0.2875029,0.3786586,0.264151,0.2628556,0.2759015,0.2530912,0.2662083,0.2659657,0.2719868,0.256358,0.2760832,0.2702845,0.2355431,0.2560427,0.2893314,0.2769558,0.2561965,0.2737815,0.2750939,0.303261,0.239143,0.2515595,0.2299313,0.2426671,0.2984586,0.3417539,0.2628245,0.264846,0.2543514,0.2471978,0.237595,0.2367576,0.2460193,0.2494127,0.2717494,0.2548718,0.2604914,0.2669717,0.278979,0.2624791,0.2707539,0.26215,0.2616662,0.2533934,0.2893877,0.2818435
0.2858616,0.2488231,0.2677573,0.2394602,0.2491954,0.2415705,0.2742034,0.2653278,0.2426129,0.2569376,0.2421832,0.2803886,0.2589619,0.2832266,0.2612751,0.2802154,0.2786792,0.2493972,0.239747,0.430658,0.2438078,0.3107125,0.2447439,0.4067909,0.2398272,0.2659878,0.2633363,0.3194318,0.2564698,0.2805274,0.255103,0.2695987,0.2526342,0.2614607,0.2451955,0.3219801,0.2356407,0.2690019,0.2573395,0.3534095,0.2468358,0.2529716,0.2342114,0.2473291,0.2348632,0.2433256,0.2379835,0.2434007,0.2336673,0.2797682,0.264466,0.2911691,0.2426384,0.2730078,0.2671064,0.2807024,0.2585625,0.2783512,0.2825333,0.2523897,0.2486775,0.2685772,0.2590985,0.2748768,0.245806,0.2584462,0.2467076,0.2949495,0.2500481,0.3058649,0.2586148,0.2680008,0.2591352,0.2596845,0.2602663,0.350729,0.2407304,0.2544982,0.2438068,0.2980062,0.2405535,0.2721989,0.2520598,0.2745105,0.2430135,0.298507,0.2690901,0.317644,0.2636944,0.321274,0.2381217,0.2626738,0.2529915
0.2635171,0.2582233,0.2252465,0.2539986,0.2396145,0.2377425,0.2192447,0.2934597,0.2571944,0.266372,0.2452861,0.2797152,0.3141261,0.262722,0.2960228,0.2660299,0.2592709,0.2256779,0.2302274,0.2438078,0.3818783,0.2831848,0.2833707,0.2521294,0.3551832,0.3051307,0.3262207,0.2503366,0.3367665,0.2721286,0.3206037,0.287826,0.3073035,0.2597683,0.2537181,0.2425744,0.2727726,0.2525041,0.2677673,0.2583052,0.3028641,0.2580888,0.2385392,0.23407,0.2368062,0.2322944,0.2442352,0.2233863,0.2356378,0.2951731,0.3073088,0.2988675,0.2623723,0.2913931,0.3145118,0.2915189,0.2873688,0.2549351,0.3131878,0.2599257,0.2767973,0.25862,0.2773943,0.2278702,0.2741883,0.2273175,0.2477425,0.2375976,0.2994235,0.2390285,0.3337448,0.2437898,0.2478693,0.2797164,0.3029215,0.2378764,0.3095935,0.2736592,0.2857749,0.236172,0.280865,0.2691585,0.2710052,0.2403427,0.268101,0.3187203,0.3117557,0.2974428,0.3190299,0.2481432,0.2710564,0.2400918,0.2599227
0.4655159,0.3466296,0.2568741,0.2617296,0.321174,0.2820462,0.2689181,0.4884816,0.3271642,0.4039417,0.3043627,0.3876602,0.4305507,0.3601601,0.3608874,0.3794406,0.3192191,0.2683856,0.2742373,0.3107125,0.2831848,0.5350535,0.3597716,0.392837,0.3080115,0.5271471,0.5532336,0.3978361,0.359911,0.3992117,0.3813344,0.4175943,0.3956555,0.4303906,0.3350731,0.3139492,0.238521,0.4437339,0.3679931,0.4159517,0.334303,0.4194222,0.2883004,0.2989689,0.2770162,0.2916369,0.2759279,0.2685238,0.2622777,0.5298486,0.478604,0.6034019,0.3641355,0.5303077,0.5182558,0.5912907,0.4430515,0.4477678,0.5193164,0.3086213,0.3382779,0.4599271,0.4353334,0.2627677,0.2639265,0.2960818,0.2940624,0.2985169,0.2897242,0.3257551,0.2978101,0.3427846,0.3240662,0.4846902,0.4915267,0.29352,0.2644766,0.3215743,0.323491,0.2711051,0.2600475,0.4438234,0.338895,0.3234456,0.302025,0.5935431,0.5102549,0.5700788,0.4747009,0.3148345,0.2789302,0.412585,0.4157147
0.3335054,0.3490246,0.2497246,0.2421867,0.2784541,0.269344,0.2818865,0.3713283,0.2897896,0.3271559,0.2690756,0.3371878,0.3638969,0.297045,0.3067036,0.3229949,0.2948063,0.2407547,0.2415115,0.2447439,0.2833707,0.3597716,0.4493347,0.276473,0.3508949,0.3858523,0.4074998,0.2962817,0.3409475,0.3164112,0.3258666,0.3395588,0.3313761,0.3148835,0.3319049,0.260365,0.3129423,0.3175107,0.3242159,0.3000467,0.3604771,0.3191129,0.2860198,0.2602331,0.2710294,0.2587891,0.2590646,0.2420104,0.2448761,0.3719339,0.4488763,0.3838774,0.4105072,0.3799215,0.4347979,0.3789585,0.4538064,0.3434471,0.4374718,0.2724127,0.2854121,0.3325856,0.3708395,0.244972,0.244279,0.2556159,0.2552998,0.2638361,0.2571863,0.2730953,0.2611053,0.2807334,0.2788852,0.3766606,0.4187334,0.2425271,0.2835416,0.2738436,0.2823536,0.251283,0.2399763,0.318725,0.3345321,0.2646134,0.3052984,0.4068792,0.4224561,0.3732686,0.4175121,0.2649801,0.2956863,0.313486,0.3597562
0.3359695,0.2758075,0.2533773,0.2455161,0.2657706,0.2522694,0.2583249,0.3296174,0.2650923,0.3013016,0.2642514,0.3214618,0.3077013,0.3035932,0.2892566,0.2977497,0.2842725,0.2500568,0.2512663,0.4067909,0.2521294,0.392837,0.276473,0.4249007,0.2631875,0.340403,0.3503764,0.366275,0.2875038,0.3226852,0.2905146,0.3198617,0.2987451,0.3030087,0.2655835,0.2982854,0.2355637,0.3153943,0.2852528,0.3705379,0.2702882,0.2969376,0.2485914,0.2579479,0.2459024,0.2516503,0.2467339,0.248583,0.243377,0.3469365,0.3234829,0.3693472,0.2731216,0.3365907,0.3330903,0.3619387,0.3081444,0.3217291,0.3341004,0.2650774,0.2676499,0.3190124,0.3016876,0.2698791,0.2487605,0.2648783,0.2552885,0.2805265,0.2543024,0.3010091,0.2606983,0.2779023,0.2717246,0.3201576,0.3242023,0.3114721,0.2446006,0.2768574,0.2674247,0.2774221,0.2429312,0.3150208,0.2703736,0.2791344,0.2563673,0.3726527,0.3251072,0.3880087,0.314312,0.3048336,0.2465199,0.3085793,0.3034438
0.2766632,0.2674884,0.232258,0.2430382,0.2492737,0.2368515,0.2229766,0.3205534,0.2595422,0.2905623,0.2446765,0.2940587,0.3355059,0.2644051,0.2871189,0.2662398,0.2480477,0.2279926,0.2328374,0.2398272,0.3551832,0.3080115,0.3508949,0.2631875,0.4109292,0.3198774,0.3546281,0.2713101,0.347092,0.2820244,0.3242493,0.3011283,0.3188027,0.2708212,0.2543397,0.245081,0.2603227,0.2712689,0.2681784,0.2662857,0.3232043,0.2749895,0.2378865,0.2380715,0.2337079,0.2372676,0.2422244,0.2283529,0.2362249,0.3138824,0.3382719,0.3175632,0.2825774,0.3117278,0.3349173,0.3138843,0.3217032,0.2673177,0.3318613,0.252639,0.2615707,0.2734943,0.2861615,0.233138,0.2567454,0.2419825,0.2437242,0.2470334,0.2661861,0.2525851,0.273805,0.2540069,0.2492652,0.2977528,0.3244997,0.234525,0.2878839,0.2658889,0.2753105,0.2385179,0.2553051,0.2774509,0.2683081,0.2428807,0.263772,0.3285101,0.3388492,0.3169868,0.3500524,0.2486018,0.2598261,0.2590643,0.2636287
0.4863013,0.3921924,0.261555,0.2537476,0.3297021,0.2846282,0.2379176,0.5276778,0.3405214,0.412015,0.3049087,0.4959964,0.5111924,0.4141,0.433514,0.4181904,0.323904,0.2584409,0.2612218,0.2659878,0.3051307,0.5271471,0.3858523,0.340403,0.3198774,0.6608718,0.6626728,0.3725894,0.4083167,0.4474185,0.4201171,0.5156745,0.4587883,0.4655917,0.3633345,0.3034373,0.236537,0.4848386,0.4133105,0.4213319,0.3638628,0.4575663,0.3022894,0.3052703,0.2891076,0.2983386,0.2760022,0.2656876,0.2551698,0.5659557,0.5355888,0.5834076,0.4453212,0.6017162,0.6001377,0.5983216,0.4979405,0.4533795,0.5913842,0.3904841,0.4233528,0.507616,0.4942746,0.2718567,0.2584348,0.2937336,0.2938002,0.314298,0.3148126,0.3421276,0.3437816,0.3624668,0.3308703,0.5597335,0.5846848,0.2855465,0.2747457,0.3616521,0.3671731,0.2914051,0.2630261,0.4753759,0.3557945,0.3261561,0.3123895,0.6555046,0.5680344,0.5824267,0.529664,0.3098598,0.2888219,0.4500201,0.4719398
0.530042,0.3918768,0.2712409,0.2671678,0.3523847,0.3032729,0.2350125,0.6131061,0.3632161,0.4768621,0.316875,0.5075196,0.5676963,0.4159804,0.4420258,0.4210753,0.3283531,0.2534021,0.2728538,0.2633363,0.3262207,0.5532336,0.4074998,0.3503764,0.3546281,0.6626728,0.7588357,0.3788021,0.4417195,0.4292063,0.4610921,0.5038711,0.4989185,0.4775924,0.3705799,0.3120309,0.2375833,0.5226336,0.4057812,0.4480416,0.3695956,0.4793521,0.3188688,0.2974513,0.288407,0.2946232,0.2805015,0.2546948,0.2675148,0.5627285,0.6047943,0.5951163,0.429954,0.6162082,0.6678378,0.6196589,0.5384864,0.4964198,0.5999701,0.3572498,0.4153698,0.5371406,0.5179513,0.2678629,0.2874671,0.288087,0.3189468,0.2955201,0.3241184,0.3173491,0.35531,0.3711829,0.3507132,0.5862287,0.6525342,0.2909295,0.2754515,0.3665644,0.3703294,0.2937241,0.2649917,0.4923576,0.3556993,0.3329125,0.308544,0.6974475,0.5993857,0.631767,0.5593325,0.322686,0.2927677,0.5111633,0.5043153
0.3398376,0.2786599,0.246763,0.2400202,0.2668565,0.2485357,0.2512378,0.3589414,0.277826,0.3169882,0.2705218,0.3598069,0.3309968,0.3333305,0.302447,0.2996411,0.2643788,0.2416021,0.2456546,0.3194318,0.2503366,0.3978361,0.2962817,0.366275,0.2713101,0.3725894,0.3788021,0.4012884,0.2833996,0.3710164,0.3074712,0.3693971,0.3390085,0.314299,0.2748856,0.2714652,0.2328768,0.31793,0.2938332,0.3347257,0.288164,0.3115225,0.2531803,0.2538448,0.2468053,0.2510068,0.2449869,0.2450167,0.2395846,0.3853641,0.3489375,0.4107599,0.2683849,0.3652348,0.36051,0.3973652,0.327905,0.3213245,0.3710113,0.3135867,0.2961915,0.3278378,0.3224944,0.2582793,0.2440597,0.2580113,0.2512556,0.2841661,0.2508371,0.3389818,0.2505905,0.2762575,0.2641716,0.3410762,0.3456341,0.2710509,0.2418319,0.3234676,0.3044697,0.2540709,0.2384108,0.3232361,0.2793667,0.267673,0.2603626,0.4096441,0.3600638,0.3917571,0.3446321,0.2715803,0.2466402,0.3164293,0.3147463
0.3400584,0.2949812,0.2465879,0.2487125,0.2668945,0.2481595,0.2246012,0.3694529,0.281099,0.3154559,0.260819,0.3416634,0.4033184,0.3046733,0.3585493,0.3099166,0.2782302,0.2397069,0.2414878,0.2564698,0.3367665,0.359911,0.3409475,0.2875038,0.347092,0.4083167,0.4417195,0.2833996,0.4148667,0.3283896,0.3873912,0.3633842,0.3778815,0.3156378,0.2810574,0.2673627,0.2317862,0.3295745,0.299983,0.3123313,0.2957623,0.3112376,0.2520311,0.2484559,0.2453509,0.253722,0.2457576,0.2353408,0.2391529,0.3785272,0.4068065,0.3791382,0.3478515,0.381935,0.4089664,0.3810965,0.3671237,0.3209657,0.3943413,0.2848232,0.3180029,0.3346339,0.3382896,0.239436,0.2754761,0.2483022,0.272045,0.24944,0.2953458,0.2470461,0.3457302,0.2771774,0.2765397,0.3619871,0.3953085,0.2521208,0.259116,0.3228426,0.3275671,0.2560155,0.2529742,0.3295625,0.285222,0.2703207,0.2621756,0.4195626,0.3882117,0.3876824,0.36966,0.273735,0.2567072,0.3024973,0.3028157
0.3584526,0.3020412,0.2431044,0.2430192,0.2748352,0.2482325,0.2372211,0.384371,0.284026,0.3287426,0.2672713,0.3889409,0.3800789,0.3504554,0.3462652,0.3204545,0.2708334,0.2430425,0.2431247,0.2805274,0.2721286,0.3992117,0.3164112,0.3226852,0.2820244,0.4474185,0.4292063,0.3710164,0.3283896,0.4018623,0.3520856,0.4178505,0.3800634,0.3394713,0.2934884,0.2659999,0.2314311,0.3445637,0.3177764,0.3308622,0.3014024,0.334851,0.2563205,0.2579353,0.2551681,0.2597056,0.2511235,0.2471858,0.2400968,0.4255942,0.392656,0.4332978,0.3016187,0.4152422,0.4132926,0.4256372,0.3652079,0.3361146,0.4279993,0.3453703,0.34207,0.3580619,0.3584705,0.2523372,0.2442197,0.2587569,0.2598741,0.2860785,0.2734118,0.3272848,0.2868222,0.2904707,0.2752627,0.3838879,0.3955085,0.2556489,0.2479785,0.362442,0.3419716,0.2524549,0.2458544,0.3508589,0.3000954,0.274481,0.2751619,0.457508,0.4129117,0.4146707,0.3866924,0.2693675,0.2570418,0.3221998,0.3321525
0.3554924,0.2983733,0.2496102,0.243969,0.2725725,0.2509092,0.2228233,0.3847426,0.2842517,0.3275769,0.2630348,0.3606798,0.4168044,0.3165552,0.363675,0.3138966,0.2791018,0.2412099,0.2448435,0.255103,0.3206037,0.3813344,0.3258666,0.2905146,0.3242493,0.4201171,0.4610921,0.3074712,0.3873912,0.3520856,0.4043597,0.3871209,0.4035817,0.3316478,0.2868285,0.2683498,0.2275154,0.3474483,0.3043032,0.3238449,0.2984156,0.3247471,0.2566605,0.2514302,0.2476869,0.2598667,0.2485439,0.2389791,0.2409418,0.4036707,0.4158077,0.414387,0.3225048,0.4014187,0.4298362,0.4085378,0.3728431,0.3324041,0.4193362,0.3048771,0.3350754,0.3552272,0.3527402,0.245044,0.2620522,0.2579288,0.2749812,0.2566752,0.2930816,0.2663966,0.3287272,0.2932531,0.2838354,0.3766195,0.4113952,0.2519584,0.2524171,0.332616,0.3571234,0.2541483,0.2483053,0.346518,0.2921929,0.2728493,0.2675314,0.447972,0.4111027,0.4068361,0.3869241,0.2746607,0.2535282,0.3254179,0.3252758
0.380432,0.3163313,0.2461592,0.2394339,0.2860914,0.2560276,0.2426241,0.4179381,0.3028232,0.3533517,0.2804579,0.4623504,0.4613572,0.3631019,0.3885382,0.3295501,0.2737372,0.2449637,0.2464533,0.2695987,0.287826,0.4175943,0.3395588,0.3198617,0.3011283,0.5156745,0.5038711,0.3693971,0.3633842,0.4178505,0.3871209,0.4864363,0.4538689,0.3670236,0.3106254,0.2760177,0.2300221,0.3764021,0.3296257,0.3541957,0.3191416,0.3596472,0.2677306,0.2665436,0.2633004,0.2697299,0.2531036,0.2475806,0.2397366,0.4319291,0.4281937,0.4561,0.3127601,0.4565522,0.4698138,0.4563326,0.4007005,0.3502679,0.4789672,0.3698862,0.3733321,0.3887795,0.3885403,0.2426421,0.2352152,0.2536463,0.2595001,0.2736456,0.2770099,0.3141887,0.3000948,0.2962189,0.2808512,0.4262245,0.4569569,0.258337,0.2481891,0.3805111,0.3781928,0.2526609,0.2441753,0.380135,0.3162569,0.2858085,0.2859479,0.5031783,0.4605459,0.4475521,0.4292772,0.2777072,0.2641851,0.3529108,0.3610561
0.3661246,0.3035598,0.2434971,0.2413434,0.2843491,0.2560577,0.2263108,0.4142122,0.2953405,0.3525288,0.2735478,0.4190618,0.461596,0.3404095,0.3773388,0.3122728,0.2680487,0.2402606,0.2465861,0.2526342,0.3073035,0.3956555,0.3313761,0.2987451,0.3188027,0.4587883,0.4989185,0.3390085,0.3778815,0.3800634,0.4035817,0.4538689,0.4485824,0.3484712,0.2986679,0.2681431,0.2280677,0.3635998,0.3139693,0.3372941,0.3124523,0.3452492,0.2649519,0.259441,0.2545802,0.2624958,0.248733,0.2396584,0.2424643,0.4056332,0.4170658,0.4268543,0.29221,0.4261149,0.4532267,0.4276981,0.3856405,0.339626,0.446176,0.3350824,0.3549308,0.371127,0.3705081,0.2380542,0.2478213,0.2511054,0.2691699,0.2564287,0.2815686,0.2837782,0.3118187,0.2917097,0.2815862,0.4029545,0.4419687,0.2513275,0.2476463,0.3674549,0.3753845,0.2486899,0.2425413,0.3605863,0.3028859,0.2775313,0.2753481,0.4695955,0.4356276,0.4252179,0.407288,0.2732165,0.2582135,0.3539702,0.3501794
0.4409525,0.3296487,0.301938,0.2584095,0.3493862,0.2974286,0.2616999,0.423381,0.3224133,0.3731686,0.3059143,0.3545403,0.3802879,0.3358911,0.3261197,0.3704998,0.3135168,0.2930686,0.2757978,0.2614607,0.2597683,0.4303906,0.3148835,0.3030087,0.2708212,0.4655917,0.4775924,0.314299,0.3156378,0.3394713,0.3316478,0.3670236,0.3484712,0.4728164,0.3275074,0.3257242,0.2357852,0.4753333,0.3591107,0.3820018,0.313153,0.4460128,0.3148741,0.39759,0.2816685,0.3476033,0.2685606,0.3026478,0.2604725,0.4302934,0.4129421,0.4604098,0.3641635,0.4530196,0.455061,0.4689227,0.3935364,0.3886714,0.4457251,0.2834546,0.3072239,0.4871723,0.4111963,0.2933896,0.2549096,0.3054676,0.2889251,0.2849067,0.2727,0.28791,0.2793684,0.3391472,0.3182112,0.4276749,0.4416152,0.3119655,0.256335,0.2986106,0.3033872,0.315192,0.249739,0.4589933,0.3070861,0.3540028,0.2791929,0.5051805,0.4353973,0.467604,0.4101724,0.3225431,0.2666722,0.4732918,0.4388002
0.3457613,0.3916631,0.2442679,0.2610785,0.2982739,0.3391112,0.3400797,0.3612289,0.3445625,0.3443867,0.331044,0.3164259,0.3329252,0.293501,0.3010718,0.3277207,0.338501,0.2495478,0.2689184,0.2451955,0.2537181,0.3350731,0.3319049,0.2655835,0.2543397,0.3633345,0.3705799,0.2748856,0.2810574,0.2934884,0.2868285,0.3106254,0.2986679,0.3275074,0.4334019,0.2582768,0.3457657,0.3365515,0.4134122,0.3093135,0.3598311,0.3379002,0.3689596,0.2632962,0.3761224,0.2582028,0.3065139,0.2426491,0.2704801,0.3431904,0.3597399,0.3578289,0.3532466,0.3678147,0.4004311,0.3578951,0.3864051,0.3570682,0.436383,0.2610185,0.2816177,0.3578883,0.4311395,0.2489344,0.24722,0.2511396,0.2635884,0.2500111,0.2666708,0.2571183,0.2649688,0.2831573,0.3012134,0.3661355,0.3905796,0.2533673,0.2980776,0.2724136,0.268561,0.2569825,0.260395,0.3195559,0.4065227,0.2651379,0.3555331,0.3894064,0.4120672,0.357446,0.3769149,0.2617674,0.3165296,0.3524177,0.4440046
0.3586946,0.2645705,0.355485,0.2465615,0.3072768,0.2716873,0.2941114,0.281528,0.256168,0.2777912,0.2633933,0.2828495,0.2849111,0.2716257,0.2738807,0.3069568,0.2901284,0.3193192,0.2714319,0.3219801,0.2425744,0.3139492,0.260365,0.2982854,0.245081,0.3034373,0.3120309,0.2714652,0.2673627,0.2659999,0.2683498,0.2760177,0.2681431,0.3257242,0.2582768,0.3907703,0.2360485,0.3912503,0.2825827,0.3717457,0.2635601,0.3007882,0.2635397,0.3050856,0.2552879,0.3169272,0.2559765,0.2989039,0.245497,0.3096572,0.2922828,0.3281492,0.2739375,0.3151867,0.3020281,0.3183008,0.2818467,0.3069186,0.2990515,0.2256912,0.2543125,0.3755761,0.2865781,0.2845183,0.23847,0.2924922,0.256351,0.2885412,0.250993,0.2607602,0.2549887,0.312146,0.2912413,0.2995191,0.2965606,0.4518514,0.2453606,0.2455669,0.2458103,0.3360848,0.2404719,0.3510513,0.2522777,0.3960325,0.2493816,0.3414523,0.2894555,0.3215485,0.2853899,0.4454685,0.2455673,0.3821868,0.321018
0.2602546,0.3102095,0.2320444,0.2767902,0.2548119,0.2799477,0.287873,0.2388268,0.2410721,0.237815,0.2396274,0.2525955,0.2560793,0.2268975,0.2451019,0.2739438,0.3377442,0.2323272,0.248016,0.2356407,0.2727726,0.238521,0.3129423,0.2355637,0.2603227,0.236537,0.2375833,0.2328768,0.2317862,0.2314311,0.2275154,0.2300221,0.2280677,0.2357852,0.3457657,0.2360485,0.5119067,0.2399106,0.3565716,0.244427,0.3933455,0.2541481,0.3056958,0.2324791,0.2559324,0.2387606,0.2603977,0.2297819,0.2454351,0.2381409,0.2647589,0.2350455,0.319365,0.2732046,0.2914066,0.2507473,0.3179691,0.2994311,0.2777226,0.2271729,0.2308458,0.2566412,0.3479308,0.2320014,0.25596,0.2244775,0.2468741,0.2302973,0.2859103,0.2313341,0.2537563,0.2403697,0.2684365,0.3119023,0.3093891,0.2281764,0.4878236,0.2290618,0.2294732,0.2357025,0.3106888,0.2305001,0.3589993,0.2302021,0.380268,0.2511265,0.2850949,0.2462402,0.2807439,0.2316319,0.4796538,0.2497738,0.4334651
0.5731101,0.345966,0.3207501,0.2652138,0.3456217,0.3025203,0.3068509,0.390982,0.2853675,0.3449526,0.2777332,0.3695865,0.3986265,0.3664488,0.335064,0.4190153,0.3221124,0.2994354,0.2860677,0.2690019,0.2525041,0.4437339,0.3175107,0.3153943,0.2712689,0.4848386,0.5226336,0.31793,0.3295745,0.3445637,0.3474483,0.3764021,0.3635998,0.4753333,0.3365515,0.3912503,0.2399106,0.6412578,0.3843399,0.4716758,0.3257392,0.4196767,0.3049785,0.3049259,0.2991689,0.3455838,0.2888293,0.2809665,0.2666479,0.4371076,0.4371398,0.4702601,0.3990811,0.466388,0.481461,0.4705061,0.4066526,0.4426514,0.464032,0.2661554,0.3033312,0.6262648,0.4281562,0.3024788,0.2551675,0.3067925,0.2974545,0.2897731,0.2789989,0.2824735,0.2859835,0.3729181,0.3441249,0.446733,0.4684637,0.3783997,0.2612561,0.3064021,0.3133879,0.3366315,0.2545652,0.5084337,0.3092584,0.4038074,0.2833518,0.5066994,0.4403395,0.4839289,0.4185798,0.3599963,0.2682883,0.6462159,0.5055599
0.3925466,0.4699816,0.2579031,0.2606654,0.319102,0.3249065,0.3488166,0.4462911,0.3675842,0.3960901,0.3657401,0.3259729,0.3373601,0.3182172,0.3307892,0.3439869,0.3239286,0.2586972,0.2819111,0.2573395,0.2677673,0.3679931,0.3242159,0.2852528,0.2681784,0.4133105,0.4057812,0.2938332,0.299983,0.3177764,0.3043032,0.3296257,0.3139693,0.3591107,0.4134122,0.2825827,0.3565716,0.3843399,0.5094821,0.3506345,0.4131134,0.3803568,0.3415578,0.2748515,0.3314294,0.2630741,0.3072912,0.2476311,0.272743,0.387313,0.3814507,0.4001003,0.3945487,0.4070533,0.4156931,0.4027878,0.3841421,0.3807782,0.458286,0.2770761,0.3018987,0.4143923,0.4871347,0.266472,0.2619864,0.2597944,0.2791288,0.2700002,0.2924155,0.274252,0.282928,0.3024393,0.3146309,0.3884599,0.4012311,0.2753344,0.346281,0.3033004,0.2977003,0.2895445,0.2782301,0.356124,0.4000823,0.2876523,0.3589057,0.4533996,0.4079025,0.4022141,0.3844692,0.2889409,0.3406222,0.3879163,0.4725634
0.4748159,0.3183936,0.3023349,0.2598669,0.3024397,0.2845872,0.3159547,0.3877027,0.2880776,0.3465082,0.2836338,0.3582029,0.3628828,0.3361805,0.3255404,0.3449416,0.3082934,0.2832413,0.2726151,0.3534095,0.2583052,0.4159517,0.3000467,0.3705379,0.2662857,0.4213319,0.4480416,0.3347257,0.3123313,0.3308622,0.3238449,0.3541957,0.3372941,0.3820018,0.3093135,0.3717457,0.244427,0.4716758,0.3506345,0.4486562,0.300802,0.353056,0.2836224,0.2773156,0.285358,0.2922174,0.2821651,0.2704297,0.2581112,0.3976656,0.3871827,0.4228038,0.354217,0.4153987,0.4117617,0.4286089,0.3617603,0.4101543,0.3947407,0.2728049,0.2990563,0.4662646,0.3768258,0.2925541,0.2516127,0.2969561,0.2757274,0.2962236,0.2756154,0.2964026,0.2820546,0.3336942,0.314173,0.3935505,0.3999966,0.3695449,0.2595345,0.2902613,0.2921147,0.3203595,0.2558355,0.4097985,0.294453,0.3376525,0.2770874,0.4724592,0.3803242,0.4626844,0.3685246,0.3493161,0.2647856,0.4630508,0.4152431
0.3207214,0.3883362,0.243177,0.2609805,0.2799665,0.2833747,0.2862107,0.3636013,0.2989142,0.326491,0.2839277,0.3286655,0.3421566,0.2935437,0.3015414,0.3236053,0.309945,0.2420929,0.2564266,0.2468358,0.3028641,0.334303,0.3604771,0.2702882,0.3232043,0.3638628,0.3695956,0.288164,0.2957623,0.3014024,0.2984156,0.3191416,0.3124523,0.313153,0.3598311,0.2635601,0.3933455,0.3257392,0.4131134,0.300802,0.4091271,0.3253447,0.2973596,0.2590839,0.2794887,0.2543551,0.2693786,0.2385814,0.2533073,0.3442234,0.3643162,0.3592951,0.3434604,0.3542911,0.394326,0.3514938,0.3838009,0.3185364,0.4410433,0.2629914,0.2758983,0.340296,0.4001836,0.2469497,0.2536009,0.2460803,0.2621086,0.2568304,0.2728455,0.2684449,0.2676195,0.2761862,0.2863445,0.3491227,0.3829238,0.2508515,0.3533106,0.2747915,0.2752982,0.263842,0.2681879,0.3131538,0.3687557,0.2661025,0.3436458,0.3793724,0.4034455,0.3495993,0.3921494,0.2668939,0.3424911,0.3425458,0.4057828
0.4050156,0.3383204,0.2809909,0.2601815,0.3914199,0.3157691,0.2540559,0.5218776,0.3300495,0.4909914,0.3026979,0.3539156,0.3785085,0.3293693,0.3230759,0.3569532,0.318322,0.2988781,0.282617,0.2529716,0.2580888,0.4194222,0.3191129,0.2969376,0.2749895,0.4575663,0.4793521,0.3115225,0.3112376,0.334851,0.3247471,0.3596472,0.3452492,0.4460128,0.3379002,0.3007882,0.2541481,0.4196767,0.3803568,0.353056,0.3253447,0.4762987,0.3319912,0.3845628,0.2848862,0.3251254,0.275333,0.3012269,0.2676864,0.4157326,0.411586,0.4421648,0.3672499,0.4479281,0.4533001,0.4604127,0.3962838,0.3814403,0.4329447,0.2828265,0.3065217,0.4429721,0.430004,0.2823804,0.2669746,0.2973155,0.2914468,0.2816288,0.2734381,0.2872125,0.2736919,0.3357058,0.3211002,0.4284814,0.4445274,0.2842675,0.2696481,0.3011571,0.3002574,0.301609,0.2548526,0.4053889,0.3086922,0.3209673,0.2840588,0.493146,0.4244108,0.4541483,0.4071257,0.304749,0.2747001,0.4275395,0.4690909
0.3104849,0.3454512,0.2484419,0.2575682,0.3368413,0.4042929,0.3143156,0.35539,0.4718567,0.3318486,0.4851145,0.2809335,0.2920113,0.2573884,0.2664535,0.289301,0.3213469,0.274694,0.3087233,0.2342114,0.2385392,0.2883004,0.2860198,0.2485914,0.2378865,0.3022894,0.3188688,0.2531803,0.2520311,0.2563205,0.2566605,0.2677306,0.2649519,0.3148741,0.3689596,0.2635397,0.3056958,0.3049785,0.3415578,0.2836224,0.2973596,0.3319912,0.4329081,0.2953647,0.3772999,0.2727732,0.3073831,0.2729873,0.3008223,0.2877263,0.3028784,0.2942645,0.3124412,0.3144078,0.3275234,0.3074926,0.3222491,0.3259514,0.3270193,0.2451869,0.2640155,0.3171349,0.3454733,0.2498194,0.2437655,0.2559845,0.2631131,0.2393297,0.2468826,0.2417179,0.2442013,0.2700722,0.2998562,0.3270327,0.3340349,0.2557368,0.2698496,0.2467338,0.2469953,0.2489609,0.2465967,0.2951246,0.313789,0.2614025,0.308387,0.3265427,0.316356,0.3088082,0.3049464,0.2561481,0.279195,0.3225887,0.3837053
