0.4805747,0.3057226,0.2266943,0.2079294,0.2794863,0.2293783,0.2683739,0.4581232,0.2268278,0.3505692,0.1788142,0.3224178,0.3609886,0.3063506,0.2979566,0.3356722,0.2595457,0.194784,0.1968457,0.2214088,0.1861851,0.4440203,0.2633104,0.271124,0.2044839,0.4526754,0.5098332,0.2794694,0.2804469,0.3070162,0.296727,0.3376014,0.3187012,0.4083541,0.2853598,0.3156026,0.1704135,0.5452279,0.3611786,0.4285546,0.2693592,0.3694309,0.2323595,0.2086909,0.2190377,0.2678119,0.2225614,0.183856,0.1761557,0.45318,0.408805,0.4784844,0.3504515,0.4803851,0.4628029,0.5075599,0.3890545,0.458623,0.4374296,0.2125471,0.2788731,0.5354667,0.4299775,0.1874038,0.1900163,0.2254115,0.2488306,0.2127148,0.2272615,0.2162592,0.2408203,0.3078927,0.2818215,0.4570841,0.4409359,0.2643291,0.2001457,0.2246466,0.2270558,0.2220453,0.1981083,0.4351586,0.248384,0.3138117,0.2059705,0.5834062,0.4448015,0.5191664,0.4020549,0.2906944,0.2016937,0.4923885,0.4646106
0.3057226,0.4737615,0.1511958,0.1593813,0.21943,0.2407014,0.2635619,0.3476742,0.2977949,0.292421,0.2980274,0.2379087,0.2664116,0.2225588,0.2288643,0.2753181,0.2429911,0.1519634,0.1726503,0.1454455,0.1832224,0.2763028,0.2797801,0.1790581,0.1989641,0.3249738,0.3374666,0.1922738,0.2092482,0.2252462,0.2201942,0.2431405,0.2326916,0.2718251,0.314932,0.1854349,0.2059781,0.3042975,0.423438,0.2347241,0.3367481,0.2865553,0.2717524,0.169148,0.2538624,0.1754865,0.1784379,0.1370418,0.1624254,0.2997934,0.3066201,0.3118236,0.2940894,0.3245478,0.371175,0.3194853,0.3776963,0.3119849,0.4447958,0.1847207,0.2059066,0.3227023,0.3477238,0.1557637,0.1704506,0.1614864,0.1823998,0.1659119,0.1755152,0.1765037,0.1918709,0.2167994,0.2288733,0.3233292,0.3658148,0.1587169,0.2114996,0.1889348,0.1845468,0.1729747,0.1447875,0.2646948,0.2994452,0.1901772,0.2546722,0.3669552,0.4035068,0.3107297,0.3304609,0.1910602,0.1886214,0.2711534,0.2966261
0.2266943,0.1511958,0.4404634,0.1348522,0.1778776,0.151202,0.1638637,0.195927,0.1242007,0.1644681,0.1130139,0.1657447,0.1853305,0.1859761,0.1801511,0.2348468,0.1957843,0.2235567,0.1746217,0.1722299,0.1320033,0.2006038,0.1579883,0.1590883,0.1388072,0.1890942,0.2226353,0.1496041,0.166565,0.1544916,0.1738648,0.16441,0.1693197,0.2189213,0.1543944,0.3083731,0.1219292,0.2475044,0.1696723,0.228723,0.1451494,0.2033295,0.1377308,0.1937391,0.1433436,0.2564954,0.1344606,0.2016548,0.1382872,0.1958375,0.2005448,0.2122852,0.1729737,0.1989055,0.2119114,0.2071254,0.1899979,0.1969001,0.213093,0.1471692,0.1662759,0.2480129,0.1948105,0.3110167,0.1352596,0.2591946,0.1680518,0.2054227,0.1452429,0.1719724,0.1489588,0.2645361,0.2120829,0.1867852,0.1998237,0.2228226,0.1286965,0.1379657,0.1461078,0.2856306,0.1300597,0.2155131,0.1404863,0.2506926,0.1266095,0.2318147,0.203041,0.2136603,0.1873155,0.2332802,0.1317651,0.2224073,0.2086624
0.2079294,0.1593813,0.1348522,0.3694525,0.157041,0.1817518,0.1633752,0.1879794,0.1648635,0.1774988,0.170064,0.154821,0.1664796,0.1750877,0.1872593,0.1874668,0.2066823,0.1608202,0.2069412,0.1402199,0.1534199,0.1875125,0.1453488,0.1518186,0.1362288,0.1793078,0.1973504,0.147915,0.1605494,0.1554728,0.1586217,0.1532242,0.1528209,0.1810472,0.1686756,0.1575261,0.1700223,0.1991994,0.1698137,0.1786958,0.1612299,0.1766039,0.173519,0.1445809,0.1713995,0.1425349,0.2481907,0.138414,0.2449741,0.1836882,0.1807727,0.1946646,0.1554288,0.1944838,0.1941643,0.2006026,0.1753326,0.2000426,0.1952699,0.1778987,0.2189842,0.2052854,0.183604,0.1376558,0.3142366,0.1760385,0.2863406,0.1471692,0.2490216,0.1456068,0.2258683,0.2193714,0.2452255,0.1916698,0.1890586,0.1417186,0.1861739,0.142155,0.139568,0.1406596,0.2902301,0.175022,0.155995,0.1538019,0.182065,0.2238745,0.1890181,0.2042498,0.1794393,0.1577238,0.1823552,0.1860465,0.1913976
0.2794863,0.21943,0.1778776,0.157041,0.3569841,0.2733114,0.1638333,0.4382871,0.2706816,0.4341765,0.2284658,0.2262875,0.2457042,0.2063754,0.2078149,0.2450028,0.214903,0.253117,0.2269199,0.1385847,0.1424537,0.2656757,0.1927013,0.1696268,0.1682637,0.2786153,0.3228795,0.1870805,0.1944298,0.20489,0.2050912,0.2229628,0.2233224,0.2880858,0.2269203,0.2180395,0.1465191,0.3048054,0.2631582,0.2310006,0.210313,0.3490829,0.2524661,0.2488768,0.204517,0.2346771,0.1834245,0.2289333,0.1873638,0.2617318,0.2662842,0.2839591,0.2048301,0.2732638,0.3042665,0.2852664,0.2579498,0.2437637,0.3164629,0.162717,0.1926309,0.3123505,0.3021932,0.1663543,0.1691505,0.1876281,0.190641,0.1542152,0.1595604,0.1536487,0.1566125,0.241978,0.2337309,0.2581193,0.2908012,0.1653532,0.1558518,0.1777246,0.1763429,0.1719424,0.1408528,0.2612428,0.185323,0.208815,0.1686107,0.3217882,0.2922508,0.2863629,0.2655627,0.1981893,0.1527596,0.304858,0.328996
0.2293783,0.2407014,0.151202,0.1817518,0.2733114,0.3511671,0.1864493,0.3120241,0.3592819,0.2967102,0.3425457,0.2025291,0.2126098,0.1702608,0.1807253,0.2070411,0.2471799,0.2018492,0.2817513,0.1357395,0.1476456,0.2196136,0.1838951,0.1568677,0.1501845,0.2243548,0.252821,0.169413,0.1737806,0.1766118,0.1760074,0.1915061,0.1882215,0.2144478,0.2612836,0.1836632,0.1803799,0.2359549,0.2480606,0.1958351,0.2080305,0.2490348,0.3374113,0.1723872,0.2789761,0.165395,0.2169395,0.1586322,0.2465166,0.212524,0.2232265,0.2286233,0.1809968,0.228744,0.2595102,0.2301608,0.2336918,0.2197689,0.2909084,0.1431409,0.1659056,0.2404596,0.2675279,0.1386038,0.1833691,0.1563692,0.1906317,0.1369094,0.1650351,0.1425784,0.1674836,0.195949,0.2420676,0.2311462,0.2563974,0.150799,0.1688101,0.1553204,0.1560161,0.1454324,0.1543057,0.2055833,0.1993798,0.1708797,0.1885775,0.255495,0.2563023,0.2311932,0.2255383,0.1693469,0.1626032,0.2365734,0.2953655
0.2683739,0.2635619,0.1638637,0.1633752,0.1638333,0.1864493,0.2704998,0.1363887,0.1704646,0.1363445,0.1686822,0.169807,0.1792628,0.1340862,0.1449135,0.1426137,0.1627232,0.1771306,0.1677182,0.2091076,0.1224913,0.2174997,0.1839036,0.205061,0.1295151,0.145743,0.1476996,0.1818624,0.1330171,0.1397098,0.1416014,0.143892,0.1328583,0.1419928,0.23852,0.1891837,0.1787528,0.1898408,0.2695516,0.2482553,0.2058681,0.1360033,0.196187,0.1396279,0.1943028,0.1436976,0.1756092,0.1396168,0.1478688,0.1611264,0.177593,0.1934825,0.1285276,0.2377547,0.1836624,0.2155082,0.1828413,0.4463561,0.2101388,0.1190067,0.120842,0.2004225,0.2383066,0.1299429,0.155398,0.1194709,0.1405662,0.1365668,0.142727,0.1380341,0.1222026,0.145287,0.1624705,0.2329972,0.1897235,0.1649131,0.1615002,0.1237905,0.1160135,0.1507798,0.1773882,0.1460661,0.2224428,0.1468326,0.1872449,0.1720056,0.1905286,0.1532937,0.1658404,0.1526303,0.158407,0.2011698,0.1985975
0.4581232,0.3476742,0.195927,0.1879794,0.4382871,0.3120241,0.1363887,0,0.404585,0.8530177,0.2873153,0.4105054,0.4538142,0.3433475,0.3589431,0.3666876,0.3058622,0.2154794,0.2462624,0.1935342,0.2090332,0.4831304,0.3172653,0.2604093,0.2610519,0.5288402,0.6203626,0.3056699,0.3232308,0.3570894,0.3450761,0.4053383,0.3934925,0.439533,0.3248067,0.2948729,0.1760002,0.4563856,0.4465135,0.3670648,0.3473366,0.5364102,0.2934212,0.2562767,0.2585564,0.2160763,0.2570108,0.174492,0.2151185,0.4993201,0.494016,0.5458277,0.3062121,0.5110293,0.5881795,0.5441152,0.4705434,0.3877487,0.636617,0.2601578,0.3157537,0.4785592,0.5442371,0.1835901,0.224566,0.2040293,0.2589283,0.206971,0.2311866,0.2229277,0.2449265,0.3206646,0.3105471,0.4622931,0.5419856,0.2190271,0.2118008,0.2968497,0.2796509,0.2451121,0.1777724,0.4309353,0.2995051,0.2777548,0.2616016,0.654379,0.5824983,0.5582189,0.5070704,0.3098169,0.2225357,0.4210573,0.5408198
0.2268278,0.2977949,0.1242007,0.1648635,0.2706816,0.3592819,0.1704646,0.404585,0.5727698,0.3272287,0.740899,0.2547314,0.2620954,0.1983732,0.2194361,0.1811751,0.1799232,0.1494592,0.2211014,0.1411038,0.1554522,0.2600377,0.206202,0.1700026,0.1637386,0.2891552,0.3056182,0.1992922,0.2024411,0.2175982,0.2009912,0.2455628,0.2289662,0.2355867,0.2879422,0.163888,0.1544599,0.2212594,0.3187614,0.198308,0.2412445,0.2614995,0.4331972,0.1917705,0.3643482,0.1613686,0.2347331,0.1489325,0.2121688,0.2556361,0.2572227,0.2815168,0.1599056,0.2619377,0.3109209,0.2744952,0.2662594,0.2128388,0.3890425,0.1776846,0.1955596,0.2223416,0.3037893,0.1204508,0.1626417,0.1265545,0.1723099,0.1422288,0.1674581,0.1639888,0.1876097,0.150234,0.1953142,0.2421294,0.2915989,0.1464118,0.1618852,0.2100754,0.1941395,0.1497213,0.1381886,0.2341635,0.2610152,0.1750734,0.2501586,0.3195553,0.3219686,0.2857471,0.2705896,0.1831135,0.1675065,0.1891312,0.2310786
0.3505692,0.292421,0.1644681,0.1774988,0.4341765,0.2967102,0.1363445,0.8530177,0.3272287,0.3745685,0.2208655,0.3186485,0.3515304,0.2713003,0.2844005,0.2892351,0.2727618,0.2201523,0.2382728,0.165915,0.1776195,0.3695463,0.2560304,0.2163254,0.2245138,0.3894819,0.4748699,0.2555627,0.2566033,0.2816693,0.2721248,0.3083839,0.3103929,0.3505617,0.2893343,0.2391179,0.1634587,0.34801,0.3803882,0.2920019,0.2988333,0.4942871,0.2618967,0.2605133,0.2588085,0.2050686,0.2473517,0.1767005,0.2113077,0.3739745,0.3831584,0.414666,0.2391979,0.3743966,0.4502045,0.4035877,0.3638448,0.2978376,0.4973922,0.2037503,0.2380729,0.3810164,0.4427256,0.1640877,0.219531,0.1735565,0.2295663,0.1705731,0.1906274,0.1786364,0.1895613,0.267419,0.2744718,0.3387918,0.4153726,0.1847539,0.187488,0.2509203,0.2283501,0.2115061,0.1625841,0.3363998,0.2520241,0.2204615,0.2289518,0.4910382,0.4386994,0.4186445,0.3871481,0.2540655,0.1864161,0.3362817,0.455384
0.1788142,0.2980274,0.1130139,0.170064,0.2284658,0.3425457,0.1686822,0.2873153,0.740899,0.2208655,0.4430176,0.2110796,0.2116593,0.1654496,0.1853776,0.1419654,0.1611039,0.1346675,0.1993124,0.1295194,0.1404409,0.2079827,0.1771941,0.1525803,0.1387841,0.239052,0.2335726,0.1756382,0.1689049,0.1824817,0.1627175,0.2047665,0.1885471,0.1874181,0.2719194,0.1314411,0.1418045,0.1761017,0.3056495,0.1730202,0.2172016,0.2032239,0.45346,0.1700648,0.4014479,0.1421929,0.2359606,0.1455754,0.1970043,0.202822,0.2045481,0.225099,0.143574,0.2016353,0.2458542,0.2122753,0.2179377,0.1686138,0.3290765,0.1547839,0.161317,0.1802629,0.2531643,0.1139477,0.1541289,0.113923,0.1572107,0.1238689,0.1491061,0.145275,0.1677188,0.1197573,0.1703615,0.1834184,0.229021,0.1308671,0.1486351,0.1902344,0.173595,0.1348974,0.1342727,0.189244,0.2559997,0.1476195,0.2538725,0.2540873,0.2545483,0.2280016,0.2132595,0.1551193,0.1543361,0.1526354,0.1735931
0.3224178,0.2379087,0.1657447,0.154821,0.2262875,0.2025291,0.169807,0.4105054,0.2547314,0.3186485,0.2110796,0.4130481,0.3990094,0.3054619,0.3129675,0.2696382,0.1913152,0.1535141,0.168269,0.2036216,0.1971329,0.3382565,0.2559408,0.2438663,0.2110037,0.4534541,0.4718433,0.2954944,0.26989,0.3338087,0.2921233,0.4137702,0.3624583,0.3088634,0.2314604,0.2322078,0.1353133,0.3375262,0.2711632,0.3000312,0.2533979,0.3092198,0.2028393,0.1747223,0.1823122,0.1982412,0.1715173,0.1483016,0.1546332,0.349355,0.3532383,0.3638636,0.2245614,0.3844081,0.4136312,0.3776768,0.3372992,0.2876844,0.420437,0.2643615,0.2762958,0.337266,0.3325409,0.1538212,0.1564621,0.1616662,0.1726182,0.1886365,0.1900411,0.2449747,0.2135306,0.217309,0.1985634,0.3684592,0.4074985,0.18747,0.1615429,0.2975834,0.2803683,0.1680576,0.1482196,0.311321,0.2329875,0.2184715,0.1974499,0.4298216,0.3952407,0.3798337,0.3525704,0.2154915,0.1756997,0.3432336,0.3204527
0.3609886,0.2664116,0.1853305,0.1664796,0.2457042,0.2126098,0.1792628,0.4538142,0.2620954,0.3515304,0.2116593,0.3990094,0.4590298,0.2795957,0.3279535,0.2740083,0.2081196,0.1698364,0.1825606,0.1652055,0.2426746,0.3775844,0.2872473,0.2231383,0.2612615,0.4537012,0.5229368,0.2514924,0.3401125,0.3148353,0.3573618,0.4061539,0.4082026,0.3421656,0.2495057,0.2482231,0.1429381,0.3756715,0.2856967,0.3048013,0.2638438,0.3394707,0.2115993,0.1886304,0.1904102,0.2211055,0.1782087,0.1614137,0.1602611,0.3834082,0.4093316,0.4053325,0.2328904,0.4318016,0.4760244,0.4264131,0.3825279,0.3286002,0.4613466,0.2274461,0.2630429,0.3738559,0.3643733,0.1594279,0.1740188,0.1709659,0.2033105,0.1722688,0.2039796,0.1944669,0.2477153,0.2326624,0.2236442,0.4171876,0.4674203,0.1833747,0.175063,0.2949682,0.2960064,0.1754353,0.1625379,0.3454654,0.2547411,0.2375358,0.2133903,0.4797815,0.4502131,0.4293835,0.3993566,0.2288404,0.1900634,0.3488322,0.3354916
0.3063506,0.2225588,0.1859761,0.1750877,0.2063754,0.1702608,0.1340862,0.3433475,0.1983732,0.2713003,0.1654496,0.3054619,0.2795957,0.3583804,0.3292609,0.3484159,0.2359155,0.1585219,0.1553532,0.2146711,0.1662934,0.3065713,0.2232001,0.2305929,0.1759086,0.3426622,0.3549607,0.2667253,0.2221096,0.2808955,0.2373604,0.2931104,0.2673779,0.279891,0.2064108,0.1943716,0.1289655,0.3243843,0.25922,0.269961,0.2219448,0.278576,0.1685893,0.1730248,0.1653749,0.1921357,0.1653739,0.1590276,0.1575018,0.3149567,0.2953966,0.3327971,0.2148487,0.3041863,0.3289727,0.3264934,0.2863846,0.2551119,0.3681289,0.3316356,0.3453568,0.3184245,0.2903645,0.2299856,0.1932391,0.2188047,0.2145556,0.2441261,0.217533,0.2767853,0.2256381,0.2696231,0.2306155,0.2782654,0.3037652,0.204129,0.1587976,0.285944,0.2701786,0.2219038,0.1664421,0.2785223,0.2108201,0.2109205,0.1798905,0.3675708,0.3389203,0.3342108,0.2970633,0.2153004,0.1637022,0.303011,0.2497209
0.2979566,0.2288643,0.1801511,0.1872593,0.2078149,0.1807253,0.1449135,0.3589431,0.2194361,0.2844005,0.1853776,0.3129675,0.3279535,0.3292609,0.3671194,0.2952701,0.2412212,0.1615809,0.1626938,0.1778045,0.2098119,0.306907,0.2295249,0.2102949,0.2046772,0.3633207,0.37885,0.2249047,0.2814393,0.275887,0.2912634,0.3203534,0.3085171,0.2737995,0.2147464,0.2150398,0.1438555,0.2974197,0.2704263,0.2632285,0.22686,0.2724034,0.1783114,0.1700525,0.1710541,0.188445,0.1734576,0.1558438,0.1598936,0.3131043,0.3089134,0.3346668,0.2053192,0.3151875,0.3460504,0.3306564,0.2935821,0.2567162,0.3784082,0.3239161,0.3751121,0.3024213,0.3007221,0.178314,0.2043662,0.1930829,0.2205524,0.1920512,0.2449011,0.2131301,0.2721525,0.2458781,0.227086,0.2902263,0.3222899,0.1765781,0.1815406,0.3026269,0.312673,0.1805205,0.1955621,0.2773311,0.221468,0.2073305,0.190171,0.3843829,0.3529335,0.3385166,0.3073799,0.2125472,0.177707,0.2641962,0.2432763
0.3356722,0.2753181,0.2348468,0.1874668,0.2450028,0.2070411,0.1426137,0.3666876,0.1811751,0.2892351,0.1419654,0.2696382,0.2740083,0.3484159,0.2952701,0.4584973,0.3880019,0.2009727,0.1936035,0.1899793,0.1631493,0.3405804,0.258855,0.2085322,0.1820473,0.3670437,0.3690498,0.2214932,0.2281301,0.2499014,0.2339194,0.257163,0.2353528,0.3283665,0.2509212,0.230757,0.16528,0.3880694,0.2922931,0.2816596,0.2565445,0.3202534,0.1901412,0.2100226,0.1895299,0.2263116,0.1810014,0.1833683,0.1839739,0.3656919,0.350002,0.3843398,0.2565548,0.3380967,0.3880566,0.3672222,0.3452258,0.2859396,0.4535283,0.2429133,0.2880345,0.3811035,0.3397634,0.2543874,0.2170554,0.2801026,0.2683621,0.2368937,0.2179335,0.2232487,0.2253472,0.3709633,0.3374794,0.3074798,0.3538231,0.2195202,0.172774,0.1907204,0.1866929,0.2447086,0.1689244,0.3214718,0.2523637,0.2411657,0.2075722,0.4110859,0.405562,0.3745811,0.3494698,0.2340132,0.1814428,0.3667949,0.3152037
0.2595457,0.2429911,0.1957843,0.2066823,0.214903,0.2471799,0.1627232,0.3058622,0.1799232,0.2727618,0.1611039,0.1913152,0.2081196,0.2359155,0.2412212,0.3880019,0.3349792,0.1806425,0.1930703,0.1587518,0.1688017,0.255415,0.2065053,0.1718874,0.1543495,0.2570815,0.2480689,0.1677055,0.1884234,0.1913249,0.191679,0.1920429,0.1811938,0.2496745,0.2534895,0.2064026,0.2153228,0.2668004,0.2533871,0.2221414,0.2281712,0.2580868,0.2283366,0.1843625,0.2051326,0.1806674,0.1833544,0.1592142,0.1782186,0.2625841,0.2593331,0.282449,0.2188255,0.2569333,0.2831923,0.2781323,0.2659948,0.2362999,0.3137337,0.1845107,0.2183638,0.2860504,0.2851603,0.1843872,0.2435783,0.2071684,0.2670465,0.1677893,0.2072947,0.154529,0.2114565,0.2912432,0.330363,0.2516487,0.274896,0.1747243,0.1886856,0.159948,0.1520701,0.1778217,0.1898876,0.2360269,0.2257859,0.1838952,0.2021943,0.2981835,0.2844445,0.2645389,0.2513437,0.1845753,0.1868353,0.2591175,0.338012
0.194784,0.1519634,0.2235567,0.1608202,0.253117,0.2018492,0.1771306,0.2154794,0.1494592,0.2201523,0.1346675,0.1535141,0.1698364,0.1585219,0.1615809,0.2009727,0.1806425,0.3443714,0.2637506,0.1304639,0.1268057,0.1810556,0.1463665,0.1396504,0.1358927,0.1692979,0.1872483,0.141596,0.1560251,0.1513768,0.1609703,0.1564332,0.1585364,0.1897515,0.1579828,0.2004829,0.1261529,0.2110246,0.1705725,0.18774,0.1491779,0.2113147,0.1608474,0.1755849,0.1468472,0.2312859,0.1621779,0.303304,0.18882,0.1742808,0.177146,0.1899021,0.15014,0.1737057,0.1832801,0.1829305,0.1682606,0.1800856,0.1981313,0.1416582,0.1610751,0.2152037,0.184736,0.1907951,0.1666895,0.2349801,0.176617,0.152988,0.1449235,0.1409125,0.1354951,0.2489541,0.2217734,0.1615959,0.1736127,0.1523659,0.1275501,0.1358252,0.144005,0.1655435,0.1320827,0.179461,0.1399648,0.1758487,0.1346899,0.1954949,0.181194,0.1837632,0.1688497,0.1655241,0.1248346,0.2156089,0.1962582
0.1968457,0.1726503,0.1746217,0.2069412,0.2269199,0.2817513,0.1677182,0.2462624,0.2211014,0.2382728,0.1993124,0.168269,0.1825606,0.1553532,0.1626938,0.1936035,0.1930703,0.2637506,0.361114,0.1310054,0.1311117,0.195597,0.1461812,0.1483946,0.1351478,0.1780759,0.2007506,0.1551602,0.159856,0.1607537,0.1605126,0.168976,0.1666306,0.1851016,0.1680612,0.1740274,0.1379157,0.1992181,0.1903774,0.1808313,0.1663911,0.1980588,0.2040387,0.1604893,0.1747291,0.1733603,0.2126008,0.1918474,0.3041966,0.1823018,0.182844,0.2018075,0.144967,0.1823987,0.1956127,0.1972213,0.1764391,0.1822161,0.220266,0.1534687,0.1696083,0.203479,0.1992463,0.1594659,0.2020408,0.195064,0.2293305,0.1403881,0.1632382,0.1338709,0.1521412,0.2162281,0.2600533,0.1722679,0.1873728,0.1398142,0.1425608,0.1477815,0.1464224,0.1424278,0.1554463,0.1808452,0.1457823,0.1605698,0.1484125,0.2117692,0.1972765,0.1953239,0.178543,0.1577202,0.1355486,0.2023156,0.1969945
0.2214088,0.1454455,0.1722299,0.1402199,0.1385847,0.1357395,0.2091076,0.1935342,0.1411038,0.165915,0.1295194,0.2036216,0.1652055,0.2146711,0.1778045,0.1899793,0.1587518,0.1304639,0.1310054,0.3848619,0.1418446,0.2479416,0.1565023,0.350697,0.1407387,0.1950212,0.1907431,0.260013,0.1723244,0.2259697,0.1733894,0.2012146,0.1701669,0.1733683,0.1523604,0.2511008,0.1262112,0.1848098,0.1733152,0.2875179,0.1484867,0.1584783,0.1312683,0.1290802,0.1300006,0.1371805,0.1332963,0.1221816,0.1255268,0.2260583,0.1939364,0.2354738,0.1865777,0.210375,0.1897783,0.2243087,0.179009,0.2120389,0.1970844,0.1783397,0.1626039,0.187993,0.1838626,0.1950165,0.149317,0.1524353,0.1522603,0.2222194,0.150525,0.2409863,0.1549749,0.1626832,0.1557542,0.1868956,0.1755378,0.2905804,0.1381691,0.1781231,0.1502331,0.2161303,0.1341393,0.1865231,0.152099,0.175314,0.1355447,0.2499637,0.1909358,0.2513122,0.1810695,0.2374009,0.1388171,0.1813729,0.1667977
0.1861851,0.1832224,0.1320033,0.1534199,0.1424537,0.1476456,0.1224913,0.2090332,0.1554522,0.1776195,0.1404409,0.1971329,0.2426746,0.1662934,0.2098119,0.1631493,0.1688017,0.1268057,0.1311117,0.1418446,0.3429502,0.1958137,0.2199359,0.1534434,0.2916859,0.2264062,0.2570831,0.1533211,0.2728676,0.181786,0.2546462,0.2015517,0.2277247,0.1790648,0.1596601,0.160238,0.1905395,0.1763195,0.1751654,0.1690891,0.2393426,0.1761131,0.1431679,0.1273886,0.1401131,0.1411261,0.1335125,0.1218529,0.1232688,0.2055265,0.2339225,0.2109404,0.1963291,0.2135557,0.2407142,0.2118953,0.2120826,0.1775307,0.2215054,0.1591853,0.1816059,0.1827005,0.1879035,0.1254988,0.1936327,0.1275005,0.154009,0.1328578,0.2255099,0.1374775,0.2664107,0.1453179,0.1532663,0.2050124,0.2284626,0.1436235,0.2685994,0.1907243,0.2058139,0.1287981,0.2154172,0.1840876,0.1823199,0.1478629,0.1793936,0.239994,0.2302735,0.2173012,0.2481378,0.1568312,0.2062632,0.1620667,0.1720266
0.4440203,0.2763028,0.2006038,0.1875125,0.2656757,0.2196136,0.2174997,0.4831304,0.2600377,0.3695463,0.2079827,0.3382565,0.3775844,0.3065713,0.306907,0.3405804,0.255415,0.1810556,0.195597,0.2479416,0.1958137,0.4978379,0.2916933,0.3293967,0.2274342,0.4706752,0.5079011,0.3320737,0.2943397,0.3384145,0.3166821,0.3599302,0.336837,0.3964939,0.2605055,0.2999981,0.1515681,0.4410177,0.3233813,0.3717634,0.2691287,0.3749357,0.2095024,0.2206139,0.2051315,0.2453597,0.2013625,0.1739769,0.1767329,0.4883462,0.4249613,0.5728267,0.2811282,0.4871113,0.4869099,0.5580664,0.4014254,0.4159819,0.5099195,0.2259685,0.2742812,0.4444872,0.40236,0.1660105,0.1901354,0.2094406,0.2357846,0.2047238,0.21591,0.2324959,0.2349377,0.2924203,0.2697929,0.43942,0.4483092,0.2216541,0.1791341,0.2428658,0.2417883,0.1941954,0.1730694,0.4041918,0.2699844,0.2796293,0.2289994,0.5586063,0.4920752,0.5259714,0.4319364,0.2720061,0.202606,0.3927923,0.3760721
0.2633104,0.2797801,0.1579883,0.1453488,0.1927013,0.1838951,0.1839036,0.3172653,0.206202,0.2560304,0.1771941,0.2559408,0.2872473,0.2232001,0.2295249,0.258855,0.2065053,0.1463665,0.1461812,0.1565023,0.2199359,0.2916933,0.4009258,0.1939672,0.3003637,0.3083036,0.3451706,0.2101467,0.2845585,0.2369857,0.2581137,0.2571028,0.2512916,0.249842,0.2333892,0.1934138,0.1863189,0.2680016,0.2467622,0.2229948,0.271448,0.2483971,0.1941982,0.1652677,0.1739039,0.1752668,0.1548362,0.1413424,0.1403169,0.2962494,0.3969233,0.3133909,0.3500524,0.3021083,0.3710487,0.3056561,0.3974979,0.2617304,0.3789058,0.1741099,0.1949376,0.2728227,0.2911659,0.141506,0.1457149,0.1667114,0.1634294,0.1659485,0.1685228,0.1722717,0.1815974,0.2064371,0.1984617,0.3000151,0.3532083,0.1583226,0.2030689,0.1882665,0.1936133,0.1575212,0.1523227,0.2499077,0.2307318,0.18764,0.199413,0.3328239,0.3488398,0.3037247,0.3438679,0.1897693,0.1941764,0.2535831,0.2636332
0.271124,0.1790581,0.1590883,0.1518186,0.1696268,0.1568677,0.205061,0.2604093,0.1700026,0.2163254,0.1525803,0.2438663,0.2231383,0.2305929,0.2102949,0.2085322,0.1718874,0.1396504,0.1483946,0.350697,0.1534434,0.3293967,0.1939672,0.3693246,0.1730795,0.2688433,0.2725552,0.3054489,0.2070887,0.2603845,0.2108957,0.2529949,0.2226096,0.22454,0.1759003,0.2333075,0.1290934,0.2471416,0.2110951,0.3048888,0.1811505,0.2086893,0.1496349,0.1495429,0.150153,0.1600469,0.1505122,0.1330083,0.1396905,0.2943803,0.2480125,0.3153329,0.2131625,0.2736953,0.259642,0.3025111,0.2331393,0.2533529,0.2672193,0.1856097,0.1831128,0.2466026,0.2338218,0.1732979,0.1614513,0.1575945,0.1697454,0.1988665,0.1624924,0.2301072,0.1670487,0.1840658,0.1789211,0.2467558,0.2423236,0.2342488,0.1453628,0.1991467,0.1748667,0.1931389,0.141328,0.2363307,0.1763305,0.1900119,0.15586,0.3212894,0.2566566,0.315118,0.2361249,0.2242762,0.1508652,0.2390562,0.2228629
0.2044839,0.1989641,0.1388072,0.1362288,0.1682637,0.1501845,0.1295151,0.2610519,0.1637386,0.2245138,0.1387841,0.2110037,0.2612615,0.1759086,0.2046772,0.1820473,0.1543495,0.1358927,0.1351478,0.1407387,0.2916859,0.2274342,0.3003637,0.1730795,0.3590623,0.2402852,0.2884229,0.1783148,0.2847932,0.1942353,0.2539136,0.2128242,0.2370384,0.1996345,0.1656068,0.166843,0.1709105,0.2094923,0.1868472,0.1863746,0.2500877,0.2036735,0.1444887,0.140347,0.1366682,0.1464945,0.1317877,0.126989,0.1246098,0.2357527,0.2728838,0.2379675,0.2003419,0.2362101,0.2673531,0.2355392,0.2584482,0.1939007,0.2599994,0.1480287,0.1696742,0.2064141,0.2100868,0.1371614,0.1734643,0.1526476,0.149584,0.1459763,0.1945082,0.1515803,0.2023002,0.1721755,0.1607893,0.2243594,0.2558202,0.1461327,0.2279156,0.1741952,0.1860949,0.1340033,0.1879422,0.2020857,0.1773317,0.1559543,0.1646167,0.2525258,0.2686915,0.2423548,0.2739513,0.1617033,0.1743173,0.1914059,0.1784739
0.4526754,0.3249738,0.1890942,0.1793078,0.2786153,0.2243548,0.145743,0.5288402,0.2891552,0.3894819,0.239052,0.4534541,0.4537012,0.3426622,0.3633207,0.3670437,0.2570815,0.1692979,0.1780759,0.1950212,0.2264062,0.4706752,0.3083036,0.2688433,0.2402852,0.6122231,0.6083127,0.2939471,0.3370914,0.382614,0.3466361,0.4613689,0.3956703,0.4341383,0.2883236,0.2791222,0.1502102,0.477918,0.3802943,0.3729126,0.3041756,0.4202331,0.2321091,0.2235892,0.2198676,0.2579214,0.2044549,0.1736003,0.1648197,0.5123097,0.4609886,0.5264747,0.355411,0.5539362,0.553418,0.5488749,0.446518,0.4018355,0.562112,0.2981956,0.3394535,0.49004,0.4625006,0.17057,0.1711568,0.204866,0.2150344,0.2179736,0.2308621,0.2451008,0.2714344,0.2924482,0.2544006,0.5163422,0.5366793,0.2148733,0.1968891,0.2858326,0.2824487,0.2059166,0.1788849,0.4364976,0.2927826,0.2853477,0.2434524,0.6129867,0.5389963,0.5296161,0.4767089,0.2681729,0.214279,0.4381591,0.4514727
0.5098332,0.3374666,0.2226353,0.1973504,0.3228795,0.252821,0.1476996,0.6203626,0.3056182,0.4748699,0.2335726,0.4718433,0.5229368,0.3549607,0.37885,0.3690498,0.2480689,0.1872483,0.2007506,0.1907431,0.2570831,0.5079011,0.3451706,0.2725552,0.2884229,0.6083127,0.7327805,0.3042797,0.3814031,0.3646882,0.4010156,0.4483303,0.4469681,0.4573697,0.3042887,0.3085351,0.1427515,0.5354652,0.3685157,0.4055272,0.3075143,0.4551001,0.2499678,0.2271248,0.2223949,0.269569,0.2162366,0.1803595,0.1773604,0.5102302,0.5462453,0.5439608,0.3252108,0.5675218,0.6405924,0.572405,0.496161,0.4569794,0.575286,0.2690102,0.3397267,0.5267313,0.4893813,0.1790382,0.2046356,0.2067577,0.2483706,0.2041947,0.2463724,0.2226341,0.2904905,0.3114936,0.2835758,0.5460103,0.6199997,0.2278657,0.1972975,0.2923478,0.2912978,0.2234516,0.1838207,0.4620991,0.2994539,0.3073489,0.2406826,0.6581547,0.583949,0.5922939,0.5163621,0.2961493,0.2165535,0.5149565,0.474077
0.2794694,0.1922738,0.1496041,0.147915,0.1870805,0.169413,0.1818624,0.3056699,0.1992922,0.2555627,0.1756382,0.2954944,0.2514924,0.2667253,0.2249047,0.2214932,0.1677055,0.141596,0.1551602,0.260013,0.1533211,0.3320737,0.2101467,0.3054489,0.1783148,0.2939471,0.3042797,0.3484838,0.1990896,0.3103306,0.227352,0.3053373,0.2661072,0.2370878,0.1879806,0.2087141,0.1255019,0.2568455,0.2242201,0.2646144,0.2039628,0.2315999,0.165236,0.1511693,0.1585066,0.1636999,0.1513977,0.1352802,0.1453809,0.3206974,0.2693995,0.3497365,0.1829503,0.2933935,0.2874708,0.33526,0.2531526,0.2562054,0.3027751,0.2386813,0.2111928,0.2617288,0.2536937,0.1605119,0.1577461,0.1604814,0.1665681,0.202941,0.1604255,0.2744028,0.1612758,0.1908293,0.1768686,0.2687566,0.2667622,0.1921079,0.1389827,0.2554204,0.2247005,0.158568,0.1352051,0.2411723,0.1894182,0.1840941,0.1651224,0.3413791,0.2900088,0.3168174,0.2614759,0.195033,0.1492264,0.2509055,0.2495522
0.2804469,0.2092482,0.166565,0.1605494,0.1944298,0.1737806,0.1330171,0.3232308,0.2024411,0.2566033,0.1689049,0.26989,0.3401125,0.2221096,0.2814393,0.2281301,0.1884234,0.1560251,0.159856,0.1723244,0.2728676,0.2943397,0.2845585,0.2070887,0.2847932,0.3370914,0.3814031,0.1990896,0.3612407,0.2531109,0.3255747,0.2918795,0.309464,0.2584459,0.197861,0.2088626,0.136562,0.2785832,0.2246815,0.2413734,0.2120955,0.2503925,0.1664684,0.1601772,0.1614816,0.1855784,0.1524819,0.1460346,0.1417096,0.3090793,0.3501917,0.3145648,0.3087753,0.3148412,0.3511519,0.3202274,0.3116462,0.2513784,0.3344432,0.1907686,0.2325718,0.2780356,0.2722142,0.1467894,0.1931223,0.1622126,0.1917416,0.1549766,0.2179591,0.1535257,0.2755808,0.1978617,0.1977484,0.2962463,0.3327088,0.1706199,0.1892029,0.250447,0.2539506,0.1581069,0.1779959,0.266052,0.2092436,0.1967493,0.1772885,0.3607721,0.3323325,0.3269649,0.304895,0.2013453,0.1729183,0.2426159,0.2266926
0.3070162,0.2252462,0.1544916,0.1554728,0.20489,0.1766118,0.1397098,0.3570894,0.2175982,0.2816693,0.1824817,0.3338087,0.3148353,0.2808955,0.275887,0.2499014,0.1913249,0.1513768,0.1607537,0.2259697,0.181786,0.3384145,0.2369857,0.2603845,0.1942353,0.382614,0.3646882,0.3103306,0.2531109,0.3480377,0.2818021,0.3629422,0.3174831,0.2859218,0.2101148,0.2127448,0.1265627,0.297075,0.2588304,0.2680795,0.2217208,0.2769625,0.1777633,0.1679745,0.1698787,0.1913465,0.1618802,0.1497167,0.1504137,0.369564,0.3207352,0.3774883,0.2222058,0.3579904,0.3527361,0.373961,0.3022908,0.2706262,0.3690368,0.2689636,0.2612666,0.3109843,0.3014478,0.1594981,0.1575602,0.1703225,0.1805473,0.2061579,0.1863931,0.258212,0.206521,0.2129728,0.1966038,0.3272509,0.3309389,0.1814255,0.1513566,0.3072498,0.2724209,0.1623335,0.1482252,0.2887554,0.2167922,0.2048433,0.1871047,0.4063272,0.3577894,0.3551124,0.3185032,0.2078898,0.1651295,0.2697724,0.2824836
0.296727,0.2201942,0.1738648,0.1586217,0.2050912,0.1760074,0.1416014,0.3450761,0.2009912,0.2721248,0.1627175,0.2921233,0.3573618,0.2373604,0.2912634,0.2339194,0.191679,0.1609703,0.1605126,0.1733894,0.2546462,0.3166821,0.2581137,0.2108957,0.2539136,0.3466361,0.4010156,0.227352,0.3255747,0.2818021,0.3459744,0.3206013,0.3425024,0.2769429,0.2023675,0.2203168,0.12845,0.2947739,0.2332245,0.2513942,0.2167467,0.2678945,0.1706661,0.1679943,0.1599569,0.1954995,0.1557908,0.1532859,0.145298,0.3330652,0.3514324,0.3499441,0.2562139,0.335525,0.3718885,0.3500788,0.3102874,0.2662655,0.3496677,0.2154327,0.2494594,0.2994274,0.2894891,0.1540707,0.181348,0.1737323,0.1995032,0.1639547,0.2145188,0.1755031,0.2558329,0.2142418,0.2040626,0.3139861,0.3494334,0.1731701,0.1774754,0.2678362,0.2914702,0.161448,0.1671139,0.2824223,0.2100967,0.2061211,0.1801957,0.3881597,0.3514755,0.3442155,0.3217965,0.2092173,0.167972,0.2653169,0.2618117
0.3376014,0.2431405,0.16441,0.1532242,0.2229628,0.1915061,0.143892,0.4053383,0.2455628,0.3083839,0.2047665,0.4137702,0.4061539,0.2931104,0.3203534,0.257163,0.1920429,0.1564332,0.168976,0.2012146,0.2015517,0.3599302,0.2571028,0.2529949,0.2128242,0.4613689,0.4483303,0.3053373,0.2918795,0.3629422,0.3206013,0.4412076,0.4026193,0.3237528,0.2311286,0.2342658,0.1306964,0.336677,0.286265,0.2979227,0.2467359,0.3123928,0.1953826,0.1805946,0.1828749,0.2090319,0.1706654,0.1523996,0.1519085,0.3707363,0.3542587,0.3965907,0.2250927,0.4059143,0.4132642,0.4101099,0.3392354,0.2870502,0.4229391,0.286617,0.2893492,0.3495838,0.3426042,0.1390092,0.1481988,0.1607468,0.1740297,0.1820055,0.1876564,0.2348297,0.215768,0.2130344,0.1949178,0.3774052,0.4004226,0.1792721,0.1626458,0.331874,0.3179479,0.1614741,0.1495953,0.3257484,0.237868,0.2239863,0.2026569,0.461891,0.4089072,0.3961699,0.3618182,0.2190849,0.1788013,0.3115998,0.3287049
0.3187012,0.2326916,0.1693197,0.1528209,0.2233224,0.1882215,0.1328583,0.3934925,0.2289662,0.3103929,0.1885471,0.3624583,0.4082026,0.2673779,0.3085171,0.2353528,0.1811938,0.1585364,0.1666306,0.1701669,0.2277247,0.336837,0.2512916,0.2226096,0.2370384,0.3956703,0.4469681,0.2661072,0.309464,0.3174831,0.3425024,0.4026193,0.3968767,0.3010625,0.2167526,0.2224568,0.1256491,0.320962,0.2568318,0.2735724,0.2333345,0.2960809,0.187882,0.174913,0.1717306,0.1993054,0.1634608,0.1519461,0.1500599,0.3395259,0.3433883,0.3668148,0.1996189,0.3680731,0.3964325,0.3771398,0.3210406,0.2776024,0.3825109,0.2460999,0.2694638,0.3255334,0.3167246,0.1471233,0.1583535,0.1654322,0.1843252,0.1646613,0.1944502,0.1982611,0.2308185,0.2103756,0.1968622,0.3470537,0.3844976,0.1708696,0.1608559,0.3102469,0.3131527,0.1614147,0.1506158,0.3019729,0.2201231,0.2118376,0.1871076,0.4210042,0.380098,0.3713936,0.3387128,0.2101389,0.168428,0.3053417,0.303115
0.4083541,0.2718251,0.2189213,0.1810472,0.2880858,0.2144478,0.1419928,0.439533,0.2355867,0.3505617,0.1874181,0.3088634,0.3421656,0.279891,0.2737995,0.3283665,0.2496745,0.1897515,0.1851016,0.1733683,0.1790648,0.3964939,0.249842,0.22454,0.1996345,0.4341383,0.4573697,0.2370878,0.2584459,0.2859218,0.2769429,0.3237528,0.3010625,0.4463138,0.2609303,0.2665465,0.1492179,0.4575347,0.3210556,0.3316862,0.2541476,0.4160952,0.2279713,0.3300854,0.196138,0.2847163,0.1910394,0.1912701,0.172089,0.4004954,0.3745252,0.4364323,0.2887304,0.428025,0.4407821,0.4476981,0.3615163,0.3407888,0.4484991,0.2071813,0.2452364,0.4738243,0.3942347,0.192981,0.1760435,0.2134455,0.2244496,0.1926633,0.1939995,0.1924035,0.2095765,0.2867424,0.2575077,0.396347,0.4164551,0.2291455,0.1742735,0.2269434,0.224745,0.2278128,0.1615635,0.4270104,0.240723,0.2940201,0.2017979,0.4990416,0.4335386,0.4456804,0.3860954,0.2673017,0.1863548,0.4380301,0.4140428
0.2853598,0.314932,0.1543944,0.1686756,0.2269203,0.2612836,0.23852,0.3248067,0.2879422,0.2893343,0.2719194,0.2314604,0.2495057,0.2064108,0.2147464,0.2509212,0.2534895,0.1579828,0.1680612,0.1523604,0.1596601,0.2605055,0.2333892,0.1759003,0.1656068,0.2883236,0.3042887,0.1879806,0.197861,0.2101148,0.2023675,0.2311286,0.2167526,0.2609303,0.3702765,0.1947267,0.2354567,0.2922648,0.3514977,0.2398223,0.2759594,0.2712313,0.3027452,0.1689764,0.3102093,0.1751141,0.2038248,0.1462425,0.161002,0.2657066,0.2800563,0.2841779,0.2567694,0.2941473,0.334525,0.2870937,0.3113919,0.2759163,0.379416,0.1679258,0.1898488,0.3078597,0.3786937,0.1442973,0.1699032,0.1530963,0.1731142,0.1514407,0.1727541,0.1605894,0.1831204,0.2022024,0.2173283,0.2896964,0.3212899,0.1670867,0.1906664,0.1879671,0.1815628,0.162554,0.1559597,0.2520879,0.3315375,0.1849329,0.2629535,0.3304348,0.349007,0.2898361,0.3026684,0.185649,0.2093214,0.3063806,0.399781
0.3156026,0.1854349,0.3083731,0.1575261,0.2180395,0.1836632,0.1891837,0.2948729,0.163888,0.2391179,0.1314411,0.2322078,0.2482231,0.1943716,0.2150398,0.230757,0.2064026,0.2004829,0.1740274,0.2511008,0.160238,0.2999981,0.1934138,0.2333075,0.166843,0.2791222,0.3085351,0.2087141,0.2088626,0.2127448,0.2203168,0.2342658,0.2224568,0.2665465,0.1947267,0.3720267,0.1383289,0.3250411,0.2258927,0.3226147,0.1877814,0.2388165,0.169741,0.1971707,0.1621648,0.227313,0.1624179,0.1710823,0.1447424,0.3057946,0.2669701,0.3323105,0.2256477,0.3064649,0.2911459,0.3194233,0.2525439,0.270716,0.2945423,0.1585131,0.2008831,0.3263131,0.2672359,0.1922769,0.1523386,0.1969413,0.1865413,0.2062579,0.1766964,0.1824262,0.1838976,0.240313,0.2196722,0.2779261,0.2705316,0.400283,0.1589873,0.1612318,0.1675771,0.2440479,0.1514547,0.301596,0.1786854,0.3343182,0.1548873,0.36742,0.2895455,0.3230649,0.2641475,0.3976172,0.1607249,0.3071899,0.2880383
0.1704135,0.2059781,0.1219292,0.1700223,0.1465191,0.1803799,0.1787528,0.1760002,0.1544599,0.1634587,0.1418045,0.1353133,0.1429381,0.1289655,0.1438555,0.16528,0.2153228,0.1261529,0.1379157,0.1262112,0.1905395,0.1515681,0.1863189,0.1290934,0.1709105,0.1502102,0.1427515,0.1255019,0.136562,0.1265627,0.12845,0.1306964,0.1256491,0.1492179,0.2354567,0.1383289,0.3867051,0.1657217,0.2484814,0.1537217,0.274291,0.1612036,0.2050547,0.127068,0.1584481,0.1250473,0.1509068,0.121977,0.1414635,0.1411035,0.1583125,0.1499534,0.1591666,0.1707483,0.1833403,0.1581899,0.1864152,0.185811,0.1930481,0.1227095,0.1424442,0.1799934,0.2393161,0.1193533,0.168904,0.1253155,0.1492079,0.1183961,0.2034571,0.1190728,0.1755733,0.1404091,0.164526,0.1895294,0.1915472,0.1249705,0.3688435,0.1178008,0.1261869,0.1181151,0.2184461,0.1468961,0.2178101,0.1313412,0.247532,0.1682927,0.1766713,0.153148,0.1732244,0.1270295,0.3611622,0.1593243,0.316648
0.5452279,0.3042975,0.2475044,0.1991994,0.3048054,0.2359549,0.1898408,0.4563856,0.2212594,0.34801,0.1761017,0.3375262,0.3756715,0.3243843,0.2974197,0.3880694,0.2668004,0.2110246,0.1992181,0.1848098,0.1763195,0.4410177,0.2680016,0.2471416,0.2094923,0.477918,0.5354652,0.2568455,0.2785832,0.297075,0.2947739,0.336677,0.320962,0.4575347,0.2922648,0.3250411,0.1657217,0.6277254,0.3716718,0.4340071,0.2921025,0.4123859,0.2352175,0.2325475,0.2248552,0.3057134,0.220698,0.1974362,0.1768103,0.4289109,0.4162421,0.4626804,0.3249881,0.4546829,0.4922469,0.4746524,0.3989193,0.4083659,0.500648,0.2048496,0.266992,0.6055854,0.4463781,0.2155516,0.1829661,0.2435959,0.2427698,0.21961,0.2147177,0.2130896,0.2315083,0.3321907,0.2905097,0.4314183,0.4680443,0.2947396,0.1921204,0.2280886,0.2350636,0.2575199,0.1842537,0.4835455,0.2582852,0.3537304,0.2178524,0.5260574,0.4693023,0.501693,0.4156593,0.2951402,0.1971664,0.612882,0.5084758
0.3611786,0.423438,0.1696723,0.1698137,0.2631582,0.2480606,0.2695516,0.4465135,0.3187614,0.3803882,0.3056495,0.2711632,0.2856967,0.25922,0.2704263,0.2922931,0.2533871,0.1705725,0.1903774,0.1733152,0.1751654,0.3233813,0.2467622,0.2110951,0.1868472,0.3802943,0.3685157,0.2242201,0.2246815,0.2588304,0.2332245,0.286265,0.2568318,0.3210556,0.3514977,0.2258927,0.2484814,0.3716718,0.477061,0.3036234,0.3578714,0.340457,0.2675024,0.1883232,0.2603279,0.1904983,0.2111387,0.1466199,0.1702626,0.3431966,0.3209439,0.3632901,0.2894535,0.3608922,0.3777584,0.3644199,0.3356641,0.3199879,0.4555845,0.2074301,0.2325345,0.3972322,0.4598472,0.1674772,0.1825341,0.1643204,0.2004632,0.1730568,0.1976691,0.1857325,0.2021145,0.2365696,0.2421728,0.3300451,0.3547099,0.1896664,0.2453492,0.2363146,0.2228033,0.1966303,0.1762549,0.317251,0.3309368,0.2202289,0.2668317,0.436227,0.3909013,0.3671513,0.3358064,0.2227677,0.2310838,0.3510939,0.4353242
0.4285546,0.2347241,0.228723,0.1786958,0.2310006,0.1958351,0.2482553,0.3670648,0.198308,0.2920019,0.1730202,0.3000312,0.3048013,0.269961,0.2632285,0.2816596,0.2221414,0.18774,0.1808313,0.2875179,0.1690891,0.3717634,0.2229948,0.3048888,0.1863746,0.3729126,0.4055272,0.2646144,0.2413734,0.2680795,0.2513942,0.2979227,0.2735724,0.3316862,0.2398223,0.3226147,0.1537217,0.4340071,0.3036234,0.3967147,0.2409021,0.2980114,0.1956357,0.1811939,0.1937042,0.2309067,0.1942859,0.1717863,0.1604122,0.349214,0.3276434,0.3780063,0.2771125,0.364693,0.3690646,0.3863842,0.3089232,0.3513418,0.3712881,0.1966464,0.2331973,0.4237829,0.3492184,0.1916896,0.1704432,0.2111333,0.2077267,0.2109838,0.193696,0.2176709,0.2030443,0.2671386,0.2413183,0.3376842,0.3476733,0.2932114,0.1765884,0.205723,0.2036242,0.2267395,0.169632,0.3557118,0.2156702,0.2701181,0.1852257,0.4425358,0.3532806,0.4215134,0.3211561,0.2803642,0.1774204,0.4184722,0.3881255
0.2693592,0.3367481,0.1451494,0.1612299,0.210313,0.2080305,0.2058681,0.3473366,0.2412445,0.2988333,0.2172016,0.2533979,0.2638438,0.2219448,0.22686,0.2565445,0.2281712,0.1491779,0.1663911,0.1484867,0.2393426,0.2691287,0.271448,0.1811505,0.2500877,0.3041756,0.3075143,0.2039628,0.2120955,0.2217208,0.2167467,0.2467359,0.2333345,0.2541476,0.2759594,0.1877814,0.274291,0.2921025,0.3578714,0.2409021,0.3491348,0.2683402,0.2157851,0.165156,0.1980159,0.1651962,0.1735064,0.1360241,0.1571634,0.2719286,0.2806967,0.2925948,0.2186861,0.2830305,0.3227045,0.2857441,0.3058484,0.2444038,0.3962272,0.1766233,0.1932957,0.3014227,0.3378746,0.145242,0.1725796,0.1511364,0.1770005,0.1576911,0.1847821,0.1764396,0.188599,0.2031317,0.2086071,0.268118,0.3087443,0.1604024,0.2638475,0.1878411,0.1851599,0.159639,0.1723218,0.2534277,0.2734478,0.1838833,0.2432941,0.3260649,0.342827,0.291002,0.321401,0.1813525,0.2324426,0.29774,0.3335105
0.3694309,0.2865553,0.2033295,0.1766039,0.3490829,0.2490348,0.1360033,0.5364102,0.2614995,0.4942871,0.2032239,0.3092198,0.3394707,0.278576,0.2724034,0.3202534,0.2580868,0.2113147,0.1980588,0.1584783,0.1761131,0.3749357,0.2483971,0.2086893,0.2036735,0.4202331,0.4551001,0.2315999,0.2503925,0.2769625,0.2678945,0.3123928,0.2960809,0.4160952,0.2712313,0.2388165,0.1612036,0.4123859,0.340457,0.2980114,0.2683402,0.4498236,0.2528135,0.3154749,0.2112657,0.266206,0.1993562,0.1983281,0.1811791,0.3777395,0.3691874,0.4117435,0.2688657,0.4043813,0.4384501,0.4215924,0.3580396,0.3178509,0.4584384,0.2104193,0.2447066,0.4298991,0.4073766,0.1900126,0.1888542,0.2043185,0.2228806,0.1846645,0.1915448,0.1878739,0.1996385,0.2844386,0.2617464,0.3763815,0.4161851,0.1949402,0.1826172,0.2293939,0.2222481,0.2149023,0.1612758,0.37021,0.2418192,0.254525,0.2092132,0.473978,0.4282478,0.4179755,0.3806092,0.2391279,0.1869981,0.4025304,0.4279172
0.2323595,0.2717524,0.1377308,0.173519,0.2524661,0.3374113,0.196187,0.2934212,0.4331972,0.2618967,0.45346,0.2028393,0.2115993,0.1685893,0.1783114,0.1901412,0.2283366,0.1608474,0.2040387,0.1312683,0.1431679,0.2095024,0.1941982,0.1496349,0.1444887,0.2321091,0.2499678,0.165236,0.1664684,0.1777633,0.1706661,0.1953826,0.187882,0.2279713,0.3027452,0.169741,0.2050547,0.2352175,0.2675024,0.1956357,0.2157851,0.2528135,0.3819729,0.187511,0.3171332,0.1679053,0.2109717,0.1570296,0.2038344,0.2092805,0.2220759,0.2206651,0.2043208,0.241393,0.2622886,0.2330096,0.2486332,0.2331027,0.2768537,0.1489268,0.1677354,0.2449705,0.2854952,0.1304332,0.1645103,0.147211,0.1688318,0.1359543,0.1567195,0.1452723,0.1617332,0.1757851,0.21137,0.2505762,0.2660843,0.147751,0.1725787,0.1622345,0.1599284,0.1412979,0.1443855,0.2098461,0.2268829,0.1631601,0.2103938,0.2609405,0.2535636,0.2313523,0.2298484,0.160044,0.1726093,0.2474768,0.3312586
