0.5110452,0.3284175,0.2610317,0.246269,0.336711,0.26935,0.2336854,0.5475059,0.2895791,0.4303685,0.2319021,0.3623567,0.4052139,0.3591789,0.3407067,0.3965197,0.2971926,0.219336,0.2388287,0.2510602,0.2061559,0.4811512,0.2920659,0.3034929,0.2330745,0.4903142,0.5568147,0.3023249,0.3092422,0.3371106,0.3232498,0.3679867,0.3468743,0.4574562,0.3020676,0.3872015,0.1915768,0.5842459,0.4019193,0.4611199,0.303695,0.4329488,0.2634609,0.2459195,0.2388708,0.3103955,0.255509,0.2145401,0.2007119,0.4907943,0.4448579,0.5217704,0.3544664,0.5169476,0.516162,0.5522265,0.4337144,0.4877238,0.510671,0.2446284,0.3063282,0.5694876,0.4796421,0.2166233,0.2263108,0.2437831,0.2881913,0.2505417,0.2564748,0.2414611,0.2743426,0.3431044,0.3207465,0.4906813,0.4858387,0.3180421,0.2256507,0.2574318,0.2499252,0.3022487,0.2290762,0.4651231,0.2857109,0.3679945,0.2536688,0.6326833,0.5043352,0.5616687,0.4507053,0.3740308,0.23576,0.5176627,0.5141683
0.3284175,0.4865482,0.1873059,0.2046496,0.2500355,0.2901469,0.2576064,0.3703097,0.3305716,0.3070716,0.3334527,0.257227,0.2816083,0.2485082,0.2545479,0.2847293,0.260475,0.1746223,0.2106315,0.1608897,0.2205684,0.2974744,0.2995055,0.1961686,0.2413588,0.3490259,0.35138,0.2139304,0.2202235,0.2495251,0.23561,0.2689922,0.2524524,0.3035016,0.3436862,0.2290047,0.2391736,0.3327568,0.4422014,0.2654898,0.3696955,0.3143025,0.313526,0.1946688,0.2858694,0.2142324,0.2027645,0.1658061,0.2002196,0.3235022,0.3126069,0.332517,0.2542965,0.3424269,0.3814673,0.3400776,0.3895617,0.3267357,0.464117,0.2120165,0.2296081,0.3511454,0.3703175,0.1780466,0.1962599,0.1811029,0.2004771,0.1931628,0.1971882,0.2059336,0.2073198,0.2396202,0.2559099,0.3364988,0.3738511,0.1851851,0.2613973,0.2117922,0.2044469,0.2075097,0.1762085,0.2915153,0.3208618,0.2248242,0.2808371,0.3892951,0.426726,0.3353661,0.3536837,0.2298839,0.2073415,0.2972142,0.334645
0.2610317,0.1873059,0.3832799,0.1617884,0.2113641,0.1716616,0.1210858,0.2728431,0.1662905,0.2287489,0.1460389,0.194655,0.2245985,0.2092735,0.2031921,0.2470541,0.1989823,0.2121066,0.1853417,0.1598024,0.1590722,0.2317417,0.1892355,0.1676031,0.1662883,0.241521,0.2768665,0.1673805,0.1991599,0.1888732,0.2072806,0.1982554,0.201786,0.2469525,0.174819,0.2752361,0.1311919,0.287143,0.2023696,0.2289331,0.1717462,0.23693,0.1645823,0.1937913,0.1608028,0.2539976,0.1618846,0.1978886,0.1484119,0.241919,0.2404658,0.2516986,0.1964803,0.2527942,0.2603743,0.2578904,0.232846,0.2273728,0.2489314,0.1743168,0.188599,0.2799274,0.2368529,0.2788535,0.159695,0.2265622,0.193391,0.1945469,0.1680222,0.1663675,0.1846714,0.2549682,0.2215007,0.2427811,0.2475214,0.202281,0.1468062,0.1835939,0.1921231,0.2647563,0.149103,0.2409269,0.1641724,0.2477411,0.1522894,0.2854258,0.2501108,0.2585787,0.2289635,0.2347128,0.1493603,0.2543386,0.2570397
0.246269,0.2046496,0.1617884,0.3627362,0.1906284,0.20818,0.146496,0.2386792,0.2094588,0.2173186,0.2151732,0.1793748,0.1927619,0.2056362,0.202392,0.2191016,0.2221384,0.1638109,0.2171847,0.1621195,0.1621732,0.2106891,0.1666401,0.1708474,0.1523977,0.2140751,0.2376676,0.1701526,0.1835895,0.1844338,0.1763215,0.1751526,0.1752551,0.2131472,0.1965462,0.1878066,0.1828325,0.2416665,0.2183352,0.2099508,0.1828894,0.2115211,0.2037207,0.1615113,0.1943737,0.1721129,0.2466314,0.1545164,0.2484005,0.2165816,0.2080837,0.2211151,0.1981243,0.227892,0.2306027,0.2323879,0.211109,0.2302123,0.2262309,0.1925939,0.2358983,0.2435574,0.2320081,0.1682969,0.31046,0.1967918,0.3036091,0.18665,0.2534139,0.1799786,0.2374473,0.2426242,0.2684066,0.2273699,0.2250667,0.1721845,0.2031354,0.1800266,0.1545308,0.1865106,0.2940731,0.2067681,0.1827289,0.1865199,0.1937972,0.2636203,0.2232281,0.2401224,0.2114888,0.1975349,0.193662,0.2345367,0.2456341
0.336711,0.2500355,0.2113641,0.1906284,0.3832197,0.3065852,0.1637112,0.4903871,0.2972719,0.479149,0.2547323,0.2650049,0.292624,0.2416255,0.2462655,0.2828259,0.2493376,0.2686947,0.256907,0.1617924,0.1646003,0.3201433,0.2236159,0.2071798,0.1978241,0.3259286,0.3789066,0.2217804,0.2286232,0.2389695,0.2355581,0.2606648,0.2566503,0.3374693,0.2562071,0.2645155,0.1727737,0.3668468,0.2942655,0.2844001,0.2442898,0.3885539,0.2806697,0.2650719,0.2431989,0.2622831,0.2195309,0.2355113,0.2122034,0.311747,0.3039444,0.3380405,0.1967427,0.325205,0.356194,0.3435333,0.2996421,0.2922707,0.3758699,0.1814349,0.220104,0.3664636,0.3454812,0.1850766,0.1953351,0.2107485,0.2181907,0.1766352,0.1901593,0.1731796,0.1890962,0.2782609,0.2685117,0.3085839,0.3407756,0.2023485,0.1888013,0.2031215,0.199881,0.2123877,0.1747772,0.3099608,0.2200874,0.2434533,0.2043803,0.3840085,0.3530802,0.350009,0.3118594,0.2447772,0.1780857,0.3569705,0.3801786
0.26935,0.2901469,0.1716616,0.20818,0.3065852,0.3711636,0.1827647,0.3688303,0.3961071,0.3487148,0.3862041,0.2308335,0.2467245,0.2108189,0.2185336,0.2351689,0.2782201,0.2193261,0.2889137,0.1558108,0.1621142,0.2629346,0.2102016,0.1889744,0.1727991,0.2628108,0.2989621,0.201067,0.2004444,0.2078694,0.1991003,0.2212582,0.2152844,0.2520528,0.2954617,0.2094416,0.2072673,0.2848715,0.2893167,0.2373236,0.2458812,0.2885479,0.3628826,0.1847596,0.3172093,0.1915279,0.2337502,0.1774926,0.249745,0.2522887,0.2519459,0.2706472,0.1814697,0.2620663,0.2971437,0.270778,0.2684196,0.2474222,0.3426076,0.1627465,0.1944146,0.2843104,0.3064867,0.1527085,0.2010143,0.1676239,0.2067478,0.156803,0.1868132,0.1636709,0.186656,0.2177074,0.2648684,0.2606528,0.2924657,0.1743166,0.201949,0.1907052,0.1832467,0.1761418,0.1809899,0.2437284,0.2376149,0.2011846,0.225491,0.3026987,0.3069991,0.282381,0.2628053,0.2042855,0.1833761,0.2744385,0.3289822
0.2336854,0.2576064,0.1210858,0.146496,0.1637112,0.1827647,0.2473587,0.164122,0.1924484,0.1615331,0.1828927,0.1820746,0.1802511,0.1597295,0.1535373,0.1361023,0.1489853,0.1547185,0.1689999,0.2187713,0.1446249,0.2386874,0.1931463,0.2233962,0.1544241,0.1737238,0.1632,0.2109541,0.1505823,0.1681549,0.1652601,0.1758985,0.1607945,0.1583885,0.2307503,0.1748806,0.1684058,0.1690157,0.2671874,0.2278502,0.22651,0.1633582,0.1936852,0.1582555,0.1818227,0.1293643,0.1608021,0.1298962,0.1522659,0.174433,0.1888151,0.2144847,0.1257313,0.2490268,0.1975273,0.2254171,0.1864991,0.4121997,0.2317643,0.1479505,0.1266164,0.180765,0.2392584,0.1179328,0.1473808,0.116537,0.137756,0.1325362,0.135317,0.1631297,0.1194918,0.1274681,0.1528788,0.2395767,0.2044398,0.1641369,0.1750585,0.1633963,0.1509591,0.1359147,0.1490435,0.1551721,0.2261785,0.1464016,0.1903459,0.1752702,0.2055694,0.1582964,0.195447,0.1555875,0.1607986,0.1847841,0.1814455
0.5475059,0.3703097,0.2728431,0.2386792,0.4903871,0.3688303,0.164122,0,0.4054874,0.8597598,0.278982,0.443908,0.4942924,0.38267,0.3973296,0.4077734,0.333671,0.2632962,0.3121687,0.2145282,0.2208197,0.5288047,0.3457606,0.2921013,0.281884,0.5630314,0.6625079,0.3343035,0.3456243,0.3852111,0.3658284,0.4303319,0.4133824,0.5095357,0.34346,0.4264334,0.2110345,0.5564947,0.4819112,0.4442825,0.3787647,0.5758443,0.3216538,0.2798864,0.2912707,0.2853448,0.3046652,0.2170348,0.2569955,0.541338,0.5196584,0.5907834,0.2929845,0.5617692,0.6281906,0.5986152,0.5072296,0.4623121,0.6828488,0.2830617,0.3511399,0.56415,0.5809965,0.203956,0.2622341,0.2261654,0.2932445,0.2388786,0.2668006,0.2467265,0.2800192,0.3594107,0.3486857,0.5142768,0.5828923,0.2819307,0.2498357,0.3183075,0.3006908,0.3055086,0.2239922,0.4941712,0.336117,0.3605647,0.3032189,0.7112384,0.6301856,0.6215524,0.5431923,0.4045048,0.2597061,0.5018883,0.6063136
0.2895791,0.3305716,0.1662905,0.2094588,0.2972719,0.3961071,0.1924484,0.4054874,0.5756141,0.3256043,0.7475569,0.2851665,0.2918572,0.2468306,0.2610938,0.2280659,0.2191053,0.1748555,0.2523739,0.1637603,0.1651843,0.3061238,0.2284943,0.2043035,0.1813734,0.3304422,0.3504037,0.2340283,0.2178063,0.2474726,0.2222326,0.2733625,0.2517292,0.2869972,0.333196,0.2130791,0.2002158,0.2935004,0.3736829,0.2557093,0.2827367,0.3019146,0.456719,0.2091597,0.4214003,0.1970028,0.26914,0.1704805,0.2335785,0.2942995,0.286802,0.3248926,0.1747811,0.2980158,0.3492387,0.3191058,0.3002705,0.2544662,0.4446895,0.211138,0.233173,0.2938979,0.3515049,0.1507606,0.2021525,0.1421468,0.2003177,0.1699678,0.2009387,0.1967632,0.2117236,0.1823621,0.2343613,0.2736849,0.3281335,0.1774921,0.1999979,0.2377182,0.2201162,0.1885835,0.1798054,0.2840531,0.3133484,0.2207351,0.3063566,0.3763254,0.3649035,0.3439196,0.304715,0.229236,0.2025479,0.2469529,0.2662388
0.4303685,0.3070716,0.2287489,0.2173186,0.479149,0.3487148,0.1615331,0.8597598,0.3256043,0.3835072,0.2057794,0.3486486,0.3867717,0.3004321,0.3179289,0.3183579,0.2946827,0.2697409,0.3024402,0.1861863,0.1896274,0.4171132,0.2814416,0.249821,0.2476335,0.4200596,0.5149649,0.2882609,0.282084,0.3092278,0.293985,0.3345193,0.3333572,0.4085979,0.306357,0.354732,0.1914658,0.4308596,0.4029386,0.3617969,0.3222609,0.5194399,0.2887913,0.2772682,0.2906865,0.2466871,0.2841817,0.2084743,0.2521399,0.4180375,0.4080001,0.4601263,0.2338936,0.4238344,0.4846517,0.4572826,0.3966292,0.3654255,0.5275244,0.2185818,0.2715746,0.4526644,0.4776056,0.1799229,0.2561088,0.2032452,0.2591376,0.1949363,0.2245929,0.1966743,0.2216636,0.3073508,0.3106703,0.388782,0.4500268,0.2386876,0.2218403,0.2671723,0.2468081,0.2516553,0.2004604,0.3915925,0.272707,0.28488,0.2523808,0.5456826,0.4811344,0.4767157,0.4179323,0.3307275,0.2127124,0.4085533,0.5177956
0.2319021,0.3334527,0.1460389,0.2151732,0.2547323,0.3862041,0.1828927,0.278982,0.7475569,0.2057794,0.4416292,0.2406955,0.2374605,0.2122214,0.2253534,0.1847683,0.2023869,0.1558792,0.2287825,0.1517084,0.1473533,0.2478958,0.1981686,0.1811231,0.1562027,0.2756546,0.2729712,0.2073308,0.1788306,0.2105894,0.1808588,0.2308436,0.2094446,0.2312973,0.3267362,0.1610048,0.1868464,0.23515,0.3572741,0.2171579,0.256106,0.2373059,0.4857644,0.180613,0.4678675,0.165991,0.2640027,0.1646475,0.2199795,0.2350093,0.2322623,0.2613379,0.1643614,0.2311064,0.2800509,0.2517611,0.2503237,0.1991299,0.3794006,0.1912912,0.1989676,0.2411792,0.297621,0.1501332,0.1964387,0.1331212,0.1821974,0.1550122,0.1820046,0.1849158,0.1867328,0.1497537,0.2093335,0.2105442,0.2625393,0.1534093,0.1878355,0.2161471,0.1979114,0.1640569,0.1730704,0.2333184,0.3079261,0.1806511,0.3088938,0.3035352,0.2939631,0.2796776,0.2458939,0.184403,0.1889878,0.1959304,0.1955045
0.3623567,0.257227,0.194655,0.1793748,0.2650049,0.2308335,0.1820746,0.443908,0.2851665,0.3486486,0.2406955,0.4337078,0.4165407,0.3337616,0.3370877,0.3027999,0.2192859,0.1757001,0.1927877,0.2256368,0.2112346,0.3638365,0.275711,0.2682113,0.225366,0.4782139,0.4909275,0.3202736,0.2818037,0.3550767,0.3048876,0.4318785,0.3747714,0.35063,0.250859,0.2857706,0.1603557,0.3812352,0.3110447,0.3382314,0.2815304,0.3481616,0.2293728,0.2037153,0.2062867,0.2372857,0.1964005,0.1753046,0.1766744,0.3678179,0.3679648,0.3874112,0.2293739,0.4085782,0.4351633,0.4054564,0.3594399,0.3215191,0.4436088,0.2930037,0.2989994,0.3772991,0.3637171,0.1715439,0.1710984,0.174152,0.1839803,0.2111841,0.2061258,0.2695338,0.2288655,0.2323257,0.2111273,0.3926836,0.4292324,0.2186653,0.1883317,0.3256311,0.3044309,0.2063259,0.1748627,0.3440946,0.2600424,0.2582868,0.2344725,0.4539908,0.4130134,0.406461,0.3728851,0.2627997,0.2087663,0.3789575,0.3786207
0.4052139,0.2816083,0.2245985,0.1927619,0.292624,0.2467245,0.1802511,0.4942924,0.2918572,0.3867717,0.2374605,0.4165407,0.4784649,0.3048677,0.3547216,0.3044315,0.2352772,0.1978524,0.2107895,0.1876647,0.257678,0.402811,0.3002762,0.2442544,0.2715003,0.4838611,0.5490258,0.2683224,0.3550956,0.3342829,0.3715611,0.4207363,0.4202579,0.3924194,0.2703102,0.3178852,0.1640417,0.4317385,0.3241362,0.349034,0.2824069,0.3874244,0.244373,0.2219692,0.2144253,0.2701266,0.2062137,0.1944824,0.1806804,0.4054852,0.4236937,0.4285057,0.228832,0.4639993,0.5008821,0.4568101,0.4000746,0.3720396,0.4768912,0.2512438,0.2848389,0.4240331,0.400827,0.1770602,0.1848295,0.1844424,0.2156088,0.1980031,0.2185722,0.214864,0.2670873,0.2524354,0.2397831,0.4524686,0.4974135,0.2241567,0.2018732,0.3234039,0.3244223,0.2211883,0.1888664,0.3848454,0.2780963,0.2863356,0.2485747,0.5027986,0.4658388,0.4554155,0.417009,0.2878247,0.2238534,0.3931379,0.4054196
0.3591789,0.2485082,0.2092735,0.2056362,0.2416255,0.2108189,0.1597295,0.38267,0.2468306,0.3004321,0.2122214,0.3337616,0.3048677,0.3799709,0.3513762,0.3790517,0.2623815,0.1811412,0.1891646,0.2415675,0.1840571,0.3495195,0.2490913,0.2630277,0.1953714,0.3770882,0.386511,0.2970834,0.2439779,0.3074793,0.2580265,0.3208976,0.2880789,0.3187066,0.2370704,0.2473635,0.1590683,0.3673507,0.3001741,0.3113283,0.2519221,0.3112573,0.2036035,0.1931332,0.1971647,0.2345791,0.1967018,0.187642,0.1822189,0.3564163,0.3214924,0.3779763,0.2262295,0.3446064,0.3618595,0.3738851,0.3220021,0.3065969,0.412519,0.3472222,0.3681231,0.3589942,0.3279917,0.2419647,0.2223904,0.2169168,0.2427331,0.2679419,0.2497757,0.2977259,0.2605451,0.2831363,0.2583317,0.3181752,0.3332822,0.2309706,0.1908945,0.296873,0.2787744,0.2528948,0.1955652,0.3146272,0.2459557,0.2520727,0.2150568,0.4186592,0.3784553,0.3791903,0.3318551,0.2639569,0.1967367,0.330934,0.2866447
0.3407067,0.2545479,0.2031921,0.202392,0.2462655,0.2185336,0.1535373,0.3973296,0.2610938,0.3179289,0.2253534,0.3370877,0.3547216,0.3513762,0.384241,0.3240634,0.2590408,0.1909557,0.2026348,0.1955248,0.2254398,0.3392904,0.2538221,0.2314019,0.2201756,0.3991061,0.4090635,0.2445689,0.3026057,0.3010998,0.3079976,0.3430658,0.3275137,0.3165824,0.2397171,0.2624043,0.1561005,0.3450277,0.3056141,0.298347,0.2545391,0.3110598,0.2087871,0.1947155,0.2005225,0.2311319,0.2027839,0.1869233,0.1857575,0.3438719,0.3302739,0.3671381,0.2092447,0.3497044,0.3770691,0.3679349,0.3259803,0.2971931,0.4181164,0.3400932,0.3926832,0.3446914,0.3313171,0.1931643,0.216053,0.198838,0.235465,0.2205737,0.2609194,0.2355164,0.2993475,0.2573555,0.2451583,0.3269954,0.3540837,0.2063093,0.1988038,0.3215033,0.3240334,0.2182556,0.2088262,0.3155411,0.252303,0.2468807,0.2227927,0.4167904,0.3868208,0.3725113,0.3351628,0.2590111,0.1971356,0.2956076,0.2738776
0.3965197,0.2847293,0.2470541,0.2191016,0.2828259,0.2351689,0.1361023,0.4077734,0.2280659,0.3183579,0.1847683,0.3027999,0.3044315,0.3790517,0.3240634,0.4787468,0.4011353,0.2189512,0.2115852,0.2015708,0.1736756,0.3778478,0.2769648,0.2328836,0.1969118,0.4187604,0.4058225,0.2454182,0.2516129,0.2854117,0.254877,0.2909802,0.2575539,0.3733464,0.2706859,0.2780905,0.1780161,0.4395331,0.3298621,0.3247211,0.2701114,0.3575407,0.217719,0.2312306,0.209794,0.2832783,0.208094,0.2177479,0.1947191,0.4207692,0.37408,0.425561,0.2657474,0.3933169,0.4171884,0.4217226,0.374133,0.3420222,0.4790204,0.2696663,0.3245957,0.4264556,0.3756417,0.2595963,0.242329,0.2852691,0.2960149,0.2699308,0.2590764,0.2477808,0.2647194,0.3877739,0.3582385,0.3599879,0.380399,0.2550479,0.2085395,0.2176239,0.208555,0.298624,0.2083202,0.3637592,0.2781819,0.2897177,0.2353484,0.4728199,0.4405347,0.4269112,0.3821658,0.2920678,0.2214518,0.400857,0.3507874
0.2971926,0.260475,0.1989823,0.2221384,0.2493376,0.2782201,0.1489853,0.333671,0.2191053,0.2946827,0.2023869,0.2192859,0.2352772,0.2623815,0.2590408,0.4011353,0.3340159,0.1998603,0.2210909,0.169556,0.1750215,0.2810163,0.2182199,0.1879091,0.1658328,0.2997233,0.283137,0.1844359,0.2108818,0.2206959,0.2103349,0.2214685,0.2046991,0.2798158,0.2595664,0.2254202,0.2084375,0.2976975,0.2672859,0.2503468,0.2330462,0.2828597,0.2519883,0.1957654,0.2339048,0.2127361,0.2045303,0.1851803,0.1944122,0.3081626,0.2770474,0.3157624,0.2413613,0.2973785,0.3055049,0.3177144,0.289038,0.2676674,0.3295564,0.2093769,0.2445447,0.3137724,0.303853,0.1950248,0.2562507,0.2140328,0.2836831,0.1987896,0.2357539,0.1728212,0.2351644,0.3028958,0.3422202,0.2869934,0.2924352,0.193182,0.2113254,0.1805875,0.168281,0.2165775,0.2153336,0.2672879,0.2291858,0.2142282,0.2091126,0.3459619,0.3145483,0.3024366,0.2815425,0.2223057,0.2037433,0.2847061,0.3478265
0.219336,0.1746223,0.2121066,0.1638109,0.2686947,0.2193261,0.1547185,0.2632962,0.1748555,0.2697409,0.1558792,0.1757001,0.1978524,0.1811412,0.1909557,0.2189512,0.1998603,0.3281983,0.262511,0.1394061,0.1432601,0.2198253,0.170911,0.1633086,0.1628705,0.208883,0.233533,0.1679027,0.184563,0.1778874,0.1886814,0.1856217,0.1870139,0.2199598,0.1789892,0.2024524,0.1397857,0.2431373,0.1948442,0.2017149,0.1695719,0.2477458,0.1840434,0.186418,0.1693017,0.2316149,0.1743926,0.2809052,0.18881,0.2104266,0.2062858,0.2298207,0.1493706,0.2097962,0.2240349,0.2242339,0.2005165,0.2017307,0.2377016,0.1575094,0.1813955,0.2429553,0.2169163,0.1916488,0.1712146,0.2295201,0.1868883,0.1616942,0.1623759,0.1503547,0.1561767,0.2532262,0.2310718,0.1990074,0.2134174,0.1609549,0.1517233,0.1696748,0.1814146,0.1733505,0.1526319,0.2107966,0.1654924,0.185463,0.1590989,0.2350941,0.2251495,0.222591,0.2033896,0.1810333,0.1411413,0.2321717,0.2197095
0.2388287,0.2106315,0.1853417,0.2171847,0.256907,0.2889137,0.1689999,0.3121687,0.2523739,0.3024402,0.2287825,0.1927877,0.2107895,0.1891646,0.2026348,0.2115852,0.2210909,0.262511,0.3443554,0.1485241,0.1469899,0.2337381,0.1721193,0.1765328,0.1577267,0.2154819,0.2483312,0.181702,0.1870618,0.1893987,0.1865559,0.1964062,0.1936984,0.2199565,0.1962598,0.1961276,0.1576365,0.247153,0.2288602,0.214014,0.1944664,0.2386352,0.22609,0.1729911,0.197672,0.1908939,0.2170272,0.1995251,0.288289,0.2192624,0.2127853,0.239204,0.1468618,0.2183,0.2348686,0.2371246,0.2100999,0.216667,0.2647326,0.166917,0.1950192,0.2442942,0.2372722,0.1652203,0.2102696,0.1986602,0.2380203,0.1557426,0.180289,0.1489135,0.1735981,0.2282655,0.2676221,0.2080756,0.2256623,0.1624778,0.1693773,0.1906119,0.1873029,0.1684702,0.1748713,0.2170073,0.1784499,0.18622,0.1717443,0.2557906,0.2433835,0.2404301,0.2135093,0.1896695,0.1509441,0.2304164,0.2334877
0.2510602,0.1608897,0.1598024,0.1621195,0.1617924,0.1558108,0.2187713,0.2145282,0.1637603,0.1861863,0.1517084,0.2256368,0.1876647,0.2415675,0.1955248,0.2015708,0.169556,0.1394061,0.1485241,0.3845125,0.1580993,0.2786564,0.1753156,0.3560172,0.1558427,0.2255633,0.2149601,0.2793272,0.1904753,0.2573,0.1928873,0.2245983,0.1907627,0.1956169,0.1661045,0.2432856,0.1441534,0.2052836,0.1930025,0.2971361,0.1652329,0.186316,0.149826,0.1450781,0.14708,0.154722,0.1536617,0.1375811,0.1434981,0.2497748,0.2115885,0.2649219,0.2105797,0.2358855,0.2102714,0.2547098,0.2001471,0.2320529,0.2136415,0.2041305,0.1814972,0.2099674,0.2049907,0.1936773,0.1729456,0.1538176,0.1716307,0.2333466,0.1721962,0.2638933,0.1783879,0.1684248,0.1697183,0.2157578,0.196906,0.2887718,0.1536547,0.2031619,0.1682479,0.2154908,0.1567136,0.2014304,0.1691022,0.1832904,0.1590599,0.2678136,0.2079419,0.2645138,0.2014911,0.2334416,0.16209,0.2031168,0.1875946
0.2061559,0.2205684,0.1590722,0.1621732,0.1646003,0.1621142,0.1446249,0.2208197,0.1651843,0.1896274,0.1473533,0.2112346,0.257678,0.1840571,0.2254398,0.1736756,0.1750215,0.1432601,0.1469899,0.1580993,0.3594339,0.2053689,0.2455645,0.1676747,0.2956029,0.2415843,0.2749892,0.1622614,0.287882,0.190495,0.2705857,0.2103825,0.2398596,0.2004759,0.1652774,0.1983588,0.1848368,0.1953981,0.1962971,0.188666,0.2629349,0.1955855,0.1528615,0.1426102,0.150005,0.1630047,0.1493626,0.1407901,0.1378751,0.2145909,0.2491581,0.2192896,0.229193,0.2268419,0.2569571,0.2239262,0.2314595,0.2020975,0.2271803,0.173352,0.1952989,0.2007126,0.1986638,0.1485588,0.1838171,0.1407781,0.1644611,0.1568128,0.2313094,0.1539763,0.2804235,0.1574879,0.1629748,0.2203207,0.2449814,0.1753918,0.303299,0.1959513,0.2116781,0.1593476,0.2204287,0.2014158,0.202881,0.1704686,0.2059293,0.2495209,0.247753,0.2288207,0.2707233,0.1891716,0.2466601,0.1745798,0.1838828
0.4811512,0.2974744,0.2317417,0.2106891,0.3201433,0.2629346,0.2386874,0.5288047,0.3061238,0.4171132,0.2478958,0.3638365,0.402811,0.3495195,0.3392904,0.3778478,0.2810163,0.2198253,0.2337381,0.2786564,0.2053689,0.5012318,0.3102708,0.3459093,0.2416303,0.4843022,0.5240335,0.3433049,0.3058578,0.3549958,0.33142,0.3764454,0.3510669,0.4334369,0.291694,0.3597293,0.1861196,0.4942143,0.3673125,0.4098269,0.2941702,0.4221173,0.246664,0.2442458,0.2371138,0.2907045,0.2308546,0.2087169,0.197229,0.4929069,0.4353532,0.577481,0.272911,0.4980238,0.5092672,0.5645242,0.4236401,0.4419464,0.5488839,0.2567609,0.2953403,0.4833332,0.4386423,0.1932384,0.2198435,0.219361,0.2527472,0.2328088,0.2391887,0.2541933,0.2566456,0.3117814,0.2904991,0.4524616,0.4706805,0.2707841,0.206332,0.2710103,0.2699622,0.2704695,0.202584,0.4304505,0.307464,0.3264683,0.2765529,0.5703008,0.513141,0.5364675,0.4501741,0.3360391,0.2392998,0.4296516,0.4182994
0.2920659,0.2995055,0.1892355,0.1666401,0.2236159,0.2102016,0.1931463,0.3457606,0.2284943,0.2814416,0.1981686,0.275711,0.3002762,0.2490913,0.2538221,0.2769648,0.2182199,0.170911,0.1721193,0.1753156,0.2455645,0.3102708,0.4001673,0.2139145,0.310082,0.3365948,0.3659031,0.22688,0.2948543,0.2533806,0.2688999,0.2740215,0.2653016,0.2812741,0.2392275,0.235849,0.2055405,0.3036758,0.2819442,0.2509947,0.2889882,0.2815262,0.2086337,0.1853032,0.1897234,0.2081541,0.1789148,0.1647608,0.1571473,0.3133708,0.4009087,0.3303225,0.3427502,0.319405,0.3819585,0.3239385,0.4031713,0.2812893,0.3943147,0.2002838,0.2163842,0.3028289,0.309551,0.162881,0.1595208,0.1760879,0.1784776,0.193824,0.1901611,0.1975791,0.2047525,0.2247114,0.2171187,0.3117183,0.3636984,0.1886775,0.2450148,0.2040703,0.2107343,0.2058352,0.1788737,0.27567,0.2452889,0.2207901,0.226656,0.3517164,0.3632351,0.324329,0.355893,0.2323932,0.227587,0.2710148,0.2806391
0.3034929,0.1961686,0.1676031,0.1708474,0.2071798,0.1889744,0.2233962,0.2921013,0.2043035,0.249821,0.1811231,0.2682113,0.2442544,0.2630277,0.2314019,0.2328836,0.1879091,0.1633086,0.1765328,0.3560172,0.1676747,0.3459093,0.2139145,0.3663454,0.1897321,0.2975333,0.2967284,0.3175285,0.223603,0.2809132,0.2279741,0.2732655,0.2405374,0.2526119,0.1983831,0.2546566,0.1498644,0.2780057,0.2399811,0.321914,0.2025023,0.2448962,0.1769068,0.1694779,0.1716362,0.1843438,0.1718576,0.1544564,0.1598794,0.3134234,0.2646236,0.3358851,0.2332109,0.2984728,0.283126,0.3249827,0.2558251,0.2762936,0.2938147,0.2069919,0.202079,0.2749286,0.2624374,0.1831533,0.1863123,0.1666242,0.189132,0.2093625,0.1833315,0.2460858,0.1876734,0.196821,0.1972541,0.2730529,0.2664982,0.2562697,0.1629963,0.220566,0.1946138,0.2119142,0.1627944,0.2572716,0.2027838,0.2136407,0.1862741,0.3404284,0.276979,0.3253031,0.2571823,0.2460239,0.1761698,0.2676545,0.2497853
0.2330745,0.2413588,0.1662883,0.1523977,0.1978241,0.1727991,0.1544241,0.281884,0.1813734,0.2476335,0.1562027,0.225366,0.2715003,0.1953714,0.2201756,0.1969118,0.1658328,0.1628705,0.1577267,0.1558427,0.2956029,0.2416303,0.310082,0.1897321,0.3491629,0.2630194,0.3169781,0.1934962,0.2903343,0.2074239,0.2681945,0.2229339,0.2511297,0.2245415,0.1796327,0.2028432,0.1690148,0.2403296,0.2174655,0.2116548,0.2579099,0.2300556,0.1631319,0.1586615,0.1508852,0.1748742,0.1511207,0.1509423,0.1413092,0.2499094,0.2865483,0.2486095,0.207269,0.2560844,0.2889705,0.2505907,0.2766951,0.2269773,0.2700002,0.1650106,0.1853091,0.2333806,0.2308904,0.1590762,0.1711365,0.1672065,0.1635524,0.1687969,0.1968517,0.1702718,0.2137337,0.190832,0.1791753,0.2472496,0.2794923,0.1767602,0.235041,0.1872709,0.1993342,0.1656018,0.1793021,0.2228079,0.19429,0.181799,0.1836898,0.2658716,0.2842328,0.2581123,0.2813526,0.1935429,0.1877813,0.2188009,0.2048727
0.4903142,0.3490259,0.241521,0.2140751,0.3259286,0.2628108,0.1737238,0.5630314,0.3304422,0.4200596,0.2756546,0.4782139,0.4838611,0.3770882,0.3991061,0.4187604,0.2997233,0.208883,0.2154819,0.2255633,0.2415843,0.4843022,0.3365948,0.2975333,0.2630194,0.6269196,0.6150579,0.308086,0.3531135,0.3977432,0.3607106,0.4784818,0.4067582,0.4811656,0.3161749,0.3597612,0.177581,0.526951,0.4256282,0.4206572,0.3388805,0.4641449,0.2653092,0.2588848,0.2526104,0.3190678,0.2372339,0.2145154,0.1875502,0.5207704,0.4737479,0.5380119,0.3415779,0.5699495,0.5748128,0.5657058,0.4739663,0.4340028,0.6072897,0.3251464,0.3659492,0.5305327,0.4947135,0.2035007,0.1942116,0.2283181,0.2389299,0.2544971,0.2552301,0.269529,0.2983001,0.325147,0.2856858,0.5312328,0.5566287,0.2634334,0.2303784,0.3047896,0.3014342,0.274028,0.2150917,0.4714374,0.3351897,0.3419622,0.2977046,0.6325861,0.566676,0.5527261,0.5036294,0.3399881,0.2579181,0.4688573,0.4986464
0.5568147,0.35138,0.2768665,0.2376676,0.3789066,0.2989621,0.1632,0.6625079,0.3504037,0.5149649,0.2729712,0.4909275,0.5490258,0.386511,0.4090635,0.4058225,0.283137,0.233533,0.2483312,0.2149601,0.2749892,0.5240335,0.3659031,0.2967284,0.3169781,0.6150579,0.7377157,0.3188262,0.3923589,0.380742,0.4091807,0.4589024,0.4521559,0.5054935,0.3267509,0.3975688,0.1729238,0.5903602,0.4089798,0.4542358,0.3399867,0.5023844,0.2888504,0.2598669,0.2542578,0.3277991,0.2543232,0.2248092,0.2044994,0.5214784,0.5496851,0.5557917,0.3012646,0.5851157,0.6531187,0.5921968,0.5105878,0.4981388,0.5977253,0.2896991,0.3579225,0.5722245,0.5206356,0.2068179,0.2272591,0.22593,0.2709572,0.2356738,0.2638138,0.2417689,0.3071211,0.3403533,0.3127308,0.5654409,0.6337702,0.2811852,0.2317189,0.3141876,0.3107476,0.2894979,0.221217,0.4963622,0.3340065,0.3632555,0.2931362,0.676623,0.5998711,0.6159685,0.5352432,0.3738566,0.2626844,0.5543882,0.5326446
0.3023249,0.2139304,0.1673805,0.1701526,0.2217804,0.201067,0.2109541,0.3343035,0.2340283,0.2882609,0.2073308,0.3202736,0.2683224,0.2970834,0.2445689,0.2454182,0.1844359,0.1679027,0.181702,0.2793272,0.1622614,0.3433049,0.22688,0.3175285,0.1934962,0.308086,0.3188262,0.3646687,0.210005,0.3251481,0.2399323,0.3219038,0.2821447,0.2613792,0.2125909,0.2404242,0.1516319,0.2866851,0.2564393,0.2861049,0.2297417,0.2621431,0.1927436,0.1722164,0.1840388,0.1864581,0.1719947,0.157076,0.1671543,0.326028,0.2808385,0.359814,0.1911227,0.303238,0.3051502,0.3439251,0.2726463,0.2748989,0.330352,0.2568174,0.2194091,0.2853533,0.2812726,0.1781104,0.1836443,0.1693453,0.1831147,0.215593,0.1763083,0.292523,0.1738902,0.2026934,0.1943409,0.2783515,0.2838866,0.2180104,0.1572126,0.2779322,0.2415458,0.1907862,0.1518589,0.2589822,0.2151637,0.2123963,0.194752,0.3496863,0.3048785,0.3228063,0.2752755,0.2307788,0.1702822,0.2805675,0.2792963
0.3092422,0.2202235,0.1991599,0.1835895,0.2286232,0.2004444,0.1505823,0.3456243,0.2178063,0.282084,0.1788306,0.2818037,0.3550956,0.2439779,0.3026057,0.2516129,0.2108818,0.184563,0.1870618,0.1904753,0.287882,0.3058578,0.2948543,0.223603,0.2903343,0.3531135,0.3923589,0.210005,0.3668579,0.263015,0.33168,0.298108,0.3177123,0.2906423,0.2112163,0.2570363,0.1518863,0.3149439,0.2472392,0.2714528,0.226043,0.283565,0.1867339,0.1808583,0.1762636,0.2208003,0.1754771,0.1737286,0.1611369,0.3186359,0.3546274,0.322477,0.3029243,0.3335021,0.3603451,0.3349878,0.3184883,0.2815956,0.3375165,0.2079566,0.250758,0.3098426,0.288813,0.1725672,0.1966684,0.1803424,0.2043922,0.1813005,0.2289697,0.1722629,0.2869861,0.216054,0.2149361,0.3184108,0.3463441,0.206065,0.2186939,0.2665442,0.270119,0.198277,0.2028052,0.2906995,0.231543,0.2287458,0.2114709,0.3692621,0.3400818,0.34053,0.3179005,0.2435672,0.2158962,0.2711977,0.2587582
0.3371106,0.2495251,0.1888732,0.1844338,0.2389695,0.2078694,0.1681549,0.3852111,0.2474726,0.3092278,0.2105894,0.3550767,0.3342829,0.3074793,0.3010998,0.2854117,0.2206959,0.1778874,0.1893987,0.2573,0.190495,0.3549958,0.2533806,0.2809132,0.2074239,0.3977432,0.380742,0.3251481,0.263015,0.3609746,0.2944871,0.3762886,0.3293248,0.3197762,0.2364294,0.2691133,0.1554651,0.3335895,0.296741,0.2996488,0.248637,0.3115659,0.2048692,0.1929222,0.1950736,0.2265276,0.1868858,0.1755281,0.1744448,0.3796407,0.3339615,0.3929436,0.2198334,0.3745267,0.3749285,0.3904558,0.325307,0.297742,0.4023049,0.2891808,0.2812096,0.3427293,0.3324607,0.1826774,0.1827567,0.187322,0.200155,0.2334488,0.208312,0.2794436,0.2271315,0.2356265,0.2203079,0.345012,0.3532905,0.2185149,0.1751162,0.3235136,0.2884512,0.2075706,0.1748238,0.3144543,0.2454891,0.2448531,0.2220422,0.4213892,0.3798135,0.3735651,0.3364838,0.258959,0.1918111,0.2980911,0.3212455
0.3232498,0.23561,0.2072806,0.1763215,0.2355581,0.1991003,0.1652601,0.3658284,0.2222326,0.293985,0.1808588,0.3048876,0.3715611,0.2580265,0.3079976,0.254877,0.2103349,0.1886814,0.1865559,0.1928873,0.2705857,0.33142,0.2688999,0.2279741,0.2681945,0.3607106,0.4091807,0.2399323,0.33168,0.2944871,0.3508301,0.3275233,0.3478458,0.3084751,0.2159844,0.2679363,0.1454223,0.3271368,0.2578572,0.2779803,0.2384861,0.2988267,0.1918636,0.190889,0.1758418,0.2316903,0.1768473,0.1827275,0.1641906,0.3440806,0.3529327,0.3611935,0.242494,0.3540477,0.3812267,0.3661146,0.3182868,0.2963556,0.3581184,0.2325102,0.2656591,0.3277861,0.3067224,0.1804298,0.1857389,0.1941997,0.2087763,0.1916993,0.2245772,0.1959755,0.2675582,0.2313855,0.2169889,0.335768,0.3628454,0.2069885,0.1993286,0.2832935,0.3042213,0.2004079,0.1846745,0.3067638,0.2302671,0.2394131,0.2108187,0.3936319,0.3602075,0.356267,0.3337891,0.2513112,0.1979979,0.2886122,0.2951534
0.3679867,0.2689922,0.1982554,0.1751526,0.2606648,0.2212582,0.1758985,0.4303319,0.2733625,0.3345193,0.2308436,0.4318785,0.4207363,0.3208976,0.3430658,0.2909802,0.2214685,0.1856217,0.1964062,0.2245983,0.2103825,0.3764454,0.2740215,0.2732655,0.2229339,0.4784818,0.4589024,0.3219038,0.298108,0.3762886,0.3275233,0.4489056,0.407557,0.3606252,0.2548805,0.2902356,0.156681,0.3764591,0.3238259,0.3316589,0.2744864,0.350176,0.2235163,0.2080796,0.2060042,0.2499588,0.1929761,0.1825459,0.1741011,0.378066,0.3634861,0.4116963,0.2266169,0.4224977,0.4312897,0.4272755,0.3603983,0.3172663,0.4509095,0.3069206,0.302921,0.384286,0.3720661,0.1632927,0.1663375,0.1771895,0.1867992,0.207463,0.2019092,0.2573642,0.2306457,0.2329074,0.2122084,0.3968426,0.4207605,0.2143158,0.1855585,0.3547095,0.3373359,0.2041059,0.1723597,0.3520689,0.2653286,0.2637592,0.2386177,0.4702526,0.4240201,0.4093236,0.3758493,0.2664544,0.2053744,0.3425274,0.3780653
0.3468743,0.2524524,0.201786,0.1752551,0.2566503,0.2152844,0.1607945,0.4133824,0.2517292,0.3333572,0.2094446,0.3747714,0.4202579,0.2880789,0.3275137,0.2575539,0.2046991,0.1870139,0.1936984,0.1907627,0.2398596,0.3510669,0.2653016,0.2405374,0.2511297,0.4067582,0.4521559,0.2821447,0.3177123,0.3293248,0.3478458,0.407557,0.4003017,0.3326535,0.2328454,0.2744509,0.1490845,0.3541942,0.2866355,0.3037987,0.2569947,0.3274273,0.2123346,0.1996269,0.1902152,0.2355186,0.1852799,0.1812351,0.1712827,0.3476844,0.3466114,0.377627,0.1963561,0.3843186,0.406214,0.392067,0.3338135,0.308649,0.3940901,0.2615867,0.2802037,0.3548828,0.3384848,0.167814,0.1706575,0.1804809,0.1938526,0.1877211,0.2054077,0.2178022,0.2442587,0.2257571,0.2098269,0.3674961,0.3985414,0.205434,0.1822203,0.3301693,0.331161,0.1967225,0.1717214,0.3251058,0.2400151,0.2465676,0.2172197,0.4252161,0.3868993,0.3813833,0.3472183,0.2529575,0.1923439,0.3298903,0.3482597
0.4574562,0.3035016,0.2469525,0.2131472,0.3374693,0.2520528,0.1583885,0.5095357,0.2869972,0.4085979,0.2312973,0.35063,0.3924194,0.3187066,0.3165824,0.3733464,0.2798158,0.2199598,0.2199565,0.1956169,0.2004759,0.4334369,0.2812741,0.2526119,0.2245415,0.4811656,0.5054935,0.2613792,0.2906423,0.3197762,0.3084751,0.3606252,0.3326535,0.480545,0.2882406,0.3438584,0.1745331,0.499903,0.368284,0.3752288,0.2882311,0.4581166,0.2579118,0.3439779,0.2286931,0.3371325,0.226115,0.2254808,0.1950641,0.4431868,0.410966,0.4775023,0.2886237,0.4788954,0.4930612,0.4980314,0.4060334,0.3918923,0.5190179,0.2393243,0.2794112,0.5128703,0.442793,0.2062118,0.2039929,0.2314959,0.2510163,0.2240455,0.2276433,0.2205355,0.2489419,0.318859,0.2880867,0.4425703,0.4654959,0.2698776,0.2079357,0.2585446,0.2531962,0.2722788,0.194839,0.4632411,0.2845157,0.3424312,0.2526202,0.5607362,0.4923711,0.5025138,0.4330274,0.3358313,0.2240553,0.4603443,0.4614004
0.3020676,0.3436862,0.174819,0.1965462,0.2562071,0.2954617,0.2307503,0.34346,0.333196,0.306357,0.3267362,0.250859,0.2703102,0.2370704,0.2397171,0.2706859,0.2595664,0.1789892,0.1962598,0.1661045,0.1652774,0.291694,0.2392275,0.1983831,0.1796327,0.3161749,0.3267509,0.2125909,0.2112163,0.2364294,0.2159844,0.2548805,0.2328454,0.2882406,0.3861559,0.22736,0.228321,0.3126278,0.3709289,0.2590409,0.2869931,0.2974314,0.3325638,0.1856577,0.3484178,0.2034614,0.2240483,0.1701244,0.1864394,0.2932136,0.2918115,0.3165896,0.2415864,0.3147524,0.3513424,0.3175326,0.3254755,0.2876267,0.4113362,0.2007498,0.2174988,0.324902,0.3889646,0.1613794,0.1885292,0.1652459,0.1943685,0.1752275,0.1899537,0.1853156,0.1991541,0.2193641,0.2405176,0.3068984,0.3382793,0.1853295,0.1945603,0.211948,0.2016695,0.1919787,0.1745819,0.2780268,0.349502,0.2131969,0.2894661,0.3624422,0.3721212,0.3227239,0.3197404,0.222172,0.2185401,0.3157161,0.3854994
0.3872015,0.2290047,0.2752361,0.1878066,0.2645155,0.2094416,0.1748806,0.4264334,0.2130791,0.354732,0.1610048,0.2857706,0.3178852,0.2473635,0.2624043,0.2780905,0.2254202,0.2024524,0.1961276,0.2432856,0.1983588,0.3597293,0.235849,0.2546566,0.2028432,0.3597612,0.3975688,0.2404242,0.2570363,0.2691133,0.2679363,0.2902356,0.2744509,0.3438584,0.22736,0.3541674,0.1623422,0.3845318,0.2879244,0.3487096,0.2329459,0.3201808,0.2003599,0.2355447,0.1883008,0.2468345,0.2005078,0.1905471,0.1661189,0.378042,0.3311654,0.3980559,0.2647463,0.3898251,0.374205,0.401972,0.3187605,0.3373866,0.373997,0.2044855,0.2435683,0.3913598,0.3434814,0.1993915,0.1748618,0.1935272,0.2080669,0.2118475,0.2026338,0.1988684,0.2197205,0.2514626,0.2351389,0.3652118,0.3513128,0.3666479,0.1893145,0.2216765,0.2140966,0.2663306,0.1854041,0.3543287,0.2228257,0.3444145,0.2057224,0.4555597,0.3686447,0.4036551,0.3340297,0.4012389,0.2014885,0.3508155,0.3811761
0.1915768,0.2391736,0.1311919,0.1828325,0.1727737,0.2072673,0.1684058,0.2110345,0.2002158,0.1914658,0.1868464,0.1603557,0.1640417,0.1590683,0.1561005,0.1780161,0.2084375,0.1397857,0.1576365,0.1441534,0.1848368,0.1861196,0.2055405,0.1498644,0.1690148,0.177581,0.1729238,0.1516319,0.1518863,0.1554651,0.1454223,0.156681,0.1490845,0.1745331,0.228321,0.1623422,0.3049043,0.194566,0.238921,0.1762023,0.2678786,0.1852271,0.2173833,0.1496877,0.2028189,0.145194,0.167551,0.1310842,0.1586707,0.1715321,0.1825902,0.1880883,0.1932898,0.1828273,0.2090571,0.1877279,0.2123722,0.1880386,0.2448843,0.1494785,0.1600549,0.1978192,0.2300338,0.1312311,0.1675458,0.1395655,0.1582575,0.1483396,0.2001986,0.1504203,0.1767087,0.1595521,0.1787372,0.190024,0.2087688,0.1487708,0.322991,0.134336,0.1398063,0.1540227,0.227502,0.1728138,0.2038505,0.1557429,0.2380973,0.196801,0.2150858,0.186205,0.2049749,0.1576419,0.3161711,0.190173,0.2783908
0.5842459,0.3327568,0.287143,0.2416665,0.3668468,0.2848715,0.1690157,0.5564947,0.2935004,0.4308596,0.23515,0.3812352,0.4317385,0.3673507,0.3450277,0.4395331,0.2976975,0.2431373,0.247153,0.2052836,0.1953981,0.4942143,0.3036758,0.2780057,0.2403296,0.526951,0.5903602,0.2866851,0.3149439,0.3335895,0.3271368,0.3764591,0.3541942,0.499903,0.3126278,0.3845318,0.194566,0.663066,0.4141142,0.4722513,0.3245745,0.4729425,0.2702697,0.2637019,0.2460563,0.3571118,0.2550502,0.2352288,0.2036598,0.4846438,0.4547515,0.5153871,0.3080061,0.5161145,0.5483394,0.5406299,0.4479791,0.4625019,0.5716033,0.2377798,0.3040371,0.635518,0.4982822,0.2398575,0.2142779,0.2718896,0.2826645,0.2548369,0.2526973,0.2438986,0.2755891,0.3715958,0.33091,0.4895407,0.5229268,0.3274595,0.2287863,0.25764,0.259285,0.3227752,0.2222258,0.5136164,0.2991354,0.4042933,0.2637239,0.5971231,0.5382996,0.5687529,0.4688289,0.3661683,0.2350615,0.6244817,0.5511999
0.4019193,0.4422014,0.2023696,0.2183352,0.2942655,0.2893167,0.2671874,0.4819112,0.3736829,0.4029386,0.3572741,0.3110447,0.3241362,0.3001741,0.3056141,0.3298621,0.2672859,0.1948442,0.2288602,0.1930025,0.1962971,0.3673125,0.2819442,0.2399811,0.2174655,0.4256282,0.4089798,0.2564393,0.2472392,0.296741,0.2578572,0.3238259,0.2866355,0.368284,0.3709289,0.2879244,0.238921,0.4141142,0.4947247,0.3440084,0.3870076,0.3783355,0.3006292,0.2136682,0.3004369,0.2370795,0.2424125,0.1774987,0.2007581,0.3887169,0.3512729,0.4123847,0.2918844,0.404892,0.4223478,0.417353,0.3812352,0.3518123,0.5284351,0.2391905,0.2647111,0.4349901,0.4823971,0.1881858,0.2187025,0.1812421,0.2332984,0.2104557,0.2267644,0.2213653,0.2361207,0.2634802,0.2748519,0.3687774,0.3939166,0.2236944,0.2586258,0.2601866,0.241267,0.2449645,0.2085903,0.362658,0.3587859,0.2676727,0.3021703,0.4965089,0.4539401,0.4224939,0.3853678,0.284886,0.2382831,0.3776342,0.4319724
0.4611199,0.2654898,0.2289331,0.2099508,0.2844001,0.2373236,0.2278502,0.4442825,0.2557093,0.3617969,0.2171579,0.3382314,0.349034,0.3113283,0.298347,0.3247211,0.2503468,0.2017149,0.214014,0.2971361,0.188666,0.4098269,0.2509947,0.321914,0.2116548,0.4206572,0.4542358,0.2861049,0.2714528,0.2996488,0.2779803,0.3316589,0.3037987,0.3752288,0.2590409,0.3487096,0.1762023,0.4722513,0.3440084,0.4187841,0.2737744,0.3570125,0.2279027,0.2146968,0.2154652,0.2606727,0.2259089,0.1912252,0.1835619,0.3868449,0.3596005,0.4170217,0.2823078,0.4063996,0.4169864,0.4320176,0.349159,0.3817179,0.4318485,0.223573,0.2596237,0.456831,0.3942558,0.2037809,0.1996765,0.2143784,0.2364443,0.2298717,0.220436,0.2375227,0.2356594,0.2841397,0.2658018,0.3816233,0.3958377,0.3135442,0.2019063,0.2358906,0.2269877,0.2613984,0.1983946,0.3846085,0.2504268,0.3032858,0.2262895,0.4859948,0.4048776,0.4561598,0.3621729,0.3178921,0.2085724,0.4446948,0.4298424
0.303695,0.3696955,0.1717462,0.1828894,0.2442898,0.2458812,0.22651,0.3787647,0.2827367,0.3222609,0.256106,0.2815304,0.2824069,0.2519221,0.2545391,0.2701114,0.2330462,0.1695719,0.1944664,0.1652329,0.2629349,0.2941702,0.2889882,0.2025023,0.2579099,0.3388805,0.3399867,0.2297417,0.226043,0.248637,0.2384861,0.2744864,0.2569947,0.2882311,0.2869931,0.2329459,0.2678786,0.3245745,0.3870076,0.2737744,0.371246,0.3008293,0.2430021,0.1865921,0.2274521,0.1982236,0.1969834,0.1577935,0.1784638,0.3013968,0.2979048,0.3203472,0.2141832,0.312277,0.3474317,0.3173867,0.3278868,0.2762212,0.4306363,0.2078449,0.2208001,0.3320116,0.3567871,0.1653613,0.1848922,0.1595074,0.1916002,0.1836998,0.2059546,0.2050976,0.2128057,0.2178293,0.2254054,0.2920855,0.3321718,0.1914535,0.2906621,0.211948,0.2084965,0.2003617,0.1918576,0.2834239,0.2887315,0.2171676,0.2669452,0.3641335,0.3751668,0.3252249,0.3465407,0.2255568,0.243244,0.3190273,0.3424578
0.4329488,0.3143025,0.23693,0.2115211,0.3885539,0.2885479,0.1633582,0.5758443,0.3019146,0.5194399,0.2373059,0.3481616,0.3874244,0.3112573,0.3110598,0.3575407,0.2828597,0.2477458,0.2386352,0.186316,0.1955855,0.4221173,0.2815262,0.2448962,0.2300556,0.4641449,0.5023844,0.2621431,0.283565,0.3115659,0.2988267,0.350176,0.3274273,0.4581166,0.2974314,0.3201808,0.1852271,0.4729425,0.3783355,0.3570125,0.3008293,0.4787469,0.2791206,0.3211784,0.2468326,0.3171962,0.2347598,0.2320132,0.2043485,0.4240419,0.4043906,0.4604053,0.2625227,0.4550034,0.4884181,0.476021,0.4007838,0.3731812,0.5258753,0.233425,0.2753965,0.4825244,0.449658,0.200514,0.2163233,0.2244022,0.2484479,0.2130116,0.2264335,0.2125401,0.2390833,0.317168,0.2936966,0.4221774,0.4628167,0.2410606,0.2169496,0.2539198,0.2465351,0.2571865,0.1974511,0.4196838,0.2849447,0.305468,0.2571259,0.5379191,0.4894137,0.4811323,0.4278141,0.30578,0.2201597,0.4459285,0.4677081
0.2634609,0.313526,0.1645823,0.2037207,0.2806697,0.3628826,0.1936852,0.3216538,0.456719,0.2887913,0.4857644,0.2293728,0.244373,0.2036035,0.2087871,0.217719,0.2519883,0.1840434,0.22609,0.149826,0.1528615,0.246664,0.2086337,0.1769068,0.1631319,0.2653092,0.2888504,0.1927436,0.1867339,0.2048692,0.1918636,0.2235163,0.2123346,0.2579118,0.3325638,0.2003599,0.2173833,0.2702697,0.3006292,0.2279027,0.2430021,0.2791206,0.4000105,0.1968825,0.3606389,0.1938927,0.2346439,0.1788881,0.2204612,0.2411112,0.246612,0.2573669,0.1978171,0.2675315,0.2937481,0.2666437,0.2734673,0.2506337,0.3257384,0.172201,0.1933856,0.2800756,0.3152355,0.1497859,0.1829416,0.162428,0.190147,0.158653,0.1762319,0.170021,0.17997,0.1986873,0.2375553,0.2714953,0.2950031,0.1684591,0.1892797,0.1888059,0.1811506,0.1706985,0.1670654,0.2412146,0.2613769,0.1939524,0.2466204,0.3027956,0.2969841,0.2749163,0.2605999,0.1963424,0.1852699,0.2740524,0.3445036
