0.5676081,0.3067222,0.2528745,0.2145589,0.2978129,0.2596811,0.6087556,0.2491443,0.3407471,0.2802756,0.228814,0.2832721,0.2748791,0.2494272,0.2817154,0.2467134,0.3245497,0.2743738,0.2545007,0.2203346,0.3004119,0.2345257,0.3111396,0.2621058,0.2736543,0.2322307,0.312065,0.2677209,0.2558468,0.2250198,0.2666547,0.226885,0.2593486,0.2291682,0.3817384,0.2917129,0.2969993,0.2443521,0.4135712,0.2720291,0.4033627,0.258555,0.3353155,0.284428,0.3426942,0.2314983,0.2716549,0.2211892,0.2555483,0.2159996,0.3547798,0.2521558,0.2783899,0.2750232,0.4232709,0.2856854,0.4296819,0.2772056,0.5196683,0.357462,0.2387709,0.2224584,0.4641277,0.3134592,0.2503932,0.2195299,0.2371525,0.2095092,0.2433154,0.2203083,0.2456023,0.2240316,0.2691793,0.2388178,0.3652022,0.3037091,0.3142227,0.2418468,0.2497921,0.2377589,0.2584116,0.2258202,0.3823715,0.2828568,0.334397,0.2627259,0.4784403,0.3000019,0.3926776,0.2876059,0.3114499,0.257558,0.3775525,0.2408022
0.3067222,0.5484171,0.2374565,0.2359885,0.2666234,0.2971614,0.3040812,0.3898761,0.28461,0.3945985,0.2242346,0.490714,0.2671104,0.2640129,0.2541548,0.2793234,0.2545098,0.2573567,0.2426663,0.2301483,0.2262192,0.2893279,0.2466658,0.3228981,0.2446503,0.2957197,0.2495874,0.2728215,0.2467304,0.2504289,0.242674,0.2320124,0.2397813,0.2327394,0.2649577,0.3805314,0.2447286,0.3381014,0.2826923,0.4098218,0.2593957,0.4019732,0.274505,0.3436776,0.2405122,0.3207986,0.2354949,0.2448162,0.2471366,0.2230488,0.2449849,0.2616076,0.2421883,0.3189085,0.2708634,0.3514297,0.2839645,0.3472492,0.3530382,0.4639151,0.2560218,0.2417882,0.2898688,0.4089944,0.2206818,0.2603703,0.2261356,0.2336222,0.2228114,0.261747,0.228212,0.255875,0.2465767,0.2536729,0.2989515,0.3268018,0.2199588,0.3038526,0.2506878,0.2483186,0.2260389,0.2628833,0.2593289,0.3941005,0.2447436,0.3092745,0.2680994,0.4025679,0.253201,0.3560166,0.2334321,0.2927625,0.2821269,0.3148189
0.2528745,0.2374565,0.4603261,0.2160322,0.2548935,0.2370727,0.2662499,0.2604546,0.271669,0.2479289,0.2635684,0.2399413,0.2378732,0.2345365,0.2528348,0.2322237,0.2615405,0.244089,0.2831204,0.2474989,0.2530386,0.2308695,0.2312721,0.221899,0.2308177,0.2300697,0.2147688,0.2214209,0.2261041,0.2253194,0.2276081,0.2234178,0.2245911,0.2212365,0.2605182,0.2313276,0.2767548,0.2221074,0.2601444,0.2474058,0.2612176,0.2368352,0.2616497,0.2399262,0.2543952,0.2283051,0.309746,0.2183098,0.3023529,0.2278766,0.2143473,0.2279253,0.2161973,0.2182811,0.2297752,0.2337037,0.2369903,0.2296982,0.2520433,0.2453191,0.2452453,0.2325315,0.2532881,0.2388819,0.3560944,0.2144673,0.3154658,0.2144902,0.2854568,0.2179957,0.2555921,0.2221231,0.2846712,0.2461377,0.2256674,0.2267471,0.2709557,0.2256451,0.2396181,0.2240524,0.3320094,0.2188902,0.2455195,0.2246822,0.2904799,0.2200363,0.2342558,0.2336559,0.2367837,0.2245974,0.2839373,0.2209097,0.2600265,0.2608062
0.2145589,0.2359885,0.2160322,0.4261297,0.223253,0.25679,0.2217974,0.239942,0.2296801,0.2570269,0.2201945,0.2484147,0.2135521,0.217325,0.2211982,0.239143,0.2284298,0.2378882,0.224062,0.2715069,0.2054245,0.2331567,0.2093527,0.2254001,0.2098645,0.2257845,0.2088191,0.2151427,0.2123994,0.2220522,0.2118617,0.2216689,0.2154297,0.2181224,0.2190033,0.2439653,0.2175306,0.2543318,0.2154934,0.2408043,0.2109766,0.2388694,0.2280388,0.2536094,0.2206922,0.2682249,0.2155997,0.3181081,0.2185135,0.2956866,0.2080026,0.2118802,0.2127065,0.2284199,0.2167607,0.2195181,0.2152617,0.227064,0.2188094,0.2257492,0.2225255,0.2437787,0.2239775,0.2372606,0.214379,0.3565539,0.2178805,0.3150101,0.2123166,0.2730192,0.2090498,0.2447683,0.2292449,0.2597139,0.2159403,0.2197374,0.2092118,0.2567309,0.2186336,0.2247263,0.2130352,0.3147594,0.2161341,0.2354676,0.2143501,0.2810406,0.2134469,0.2235996,0.2107074,0.2265463,0.214164,0.2719054,0.2231068,0.2362067
0.2978129,0.2666234,0.2548935,0.223253,0.4008955,0.3326662,0.313586,0.3290887,0.3889389,0.3345156,0.3411142,0.258935,0.2409471,0.2379296,0.2644559,0.257947,0.307748,0.3250495,0.3454175,0.282544,0.2252363,0.2285117,0.222939,0.2303807,0.2207009,0.2307547,0.2380971,0.2378887,0.2269325,0.2283635,0.2275871,0.228744,0.2310802,0.228842,0.323302,0.2872099,0.2646242,0.237983,0.3118218,0.3105603,0.2583708,0.2611107,0.3863916,0.326602,0.3513256,0.2837157,0.3104705,0.2421321,0.3223006,0.2463275,0.2390847,0.2331811,0.233937,0.231985,0.2607282,0.2642644,0.2496516,0.2465725,0.2720765,0.264868,0.2416333,0.2319616,0.3378734,0.3004655,0.2499463,0.2267356,0.2509023,0.2201343,0.2348654,0.2268433,0.2282982,0.2311282,0.2887593,0.263386,0.2510018,0.2594251,0.2435062,0.2296614,0.2295988,0.2357698,0.2362155,0.226425,0.2875808,0.2560706,0.2710745,0.2353597,0.2645607,0.2643993,0.2543702,0.2440906,0.2509116,0.2340021,0.3479869,0.3705785
0.2596811,0.2971614,0.2370727,0.25679,0.3326662,0.4198928,0.2938958,0.2955494,0.293761,0.4338315,0.3048055,0.3824661,0.2385564,0.2305665,0.2482531,0.2506519,0.2764682,0.2851957,0.3111179,0.3488396,0.2186546,0.2298474,0.2253372,0.2360908,0.2198021,0.23121,0.2366496,0.2463502,0.2235302,0.2254089,0.2268433,0.2245243,0.2253867,0.2208726,0.2607234,0.315199,0.2271248,0.2491363,0.2603372,0.3078036,0.2323076,0.2620876,0.2968059,0.410399,0.2752756,0.3514269,0.2574413,0.294698,0.2705454,0.3256843,0.2245177,0.2248375,0.2204215,0.232868,0.2420869,0.264773,0.2383404,0.2431081,0.2622575,0.2707773,0.2309329,0.242457,0.2762521,0.299801,0.234872,0.2563267,0.2382686,0.2510521,0.224864,0.2410311,0.2221878,0.2372705,0.2765999,0.3039149,0.2516779,0.260487,0.2196231,0.2345459,0.2309152,0.2320913,0.2245007,0.2451266,0.2457444,0.2855104,0.2358761,0.2705315,0.2369359,0.260974,0.2338004,0.248275,0.2251552,0.2482102,0.2890115,0.3047863
0.6087556,0.3040812,0.2662499,0.2217974,0.313586,0.2938958,0.4525168,0.2795408,0.3714007,0.3457824,0.2245751,0.3468582,0.3294984,0.2791867,0.2644978,0.2423409,0.3198736,0.2917622,0.2757837,0.2355131,0.28069,0.2362566,0.3635516,0.2750287,0.2637602,0.2438437,0.3334906,0.2632765,0.2505033,0.2342808,0.2569697,0.2323571,0.2676496,0.2479516,0.3764092,0.3241427,0.3231894,0.2581182,0.3573055,0.2993523,0.4116693,0.2661706,0.3465904,0.3216133,0.3247312,0.2521129,0.2660413,0.2280873,0.281339,0.2227312,0.3839186,0.2422069,0.3268176,0.2830957,0.5845949,0.3360561,0.535758,0.3106736,0.6633254,0.4139686,0.2300468,0.2057042,0.4022003,0.354314,0.2526707,0.2323504,0.2473116,0.2155196,0.2374674,0.2259498,0.2329473,0.2280646,0.279418,0.2422058,0.430883,0.3727478,0.2807134,0.2506836,0.2332102,0.2217464,0.2545794,0.2356862,0.3793885,0.3107858,0.3357108,0.2872908,0.5054969,0.3564975,0.3728147,0.3178716,0.3006223,0.2751137,0.3005745,0.2223129
0.2491443,0.3898761,0.2604546,0.239942,0.3290887,0.2955494,0.2795408,0,0.4339864,0.3663228,0.3465214,0.3073365,0.2972471,0.264678,0.2597021,0.2941038,0.350957,0.4093567,0.2587861,0.2384981,0.2333894,0.2664082,0.2308001,0.262803,0.2438209,0.263033,0.312718,0.3035527,0.2668858,0.2422824,0.2726277,0.2449302,0.2948495,0.2839347,0.3278544,0.476128,0.3137443,0.3623576,0.3289288,0.6713537,0.2750542,0.3962187,0.3622493,0.3475783,0.2656932,0.3714388,0.2609492,0.2853219,0.2780578,0.240566,0.2733807,0.2697315,0.2355033,0.2614138,0.3747552,0.371963,0.2933084,0.3283707,0.2771791,0.3370793,0.2341256,0.227441,0.4059864,0.5233582,0.230506,0.2685287,0.2347009,0.2428869,0.2382638,0.2791872,0.237902,0.2678354,0.2589338,0.267713,0.3676826,0.4057104,0.2379378,0.3019292,0.2418995,0.2450879,0.2390021,0.2691123,0.3213052,0.3751327,0.2717411,0.2858541,0.3502488,0.3689189,0.2867,0.3623553,0.2569941,0.2957417,0.4319738,0.686924
0.3407471,0.28461,0.271669,0.2296801,0.3889389,0.293761,0.3714007,0.4339864,0.3575838,0.315466,0.4711316,0.272319,0.268021,0.2635648,0.2737773,0.2787154,0.3685418,0.4062297,0.2881796,0.244123,0.2304512,0.2340288,0.2330834,0.2472433,0.2314777,0.2450442,0.2508889,0.2444184,0.2384332,0.2352052,0.2361179,0.237225,0.2503436,0.24214,0.3728582,0.3044576,0.2915559,0.257329,0.3442174,0.3472485,0.2682967,0.2992955,0.4738064,0.3111536,0.3888426,0.31989,0.3166973,0.2648306,0.3024901,0.239974,0.2616479,0.2470888,0.2447222,0.2501845,0.3138356,0.299398,0.2888085,0.2840225,0.3165675,0.305451,0.2427825,0.2226304,0.347346,0.3314827,0.245446,0.2338147,0.2297175,0.2264169,0.232202,0.2369194,0.2276181,0.2422018,0.281219,0.2544992,0.2835317,0.2928659,0.2483254,0.2377173,0.2373325,0.2551778,0.2506168,0.2345815,0.3345558,0.2664853,0.311611,0.2343494,0.3228128,0.3118149,0.2858234,0.2807775,0.2721774,0.2468048,0.3732651,0.4096499
0.2802756,0.3945985,0.2479289,0.2570269,0.3345156,0.4338315,0.3457824,0.3663228,0.315466,0.1835785,0.3038681,0.6684024,0.2483527,0.2286775,0.2441119,0.2504518,0.2397294,0.2464096,0.2817053,0.2954084,0.2210368,0.2443539,0.2231093,0.2314599,0.2202503,0.2349394,0.2455746,0.2417123,0.2266474,0.2313,0.2346932,0.2247855,0.2342591,0.2237614,0.2786865,0.3705871,0.2339596,0.2851813,0.289291,0.3664741,0.2437311,0.2819897,0.3095158,0.4957793,0.3117104,0.4326819,0.2952409,0.2890117,0.2672766,0.2940387,0.2325958,0.2182843,0.2143821,0.2301574,0.2559932,0.2745734,0.2465417,0.23567,0.2877356,0.2830866,0.2409243,0.2356882,0.3051628,0.3435045,0.2410597,0.2627505,0.240674,0.2308507,0.2322571,0.2458991,0.2257651,0.2508464,0.2472424,0.2561316,0.2521566,0.2592418,0.2220571,0.2599227,0.2245056,0.2317128,0.2390922,0.2582632,0.2591724,0.3636992,0.2420456,0.3066805,0.2371242,0.2723164,0.2250255,0.251783,0.2334606,0.2752842,0.3322369,0.3405122
0.228814,0.2242346,0.2635684,0.2201945,0.3411142,0.3048055,0.2245751,0.3465214,0.4711316,0.3038681,0,0.283276,0.2417103,0.2382159,0.2774099,0.2896259,0.3770792,0.4716442,0.2479976,0.2500769,0.2212304,0.2201604,0.219207,0.2216642,0.2198892,0.2245566,0.2244884,0.2296375,0.2302559,0.2226236,0.2229787,0.2273729,0.2210908,0.2217429,0.3667399,0.2932963,0.2847129,0.2306047,0.3094261,0.3063772,0.2417365,0.2812116,0.4172492,0.3211657,0.4362645,0.3584182,0.3102509,0.2431068,0.269947,0.2488785,0.2315033,0.2287024,0.2364447,0.21856,0.2335438,0.2302794,0.2298899,0.2433522,0.2391306,0.2301534,0.2458481,0.2162054,0.2676717,0.2870648,0.2409607,0.2161205,0.2195122,0.2256154,0.2293785,0.2259278,0.2182968,0.228506,0.2592227,0.2657047,0.2325567,0.2317983,0.2502066,0.2138215,0.2259433,0.2469042,0.2549094,0.2186169,0.2780206,0.2617989,0.2875097,0.2370503,0.2388515,0.2650762,0.2213656,0.2384451,0.2743996,0.2366461,0.3506545,0.4706417
0.2832721,0.490714,0.2399413,0.2484147,0.258935,0.3824661,0.3468582,0.3073365,0.272319,0.6684024,0.283276,0,0.2452584,0.2241068,0.2396635,0.2379637,0.2451643,0.2714962,0.2578658,0.2590543,0.217057,0.2557047,0.2261403,0.254217,0.2187385,0.2448401,0.2428525,0.2419981,0.2248796,0.2328161,0.2322062,0.2141702,0.2147536,0.2066056,0.2477335,0.4031514,0.2219378,0.318632,0.2537257,0.3353961,0.2358348,0.3050328,0.260146,0.4961497,0.2770014,0.464455,0.2721022,0.2853575,0.2640234,0.2478651,0.2416394,0.2164108,0.216048,0.2551659,0.2631211,0.2885886,0.2690535,0.2570467,0.3194839,0.3219023,0.2465549,0.2325747,0.2433589,0.3489914,0.2382271,0.2642592,0.2481796,0.2235078,0.2326192,0.2507347,0.2231154,0.2551699,0.2538975,0.2655878,0.2689884,0.2657603,0.2144274,0.2805822,0.2198731,0.2194402,0.2336159,0.2552323,0.2469244,0.4353284,0.2353251,0.3488278,0.2447825,0.3078949,0.2327527,0.282517,0.2235692,0.291823,0.24567,0.2248995
0.2748791,0.2671104,0.2378732,0.2135521,0.2409471,0.2385564,0.3294984,0.2972471,0.268021,0.2483527,0.2417103,0.2452584,0.382147,0.3761127,0.2841366,0.2829463,0.2752662,0.2753426,0.2319168,0.2211629,0.2937397,0.2476624,0.2884653,0.2641285,0.2894166,0.2604467,0.3455881,0.3423304,0.2871524,0.2541484,0.3002717,0.2746246,0.3441088,0.313362,0.2572845,0.2564077,0.2710818,0.2425425,0.2622334,0.2686751,0.2958888,0.2776347,0.2534352,0.2479854,0.2359258,0.2352631,0.2308822,0.216614,0.2409363,0.2152499,0.3060282,0.2940804,0.2665463,0.2560608,0.3370244,0.3359686,0.2991492,0.2883855,0.3363007,0.3315685,0.2460308,0.2485535,0.2587615,0.2730083,0.2407651,0.2308374,0.23817,0.219704,0.2482626,0.2398817,0.2549504,0.2407329,0.2475848,0.2377164,0.3417746,0.3453513,0.2616228,0.2338215,0.275315,0.2747488,0.2449892,0.2319998,0.2634076,0.2489273,0.2482316,0.2298306,0.2850717,0.2870942,0.2789583,0.2750855,0.2494758,0.2352252,0.2599385,0.2766757
0.2494272,0.2640129,0.2345365,0.217325,0.2379296,0.2305665,0.2791867,0.264678,0.2635648,0.2286775,0.2382159,0.2241068,0.3761127,0.4214492,0.2763693,0.3031953,0.263441,0.2664816,0.2330213,0.2247721,0.2605794,0.2803199,0.2573405,0.2848594,0.2566444,0.29697,0.2926243,0.3375856,0.2576467,0.2931464,0.2695808,0.317436,0.3297499,0.3542002,0.2432765,0.2477423,0.2489734,0.2505794,0.2490098,0.2510862,0.2631031,0.3020361,0.2505808,0.2335386,0.2317531,0.2218787,0.2296952,0.2151864,0.2404486,0.217537,0.2557123,0.3453255,0.2528383,0.2666016,0.2836431,0.3513579,0.2593166,0.3218908,0.3001623,0.341884,0.2434429,0.2628525,0.2400884,0.2604916,0.2279169,0.2347578,0.2298802,0.2240798,0.2393455,0.2472031,0.2469633,0.2512803,0.2418129,0.2421824,0.3045101,0.3258725,0.2456082,0.2482632,0.2661861,0.2726249,0.2329911,0.2423033,0.2459969,0.2452941,0.2391635,0.2324889,0.2536565,0.2944067,0.2506473,0.2858187,0.2388011,0.2406484,0.2505038,0.2636239
0.2817154,0.2541548,0.2528348,0.2211982,0.2644559,0.2482531,0.2644978,0.2597021,0.2737773,0.2441119,0.2774099,0.2396635,0.2841366,0.2763693,0.3917631,0.3604732,0.3767469,0.394368,0.250496,0.2360198,0.2848518,0.24532,0.2404476,0.2338505,0.2509612,0.2377915,0.2486062,0.2354125,0.2670276,0.2366641,0.2804737,0.2477594,0.2745629,0.2511081,0.2656332,0.246841,0.3043079,0.2418128,0.2740641,0.2547846,0.2948065,0.2701312,0.263523,0.2493372,0.2488759,0.24379,0.237378,0.2229704,0.2514735,0.2240191,0.2649003,0.2342527,0.2496881,0.2374583,0.2691579,0.2498855,0.2605562,0.2528582,0.2620769,0.2548276,0.3635687,0.333306,0.2696051,0.2552173,0.2824109,0.2453994,0.2781751,0.2315414,0.297075,0.250281,0.2957729,0.258676,0.3037268,0.2855617,0.2553266,0.2490694,0.3086449,0.2431442,0.3463202,0.3239549,0.2699603,0.2406388,0.264385,0.2427822,0.2562882,0.226968,0.2779755,0.2608965,0.2655386,0.2486871,0.2714084,0.2363479,0.3134517,0.3182678
0.2467134,0.2793234,0.2322237,0.239143,0.257947,0.2506519,0.2423409,0.2941038,0.2787154,0.2504518,0.2896259,0.2379637,0.2829463,0.3031953,0.3604732,0.380952,0.346173,0.3809323,0.2353272,0.2408677,0.2430175,0.2864812,0.2304995,0.247647,0.232715,0.2634372,0.2401447,0.246938,0.2445015,0.2669476,0.2562397,0.2814684,0.2795526,0.2839962,0.262889,0.2591567,0.2702263,0.2698714,0.2564263,0.2816325,0.2579652,0.3062617,0.2641349,0.2547005,0.2533802,0.2539145,0.2332595,0.2288888,0.2414079,0.2324909,0.2437012,0.257494,0.2466672,0.2470799,0.249673,0.2681298,0.2437692,0.2715569,0.2424642,0.2639069,0.3322553,0.3320354,0.2581539,0.2719619,0.2428945,0.2729443,0.2369606,0.2576486,0.2540438,0.2784834,0.2562328,0.2865859,0.2678572,0.2837359,0.2460132,0.2561741,0.2538335,0.2732093,0.323143,0.3419915,0.2418099,0.2636759,0.254941,0.2488136,0.2461211,0.2344106,0.2616544,0.2728283,0.2496037,0.2644295,0.2473232,0.2496605,0.2968367,0.3370756
0.3245497,0.2545098,0.2615405,0.2284298,0.307748,0.2764682,0.3198736,0.350957,0.3685418,0.2397294,0.3770792,0.2451643,0.2752662,0.263441,0.3767469,0.346173,0.5061662,0.6219344,0.2713336,0.2639888,0.2350503,0.2502345,0.2405775,0.2590655,0.2253725,0.249286,0.2672193,0.257696,0.2363134,0.2362965,0.2395879,0.2377239,0.2386058,0.2356757,0.3484802,0.2862753,0.3385639,0.2333906,0.3127935,0.2940219,0.2935469,0.2947356,0.3393779,0.2866921,0.3107017,0.2804238,0.2576373,0.2441731,0.2779372,0.2398092,0.2860638,0.2433319,0.2423691,0.2497531,0.3437588,0.3019852,0.310899,0.3020504,0.3229417,0.316017,0.3041587,0.2859587,0.3346343,0.3075475,0.2861511,0.248831,0.2741749,0.2387176,0.2611439,0.2515661,0.2419844,0.2563558,0.3466249,0.3335298,0.3216201,0.314427,0.2639436,0.2425675,0.2622881,0.2698831,0.2644314,0.2407723,0.328533,0.2598561,0.2979286,0.2358715,0.3461557,0.3240662,0.3166984,0.2881005,0.2818326,0.2468157,0.357296,0.4242572
0.2743738,0.2573567,0.244089,0.2378882,0.3250495,0.2851957,0.2917622,0.4093567,0.4062297,0.2464096,0.4716442,0.2714962,0.2753426,0.2664816,0.394368,0.3809323,0.6219344,0.6798252,0.2556593,0.2610501,0.2318836,0.2410397,0.2409444,0.2484416,0.2302241,0.2351557,0.2615606,0.2668085,0.2408709,0.2364223,0.2373968,0.2451216,0.2453249,0.2437638,0.361694,0.3194574,0.3595957,0.2389405,0.3075626,0.3306558,0.2979327,0.3097033,0.3624688,0.3174145,0.3288966,0.3056786,0.2572151,0.2451613,0.2755598,0.2433001,0.2783233,0.2636413,0.250636,0.2317521,0.3487067,0.3257737,0.3001598,0.3230857,0.2906307,0.2880894,0.2891063,0.279227,0.3435781,0.3523057,0.2644169,0.2646523,0.2371604,0.2381646,0.2511767,0.2561507,0.2347192,0.263374,0.3227282,0.3457427,0.3187054,0.3374858,0.2630597,0.2440803,0.2607469,0.2818333,0.2598983,0.2521895,0.3239334,0.2895719,0.2886397,0.246639,0.3448503,0.361345,0.323975,0.3059285,0.2796912,0.2601709,0.4047388,0.5510749
0.2545007,0.2426663,0.2831204,0.224062,0.3454175,0.3111179,0.2757837,0.2587861,0.2881796,0.2817053,0.2479976,0.2578658,0.2319168,0.2330213,0.250496,0.2353272,0.2713336,0.2556593,0.4289024,0.3492547,0.2252417,0.2245021,0.2164061,0.2223758,0.2178945,0.2253022,0.2280342,0.2288351,0.2200926,0.2267522,0.222406,0.2249959,0.2194374,0.221137,0.2552026,0.2321901,0.2429079,0.2248615,0.260418,0.2472879,0.2366236,0.2329811,0.2941754,0.2712013,0.2624014,0.2414627,0.2990603,0.2406933,0.3977367,0.2666664,0.2263851,0.2239914,0.2243112,0.2244408,0.2379297,0.2423408,0.2290464,0.2313387,0.2470523,0.2435935,0.2375085,0.2364641,0.2544915,0.2404678,0.2658678,0.2174472,0.2894095,0.2360056,0.2417655,0.2257028,0.2263789,0.2272734,0.3329722,0.2868256,0.234183,0.2368238,0.2403589,0.2188626,0.2258155,0.224168,0.2451518,0.2165655,0.2474356,0.2263947,0.2515864,0.2202065,0.2349806,0.2344505,0.2311607,0.226355,0.2409693,0.2175526,0.2594078,0.2428647
0.2203346,0.2301483,0.2474989,0.2715069,0.282544,0.3488396,0.2355131,0.2384981,0.244123,0.2954084,0.2500769,0.2590543,0.2211629,0.2247721,0.2360198,0.2408677,0.2639888,0.2610501,0.3492547,0.4228219,0.2116119,0.2226333,0.2120331,0.2212209,0.2112569,0.2252139,0.220024,0.2242155,0.2150159,0.225275,0.2170033,0.2221334,0.2163015,0.2181336,0.2379705,0.2366054,0.2261247,0.2301738,0.2322802,0.2392624,0.2156231,0.2318555,0.2500821,0.2911577,0.2385644,0.2664597,0.2412029,0.3010836,0.2891856,0.3863073,0.2153893,0.2179656,0.2167529,0.2181761,0.2178965,0.2276484,0.216363,0.2265673,0.2221555,0.2280361,0.2263897,0.247931,0.2304766,0.2335944,0.2368637,0.2638803,0.2490889,0.310987,0.22127,0.2490311,0.2164679,0.2338748,0.29739,0.3305876,0.2231094,0.2264145,0.2178668,0.2273134,0.224182,0.2244544,0.2280993,0.2426039,0.2309343,0.2286844,0.2320991,0.2384276,0.2162261,0.226026,0.2196539,0.2263344,0.2267072,0.2294869,0.23462,0.2371289
0.3004119,0.2262192,0.2530386,0.2054245,0.2252363,0.2186546,0.28069,0.2333894,0.2304512,0.2210368,0.2212304,0.217057,0.2937397,0.2605794,0.2848518,0.2430175,0.2350503,0.2318836,0.2252417,0.2116119,0.4274107,0.2252778,0.3588152,0.2386726,0.4025665,0.2309682,0.2760869,0.2527276,0.3275951,0.2205864,0.3180273,0.22577,0.2978352,0.2497951,0.2532024,0.2343488,0.3210868,0.2237248,0.273894,0.2337905,0.3499829,0.2328058,0.2297793,0.2239702,0.2290712,0.2155565,0.2272596,0.209979,0.2271741,0.2079886,0.3053197,0.2454769,0.3033479,0.2441501,0.2753349,0.2385734,0.2970115,0.2319679,0.275988,0.2247963,0.2449517,0.2284056,0.2627888,0.237846,0.2770292,0.2158553,0.2451952,0.2084814,0.2995378,0.2204826,0.3324459,0.2176731,0.2356576,0.2215415,0.2480317,0.2311936,0.3856148,0.221276,0.2904246,0.2467586,0.2953809,0.2172087,0.2708989,0.2324686,0.2611078,0.2213162,0.3134409,0.2380155,0.3013254,0.2329042,0.2917365,0.2216181,0.271525,0.2357594
0.2345257,0.2893279,0.2308695,0.2331567,0.2285117,0.2298474,0.2362566,0.2664082,0.2340288,0.2443539,0.2201604,0.2557047,0.2476624,0.2803199,0.24532,0.2864812,0.2502345,0.2410397,0.2245021,0.2226333,0.2252778,0.4396096,0.2283342,0.2984886,0.2281944,0.4064804,0.2303147,0.2457704,0.2244134,0.3274148,0.2292059,0.2805329,0.2341599,0.2609344,0.2418431,0.2435536,0.2349557,0.2782878,0.2426033,0.2575729,0.2306233,0.3323425,0.2323649,0.2360068,0.231501,0.2262574,0.222326,0.2162775,0.2256234,0.215394,0.2306782,0.2632725,0.2309444,0.2760944,0.2385827,0.2756227,0.2324046,0.2888446,0.2409112,0.2941061,0.247384,0.2465218,0.2512214,0.2540449,0.2244095,0.2687331,0.2212953,0.231988,0.224421,0.2872675,0.2251944,0.3039577,0.231423,0.2384635,0.2365443,0.2537992,0.2205993,0.342273,0.2430428,0.2678441,0.2289092,0.2830616,0.2457542,0.2434218,0.2341812,0.2408362,0.2376088,0.2907971,0.2282443,0.3077149,0.2290621,0.2664032,0.2368921,0.2498416
0.3111396,0.2466658,0.2312721,0.2093527,0.222939,0.2253372,0.3635516,0.2308001,0.2330834,0.2231093,0.219207,0.2261403,0.2884653,0.2573405,0.2404476,0.2304995,0.2405775,0.2409444,0.2164061,0.2120331,0.3588152,0.2283342,0.5131758,0.2560522,0.4066477,0.2398271,0.3538833,0.2922382,0.3284511,0.2301175,0.3161583,0.2405698,0.3092991,0.2733043,0.2707427,0.2428727,0.2961603,0.2218017,0.2609437,0.2445005,0.3724053,0.2340775,0.2302635,0.2301841,0.2326901,0.226351,0.2190008,0.2121405,0.2196064,0.2099171,0.391255,0.2817869,0.4652527,0.2646547,0.3941738,0.2577941,0.4479796,0.2400343,0.3638134,0.2516311,0.2261836,0.2085193,0.2539745,0.247572,0.237275,0.2178574,0.2246891,0.2119092,0.2456957,0.2139328,0.2615508,0.2133295,0.2242967,0.2198797,0.3243457,0.2685418,0.2765542,0.2298925,0.2464413,0.2162734,0.2582706,0.2150718,0.2923812,0.2385922,0.2799885,0.2236369,0.3587965,0.2418029,0.3574368,0.2358795,0.28295,0.2257542,0.2320441,0.2154733
0.2621058,0.3228981,0.221899,0.2254001,0.2303807,0.2360908,0.2750287,0.262803,0.2472433,0.2314599,0.2216642,0.254217,0.2641285,0.2848594,0.2338505,0.247647,0.2590655,0.2484416,0.2223758,0.2212209,0.2386726,0.2984886,0.2560522,0.4825371,0.2499752,0.3923878,0.2781579,0.31505,0.2405723,0.3212542,0.2522308,0.2746323,0.2454894,0.2669653,0.2541022,0.296456,0.2446358,0.2670259,0.2507651,0.2708134,0.248303,0.3560837,0.2411139,0.2497098,0.2296436,0.2389344,0.2244498,0.2239127,0.2248368,0.2172526,0.286242,0.3656604,0.2622589,0.5260547,0.2711028,0.3528862,0.2666464,0.4374502,0.2838592,0.3888216,0.2245364,0.2251487,0.2476259,0.2856553,0.2185397,0.2313762,0.2099938,0.2200498,0.2179275,0.2378693,0.2216005,0.2372147,0.219932,0.2295528,0.2836697,0.3204719,0.23632,0.2709022,0.2309997,0.2339911,0.2235498,0.2404986,0.2573537,0.3002449,0.2388752,0.2761721,0.2693579,0.366514,0.2515202,0.3793896,0.2320346,0.2736151,0.2394644,0.2421536
0.2736543,0.2446503,0.2308177,0.2098645,0.2207009,0.2198021,0.2637602,0.2438209,0.2314777,0.2202503,0.2198892,0.2187385,0.2894166,0.2566444,0.2509612,0.232715,0.2253725,0.2302241,0.2178945,0.2112569,0.4025665,0.2281944,0.4066477,0.2499752,0.4500715,0.236752,0.3005818,0.2696092,0.3575036,0.223187,0.3197052,0.2339149,0.3087221,0.2630948,0.2415874,0.2388452,0.2552967,0.2288681,0.247624,0.2431687,0.3291686,0.2391193,0.2284646,0.2264565,0.227706,0.2241347,0.2230469,0.2112177,0.2201423,0.2099074,0.3083725,0.2671879,0.3481917,0.2620152,0.2706754,0.254982,0.3152433,0.2417692,0.2710073,0.2333096,0.2259133,0.2185497,0.2450277,0.2411831,0.2500039,0.2185751,0.2345431,0.2084526,0.2639846,0.2182375,0.293802,0.2175193,0.2258772,0.218628,0.2634798,0.2439078,0.2909461,0.2284862,0.262076,0.2314087,0.2631325,0.2193186,0.2557106,0.2367504,0.2420281,0.2227841,0.3047678,0.247906,0.3084593,0.2396298,0.254146,0.2271994,0.2446479,0.2254152
0.2322307,0.2957197,0.2300697,0.2257845,0.2307547,0.23121,0.2438437,0.263033,0.2450442,0.2349394,0.2245566,0.2448401,0.2604467,0.29697,0.2377915,0.2634372,0.249286,0.2351557,0.2253022,0.2252139,0.2309682,0.4064804,0.2398271,0.3923878,0.236752,0.4490236,0.2554277,0.2682904,0.2287659,0.34209,0.2361216,0.2794124,0.2410442,0.2690541,0.2448088,0.2495882,0.2463687,0.263812,0.243466,0.2544817,0.2405647,0.3417462,0.2389615,0.2340486,0.2266758,0.2225956,0.2222186,0.2197279,0.2263393,0.2186054,0.2504354,0.2917164,0.2421837,0.3698072,0.2568713,0.3035538,0.2443949,0.346159,0.2552594,0.3293755,0.236387,0.2322304,0.2436177,0.2589446,0.2223448,0.2460021,0.2139003,0.2263552,0.2234599,0.2633895,0.2247185,0.2698744,0.2245677,0.230569,0.2576314,0.2760347,0.2291313,0.2934843,0.2385371,0.2459137,0.228342,0.2638997,0.2519752,0.2532345,0.2360157,0.2432272,0.246998,0.3256107,0.2382051,0.3304278,0.2322887,0.256933,0.2390447,0.2572906
0.312065,0.2495874,0.2147688,0.2088191,0.2380971,0.2366496,0.3334906,0.312718,0.2508889,0.2455746,0.2244884,0.2428525,0.3455881,0.2926243,0.2486062,0.2401447,0.2672193,0.2615606,0.2280342,0.220024,0.2760869,0.2303147,0.3538833,0.2781579,0.3005818,0.2554277,0.4473819,0.4057766,0.2809317,0.2490588,0.3102379,0.2655928,0.3295099,0.3125439,0.2643911,0.2544791,0.264057,0.2269253,0.2673219,0.2721337,0.3122253,0.2465763,0.2448328,0.2449155,0.2285773,0.2364489,0.2194291,0.2175712,0.2273491,0.2161561,0.4235135,0.3166607,0.3298739,0.2926373,0.4433678,0.344483,0.3640434,0.2676416,0.358335,0.3020487,0.2257914,0.2239694,0.279017,0.2704894,0.2194172,0.2220408,0.2240502,0.2183371,0.2279483,0.2225635,0.2355631,0.2213011,0.2321854,0.2260113,0.4322675,0.3810848,0.2571678,0.2203289,0.23245,0.2249395,0.2267704,0.2216424,0.2816238,0.240237,0.2553397,0.2205093,0.3407152,0.2702447,0.3126105,0.2586588,0.2493607,0.224934,0.256234,0.2607071
0.2677209,0.2728215,0.2214209,0.2151427,0.2378887,0.2463502,0.2632765,0.3035527,0.2444184,0.2417123,0.2296375,0.2419981,0.3423304,0.3375856,0.2354125,0.246938,0.257696,0.2668085,0.2288351,0.2242155,0.2527276,0.2457704,0.2922382,0.31505,0.2696092,0.2682904,0.4057766,0.4514028,0.2492314,0.2643087,0.2720914,0.2867334,0.2908438,0.3143713,0.2345681,0.2729589,0.2408519,0.2373012,0.2442267,0.271118,0.2690401,0.2840487,0.2399665,0.2541835,0.2236588,0.2438423,0.2263592,0.2246361,0.2322263,0.2229407,0.2999226,0.39621,0.2806321,0.2942494,0.3324089,0.4100425,0.2854,0.3176208,0.3151647,0.3467065,0.2226386,0.2267528,0.2486037,0.2789042,0.2169446,0.2263345,0.2209178,0.2223812,0.2231872,0.2322029,0.22782,0.2364048,0.2279788,0.2360453,0.3767667,0.4204647,0.2386999,0.232232,0.231317,0.2406689,0.2212089,0.229541,0.248427,0.2594518,0.2338082,0.2411901,0.2844968,0.2826587,0.2973759,0.2858372,0.2347265,0.2410406,0.2422996,0.2624488
0.2558468,0.2467304,0.2261041,0.2123994,0.2269325,0.2235302,0.2505033,0.2668858,0.2384332,0.2266474,0.2302559,0.2248796,0.2871524,0.2576467,0.2670276,0.2445015,0.2363134,0.2408709,0.2200926,0.2150159,0.3275951,0.2244134,0.3284511,0.2405723,0.3575036,0.2287659,0.2809317,0.2492314,0.3744708,0.2243132,0.3350052,0.2391881,0.3201495,0.2682774,0.2417412,0.2443979,0.2554308,0.2271722,0.2466148,0.2556031,0.2849036,0.2368764,0.2338008,0.2296776,0.2288057,0.2287246,0.2234425,0.2139655,0.2226379,0.2115219,0.3147836,0.2395446,0.3332417,0.2490419,0.2766183,0.2448172,0.2900531,0.2437824,0.2512457,0.2452175,0.2585912,0.2393864,0.2490176,0.2507427,0.2488437,0.219743,0.2392967,0.2135839,0.2792147,0.223557,0.3140485,0.2214531,0.2357815,0.2250899,0.2684518,0.2516236,0.2786454,0.2262506,0.2817278,0.246349,0.2556604,0.2197105,0.2433331,0.239499,0.2380318,0.2223665,0.266904,0.2492918,0.2685409,0.2394517,0.2480416,0.2249852,0.2458484,0.2372125
0.2250198,0.2504289,0.2253194,0.2220522,0.2283635,0.2254089,0.2342808,0.2422824,0.2352052,0.2313,0.2226236,0.2328161,0.2541484,0.2931464,0.2366641,0.2669476,0.2362965,0.2364223,0.2267522,0.225275,0.2205864,0.3274148,0.2301175,0.3212542,0.223187,0.34209,0.2490588,0.2643087,0.2243132,0.3507421,0.2368798,0.3081184,0.2462476,0.2849378,0.2331872,0.2312413,0.2358457,0.2454767,0.2338638,0.2350862,0.2315543,0.2847003,0.2310324,0.2261274,0.2272561,0.2246282,0.2235763,0.21823,0.2265791,0.2196361,0.2484979,0.2965266,0.2381181,0.3185288,0.2516984,0.2774405,0.23333,0.299534,0.2393405,0.2756018,0.2387227,0.2488857,0.2342837,0.2386055,0.2174698,0.2401182,0.217908,0.2293705,0.2230812,0.2590171,0.2230183,0.2817401,0.2260463,0.230343,0.2518222,0.265929,0.2285299,0.2626251,0.2409922,0.2677286,0.2247001,0.2471427,0.2412401,0.2339258,0.2323947,0.2265123,0.2368886,0.2624273,0.2359646,0.2644725,0.2296599,0.236724,0.2373488,0.2465041
0.2666547,0.242674,0.2276081,0.2118617,0.2275871,0.2268433,0.2569697,0.2726277,0.2361179,0.2346932,0.2229787,0.2322062,0.3002717,0.2695808,0.2804737,0.2562397,0.2395879,0.2373968,0.222406,0.2170033,0.3180273,0.2292059,0.3161583,0.2522308,0.3197052,0.2361216,0.3102379,0.2720914,0.3350052,0.2368798,0.3518617,0.2459244,0.3438229,0.2876266,0.2462339,0.2462776,0.2529305,0.2252987,0.2506515,0.2556071,0.2879223,0.2399675,0.2314757,0.2337194,0.2289522,0.2307703,0.2235749,0.2155816,0.2264108,0.2159285,0.3306211,0.2565302,0.2957104,0.2641527,0.2915511,0.2619551,0.2792381,0.2452241,0.2570546,0.2482264,0.2759746,0.2493263,0.2571645,0.2502492,0.2542442,0.2204833,0.2430425,0.2160382,0.2713501,0.22456,0.296467,0.2241375,0.240151,0.2272063,0.2826858,0.2666019,0.2763655,0.2234253,0.3120103,0.2603516,0.2561603,0.220272,0.2473072,0.2378073,0.2368883,0.2211325,0.273933,0.2450913,0.2555484,0.2374007,0.245067,0.2224733,0.2499047,0.2421774
0.226885,0.2320124,0.2234178,0.2216689,0.228744,0.2245243,0.2323571,0.2449302,0.237225,0.2247855,0.2273729,0.2141702,0.2746246,0.317436,0.2477594,0.2814684,0.2377239,0.2451216,0.2249959,0.2221334,0.22577,0.2805329,0.2405698,0.2746323,0.2339149,0.2794124,0.2655928,0.2867334,0.2391881,0.3081184,0.2459244,0.3330004,0.2768489,0.3265955,0.2308275,0.2304307,0.2336641,0.2350819,0.2323008,0.2352986,0.2351543,0.2618913,0.2328088,0.2252416,0.227486,0.226475,0.2241248,0.2201282,0.225663,0.2193262,0.2491386,0.3196791,0.2564622,0.2626735,0.2592374,0.2816394,0.2415458,0.276216,0.24468,0.2595635,0.2496759,0.257683,0.2344587,0.2377131,0.2208082,0.237093,0.2195196,0.2289412,0.2286267,0.2517284,0.2312758,0.2710604,0.2247895,0.2295079,0.263548,0.2709596,0.2259985,0.2401714,0.2613916,0.3095478,0.2245611,0.2385991,0.2354354,0.2289988,0.2294604,0.2210796,0.2398325,0.247287,0.2370273,0.2454666,0.2286963,0.2285346,0.240175,0.2490417
0.2593486,0.2397813,0.2245911,0.2154297,0.2310802,0.2253867,0.2676496,0.2948495,0.2503436,0.2342591,0.2210908,0.2147536,0.3441088,0.3297499,0.2745629,0.2795526,0.2386058,0.2453249,0.2194374,0.2163015,0.2978352,0.2341599,0.3092991,0.2454894,0.3087221,0.2410442,0.3295099,0.2908438,0.3201495,0.2462476,0.3438229,0.2768489,0.4089526,0.3642921,0.249734,0.2498891,0.2403215,0.2257603,0.2472179,0.2626813,0.2735437,0.2428864,0.2413661,0.234834,0.2342464,0.2325175,0.2272599,0.2166691,0.2247122,0.215788,0.3097415,0.2640001,0.2821777,0.2445922,0.3045675,0.2775168,0.2781783,0.2436175,0.2660935,0.2538985,0.2571737,0.2572937,0.2661931,0.2607346,0.2363798,0.2219026,0.2358734,0.2183499,0.2530637,0.2304269,0.2700197,0.226656,0.2346371,0.2301678,0.2928368,0.2829322,0.2510111,0.225258,0.2928556,0.2784119,0.2374917,0.2220644,0.2530978,0.2354438,0.2390857,0.2190798,0.2773242,0.2541762,0.2567322,0.2419662,0.2374192,0.2233316,0.2547364,0.2659048
0.2291682,0.2327394,0.2212365,0.2181224,0.228842,0.2208726,0.2479516,0.2839347,0.24214,0.2237614,0.2217429,0.2066056,0.313362,0.3542002,0.2511081,0.2839962,0.2356757,0.2437638,0.221137,0.2181336,0.2497951,0.2609344,0.2733043,0.2669653,0.2630948,0.2690541,0.3125439,0.3143713,0.2682774,0.2849378,0.2876266,0.3265955,0.3642921,0.3963847,0.2394407,0.2402178,0.2364029,0.2273485,0.2366382,0.2517756,0.2483852,0.2486444,0.2370932,0.2262501,0.2295125,0.2292296,0.2267471,0.2190184,0.2247093,0.2182524,0.2833645,0.3063145,0.275727,0.2493037,0.2987073,0.2925302,0.26403,0.2567059,0.2545432,0.2492411,0.2381546,0.2520747,0.2510312,0.2521926,0.2243168,0.2242307,0.2223602,0.2199733,0.2371902,0.2319492,0.246195,0.233138,0.2242395,0.2287656,0.289836,0.2914529,0.2326147,0.2305904,0.2741335,0.2711695,0.2296557,0.225641,0.24809,0.2304739,0.2352553,0.2199245,0.2539965,0.2495018,0.2441617,0.2414811,0.2343282,0.2236898,0.2414229,0.2632632
0.3817384,0.2649577,0.2605182,0.2190033,0.323302,0.2607234,0.3764092,0.3278544,0.3728582,0.2786865,0.3667399,0.2477335,0.2572845,0.2432765,0.2656332,0.262889,0.3484802,0.361694,0.2552026,0.2379705,0.2532024,0.2418431,0.2707427,0.2541022,0.2415874,0.2448088,0.2643911,0.2345681,0.2417412,0.2331872,0.2462339,0.2308275,0.249734,0.2394407,0.4274426,0.2790546,0.3329283,0.2379103,0.4152519,0.2930058,0.3182586,0.271961,0.3640491,0.2846801,0.4018348,0.2478478,0.2987526,0.2247651,0.2611149,0.2280985,0.3003951,0.2319567,0.2674643,0.253504,0.3509934,0.272345,0.3314785,0.2744861,0.3411466,0.2977077,0.2463741,0.2249115,0.4329351,0.3057661,0.2504542,0.2225785,0.2350609,0.2213219,0.2421852,0.2230931,0.2381967,0.230265,0.268716,0.2476376,0.2986142,0.2796641,0.2733265,0.2352714,0.2444012,0.241741,0.2652234,0.2231533,0.3989135,0.2617049,0.3521865,0.2375766,0.3497203,0.3059041,0.3076729,0.2746451,0.3085216,0.2391253,0.4149766,0.4118969
0.2917129,0.3805314,0.2313276,0.2439653,0.2872099,0.315199,0.3241427,0.476128,0.3044576,0.3705871,0.2932963,0.4031514,0.2564077,0.2477423,0.246841,0.2591567,0.2862753,0.3194574,0.2321901,0.2366054,0.2343488,0.2435536,0.2428727,0.296456,0.2388452,0.2495882,0.2544791,0.2729589,0.2443979,0.2312413,0.2462776,0.2304307,0.2498891,0.2402178,0.2790546,0.4349308,0.2541692,0.3188348,0.2708667,0.4393641,0.2556861,0.3387114,0.2927148,0.3743441,0.265857,0.3688791,0.2418069,0.2714532,0.239969,0.2412125,0.2472731,0.2677794,0.2429164,0.305676,0.27107,0.3380749,0.2735702,0.3240206,0.3009743,0.3462999,0.2289844,0.2267354,0.3190303,0.4252036,0.2268279,0.246242,0.2282386,0.2269341,0.2233419,0.2405737,0.2259449,0.2373706,0.2415344,0.2651552,0.2921363,0.3304926,0.2285693,0.2689568,0.2339407,0.2299337,0.225131,0.2536836,0.2687489,0.4021032,0.2460237,0.3321746,0.2903705,0.3480614,0.2596752,0.3351399,0.2350035,0.3083257,0.309944,0.4053625
0.2969993,0.2447286,0.2767548,0.2175306,0.2646242,0.2271248,0.3231894,0.3137443,0.2915559,0.2339596,0.2847129,0.2219378,0.2710818,0.2489734,0.3043079,0.2702263,0.3385639,0.3595957,0.2429079,0.2261247,0.3210868,0.2349557,0.2961603,0.2446358,0.2552967,0.2463687,0.264057,0.2408519,0.2554308,0.2358457,0.2529305,0.2336641,0.2403215,0.2364029,0.3329283,0.2541692,0.2390206,0.2349124,0.3521164,0.2764874,0.3599567,0.2636345,0.2804995,0.2393977,0.2796178,0.2352231,0.2512768,0.2205357,0.2480338,0.2169824,0.287962,0.2320696,0.2824897,0.2401207,0.3307687,0.2617342,0.3180114,0.2593926,0.3058704,0.271649,0.2664987,0.234109,0.3241043,0.2764132,0.2731331,0.2315849,0.2582672,0.221981,0.3185076,0.2335984,0.3030755,0.2313473,0.2650731,0.2387943,0.2815735,0.2696986,0.4411692,0.2334594,0.2651539,0.2473662,0.3206396,0.2292294,0.3302128,0.2426515,0.3423474,0.2270314,0.3173859,0.2798853,0.2977003,0.2513689,0.3911466,0.2348612,0.3529015,0.3875713
0.2443521,0.3381014,0.2221074,0.2543318,0.237983,0.2491363,0.2581182,0.3623576,0.257329,0.2851813,0.2306047,0.318632,0.2425425,0.2505794,0.2418128,0.2698714,0.2333906,0.2389405,0.2248615,0.2301738,0.2237248,0.2782878,0.2218017,0.2670259,0.2288681,0.263812,0.2269253,0.2373012,0.2271722,0.2454767,0.2252987,0.2350819,0.2257603,0.2273485,0.2379103,0.3188348,0.2349124,0.3919121,0.2372844,0.3590574,0.2261415,0.3490893,0.243029,0.2728688,0.2317488,0.2594911,0.2305184,0.2329324,0.231784,0.2236092,0.2212379,0.2469411,0.2262442,0.2671127,0.2389794,0.2770326,0.2348333,0.2763663,0.2570731,0.2961394,0.2362671,0.231364,0.2496346,0.3179029,0.2165282,0.2691585,0.2194304,0.2467572,0.2200804,0.2856025,0.2200538,0.2773126,0.2307268,0.2428249,0.2463363,0.2615339,0.2176999,0.413891,0.237282,0.2475791,0.225514,0.3212858,0.2417614,0.3225739,0.2278264,0.3135018,0.2478154,0.2898407,0.2327357,0.2959629,0.2251029,0.395083,0.2497768,0.2893814
0.4135712,0.2826923,0.2601444,0.2154934,0.3118218,0.2603372,0.3573055,0.3289288,0.3442174,0.289291,0.3094261,0.2537257,0.2622334,0.2490098,0.2740641,0.2564263,0.3127935,0.3075626,0.260418,0.2322802,0.273894,0.2426033,0.2609437,0.2507651,0.247624,0.243466,0.2673219,0.2442267,0.2466148,0.2338638,0.2506515,0.2323008,0.2472179,0.2366382,0.4152519,0.2708667,0.3521164,0.2372844,0.4478294,0.2963812,0.3412169,0.2731135,0.3388327,0.2806683,0.346526,0.2438977,0.2897031,0.2232996,0.2596707,0.2229077,0.2945189,0.2345863,0.2611428,0.243426,0.3243251,0.2707521,0.3031149,0.2664835,0.333396,0.3036656,0.241538,0.2315503,0.4624775,0.2994511,0.2506804,0.2217239,0.2350497,0.21571,0.2486632,0.2265819,0.2460589,0.2335208,0.2563911,0.2368347,0.2945834,0.2774098,0.3332189,0.2346408,0.2462118,0.2424865,0.2626097,0.2240444,0.3989759,0.2557771,0.3454991,0.2357354,0.3242355,0.2926858,0.2933967,0.2687897,0.3287496,0.2358922,0.4757068,0.4061251
0.2720291,0.4098218,0.2474058,0.2408043,0.3105603,0.3078036,0.2993523,0.6713537,0.3472485,0.3664741,0.3063772,0.3353961,0.2686751,0.2510862,0.2547846,0.2816325,0.2940219,0.3306558,0.2472879,0.2392624,0.2337905,0.2575729,0.2445005,0.2708134,0.2431687,0.2544817,0.2721337,0.271118,0.2556031,0.2350862,0.2556071,0.2352986,0.2626813,0.2517756,0.2930058,0.4393641,0.2764874,0.3590574,0.2963812,0.5124474,0.2689402,0.3671221,0.3184071,0.3515759,0.2668966,0.3471408,0.2531692,0.268355,0.2566334,0.243471,0.2522024,0.2586393,0.2453028,0.2750542,0.2978396,0.3246318,0.2741972,0.3085853,0.2851574,0.3301269,0.2394573,0.2324766,0.353628,0.4613678,0.2288426,0.2561044,0.2288321,0.2340005,0.2283797,0.2561387,0.230404,0.2491886,0.2456316,0.2602069,0.3074269,0.3322119,0.2329841,0.2983795,0.2442741,0.2404331,0.2321929,0.2632712,0.2811327,0.3743507,0.2534716,0.2982006,0.3007315,0.3425191,0.2603026,0.3326246,0.245047,0.3019664,0.370039,0.5220835
0.4033627,0.2593957,0.2612176,0.2109766,0.2583708,0.2323076,0.4116693,0.2750542,0.2682967,0.2437311,0.2417365,0.2358348,0.2958888,0.2631031,0.2948065,0.2579652,0.2935469,0.2979327,0.2366236,0.2156231,0.3499829,0.2306233,0.3724053,0.248303,0.3291686,0.2405647,0.3122253,0.2690401,0.2849036,0.2315543,0.2879223,0.2351543,0.2735437,0.2483852,0.3182586,0.2556861,0.3599567,0.2261415,0.3412169,0.2689402,0.3955852,0.2555546,0.2647587,0.2473581,0.2681349,0.2323574,0.2437089,0.2173605,0.2417713,0.2125848,0.3422172,0.2607604,0.3189921,0.2510268,0.3782409,0.2611893,0.3840881,0.2486465,0.3866887,0.2741678,0.2472481,0.2235645,0.3522969,0.2756556,0.2670894,0.2202914,0.2446649,0.2112331,0.2740125,0.2223483,0.2795386,0.2223727,0.2502616,0.229793,0.3195648,0.2731155,0.3498293,0.2267109,0.2710159,0.244214,0.2883019,0.2211292,0.3208092,0.2474734,0.3016744,0.230216,0.3700177,0.2684555,0.3465302,0.2498846,0.3244225,0.2326947,0.3539331,0.340167
0.258555,0.4019732,0.2368352,0.2388694,0.2611107,0.2620876,0.2661706,0.3962187,0.2992955,0.2819897,0.2812116,0.3050328,0.2776347,0.3020361,0.2701312,0.3062617,0.2947356,0.3097033,0.2329811,0.2318555,0.2328058,0.3323425,0.2340775,0.3560837,0.2391193,0.3417462,0.2465763,0.2840487,0.2368764,0.2847003,0.2399675,0.2618913,0.2428864,0.2486444,0.271961,0.3387114,0.2636345,0.3490893,0.2731135,0.3671221,0.2555546,0.4055264,0.2775723,0.2873041,0.2489043,0.2789932,0.2337811,0.2384688,0.244177,0.2282163,0.2424101,0.3018999,0.2407126,0.3456097,0.2511608,0.3554685,0.2514386,0.369096,0.2885847,0.4042903,0.2505819,0.2401523,0.2844675,0.3476802,0.2248436,0.2646026,0.2211722,0.2433369,0.2247273,0.2781351,0.2266536,0.2785034,0.2408827,0.2581621,0.2726635,0.3215139,0.2319544,0.3389623,0.2504611,0.2698731,0.2256729,0.2829674,0.2626752,0.3251893,0.2449465,0.2917926,0.2661673,0.3781541,0.2485385,0.37261,0.2367736,0.3116387,0.3104593,0.3926072
0.3353155,0.274505,0.2616497,0.2280388,0.3863916,0.2968059,0.3465904,0.3622493,0.4738064,0.3095158,0.4172492,0.260146,0.2534352,0.2505808,0.263523,0.2641349,0.3393779,0.3624688,0.2941754,0.2500821,0.2297793,0.2323649,0.2302635,0.2411139,0.2284646,0.2389615,0.2448328,0.2399665,0.2338008,0.2310324,0.2314757,0.2328088,0.2413661,0.2370932,0.3640491,0.2927148,0.2804995,0.243029,0.3388327,0.3184071,0.2647587,0.2775723,0.4305425,0.3110588,0.387115,0.2881147,0.3085937,0.2465515,0.2946936,0.2387819,0.2579281,0.2392787,0.2451705,0.241635,0.2929423,0.2820789,0.2780966,0.2716381,0.3015964,0.2926425,0.2381248,0.2245885,0.3562079,0.3151328,0.2486642,0.2307079,0.2360953,0.2235509,0.2338277,0.2297801,0.2274387,0.2347901,0.2780544,0.2540023,0.2724206,0.2774275,0.2466763,0.2325633,0.2329425,0.2442253,0.2480265,0.2305191,0.3268102,0.2586968,0.2998568,0.2336356,0.3067579,0.2956054,0.2837377,0.2673306,0.2675217,0.2396671,0.3540239,0.3738064
