0.5558558,0.3542635,0.2776682,0.2530446,0.333844,0.3014288,0.606198,0.2798786,0.4017448,0.3011057,0.3350251,0.2772893,0.3057151,0.2910657,0.3093437,0.2740756,0.3691182,0.3448354,0.2881563,0.2623745,0.325135,0.244352,0.2975725,0.3024371,0.2901341,0.2538112,0.2983596,0.278823,0.2755603,0.2392159,0.271176,0.2394044,0.2667195,0.2437037,0.4250044,0.3360385,0.3078476,0.2700908,0.4508526,0.3101933,0.403768,0.3017757,0.3861344,0.3244492,0.3817783,0.25993,0.2991509,0.2627058,0.2794201,0.2535056,0.3550089,0.261768,0.3061063,0.3137736,0.406112,0.3259855,0.4197441,0.3207816,0.5219907,0.4022027,0.2415619,0.2357353,0.4955839,0.3583266,0.2592737,0.2343723,0.2259683,0.2343999,0.2537079,0.2333305,0.2620722,0.2394336,0.279251,0.2798108,0.3811072,0.330988,0.3519321,0.2565955,0.25894,0.2592035,0.2700767,0.2452507,0.4168419,0.3121,0.3547932,0.2943315,0.4888025,0.3334769,0.4048025,0.3277235,0.3375654,0.2872915,0.4128931,0.2914574
0.3542635,0.5671381,0.2569636,0.2734449,0.3190048,0.3274069,0.3461168,0.3949572,0.3582801,0.3759549,0.3353186,0.457283,0.3310832,0.32793,0.2704999,0.2857257,0.3091598,0.2898023,0.2942882,0.2844982,0.2506277,0.3003879,0.2569329,0.3533028,0.2507437,0.3119834,0.2788875,0.3098179,0.2561863,0.2586483,0.2622855,0.2481864,0.2649683,0.2567333,0.3215178,0.3975868,0.2738096,0.354156,0.3277722,0.4245607,0.2848724,0.4388671,0.3427919,0.3592003,0.2978283,0.3143989,0.2753535,0.2790063,0.2846027,0.2713696,0.2716486,0.2727453,0.2509652,0.3396963,0.3040665,0.3865154,0.3266893,0.3829111,0.4205428,0.5320418,0.2349044,0.2398371,0.3278468,0.4365584,0.23889,0.2564688,0.2248351,0.2637648,0.2345891,0.2620014,0.2351688,0.2544345,0.2582625,0.27474,0.3543066,0.3652778,0.2482609,0.3161113,0.252043,0.2527272,0.2445805,0.2660222,0.2932194,0.4048643,0.2726371,0.3280985,0.3010054,0.4379935,0.2843938,0.4025915,0.2640983,0.3218087,0.317291,0.3623315
0.2776682,0.2569636,0.4662999,0.2540167,0.2831549,0.2627123,0.2740472,0.2777995,0.2919115,0.2404445,0.3244965,0.2210823,0.258306,0.2556697,0.2615622,0.2474074,0.2665052,0.2549115,0.3029428,0.2708776,0.2640393,0.2371143,0.2574626,0.2435991,0.2490185,0.2370508,0.2392088,0.2362661,0.2350926,0.2308891,0.2323127,0.2278637,0.2311788,0.2292678,0.2877255,0.2546659,0.2743509,0.23451,0.2791017,0.2654763,0.2697422,0.253882,0.286653,0.2513767,0.2914827,0.2485941,0.3338529,0.2595439,0.3169898,0.2609992,0.2366251,0.2325554,0.2424973,0.2508763,0.2517481,0.252883,0.2687899,0.2550719,0.2760383,0.2696682,0.2456886,0.2358592,0.2678091,0.2602425,0.3720156,0.2314484,0.3160796,0.2393898,0.293788,0.2281002,0.2686066,0.2284754,0.2759832,0.2538939,0.2592331,0.2479265,0.268037,0.2353171,0.2426489,0.2339605,0.3457517,0.2384852,0.2748287,0.2515479,0.3105999,0.2485308,0.2656973,0.2503873,0.2745264,0.2512395,0.2946977,0.2373688,0.2688548,0.2786809
0.2530446,0.2734449,0.2540167,0.4693776,0.2780035,0.3299749,0.2581528,0.2647092,0.2541521,0.2932695,0.2603724,0.2765238,0.2504111,0.2504794,0.2431891,0.2534657,0.2448072,0.2488569,0.3168311,0.3304453,0.2381304,0.2432532,0.2324056,0.2463295,0.2361982,0.2360893,0.2397465,0.2348365,0.2266767,0.2386893,0.2369439,0.2419294,0.2394888,0.2376871,0.2409109,0.2914683,0.2258773,0.2733462,0.2407863,0.2782244,0.2445442,0.2657841,0.2555633,0.2970129,0.2456176,0.3369988,0.2632128,0.3929407,0.295037,0.3584667,0.2350535,0.2401515,0.2193339,0.2498029,0.2386256,0.2533443,0.2471475,0.2535579,0.2704912,0.2735231,0.2426508,0.2596303,0.2442035,0.2777797,0.2387417,0.3661792,0.2399756,0.3496594,0.2321211,0.2871103,0.2290226,0.2643078,0.2565293,0.2964398,0.25372,0.2449693,0.2317906,0.2734995,0.2354657,0.2444547,0.2355662,0.3359141,0.2362431,0.2927934,0.2359953,0.3373392,0.2457522,0.2603013,0.2320669,0.2666033,0.2343701,0.293534,0.2449758,0.2530888
0.333844,0.3190048,0.2831549,0.2780035,0.4267264,0.350041,0.3376396,0.3519064,0.4185513,0.3223524,0.4037431,0.2609358,0.2781095,0.2703744,0.2863119,0.2756381,0.3265197,0.3406834,0.3843001,0.318055,0.2533896,0.2481984,0.2445481,0.2571253,0.2467082,0.2547148,0.2586548,0.2560067,0.2424199,0.2431325,0.2449175,0.2423496,0.2525763,0.249159,0.3449311,0.3155359,0.2796368,0.2576893,0.3334453,0.3358366,0.2830904,0.2953426,0.4113628,0.3301862,0.3728171,0.3067218,0.3383133,0.3039759,0.3646336,0.3014983,0.2634543,0.2460057,0.2523529,0.2541811,0.2882233,0.28943,0.2884434,0.2736931,0.3250609,0.3205978,0.2479559,0.2447024,0.3502152,0.3299108,0.2564887,0.2448646,0.2480822,0.2594867,0.2422846,0.2426052,0.2397801,0.2387468,0.2987371,0.2833817,0.2888267,0.2825848,0.2608133,0.2541543,0.249556,0.2496998,0.2536693,0.2482957,0.3067197,0.2856971,0.2876199,0.2756788,0.2974069,0.2962104,0.2797425,0.2780248,0.2718115,0.2586927,0.3603423,0.3952133
0.3014288,0.3274069,0.2627123,0.3299749,0.350041,0.441004,0.3231829,0.3232659,0.3194528,0.417121,0.3075671,0.3833297,0.271274,0.2705972,0.2716658,0.264456,0.2966672,0.3008867,0.3583338,0.3863522,0.2485429,0.2488108,0.2429212,0.2676354,0.2405452,0.2481786,0.2544024,0.2598066,0.2338369,0.2416285,0.2391071,0.2425607,0.2433632,0.2439948,0.2762846,0.3389739,0.2468519,0.2793606,0.2841767,0.3248617,0.2630813,0.2914573,0.3136416,0.4080684,0.2835692,0.3750369,0.2847973,0.3764221,0.3195781,0.3798054,0.2429789,0.2502231,0.2308309,0.266506,0.2662507,0.2926254,0.2705675,0.2827835,0.3061555,0.3229809,0.2520041,0.2590382,0.2875126,0.321561,0.2485081,0.2780553,0.2490171,0.305963,0.2369863,0.2555138,0.2358963,0.2502619,0.2902973,0.3295591,0.2833202,0.2825386,0.2479911,0.2670274,0.2426504,0.2480795,0.2391478,0.2689733,0.2608903,0.3124972,0.2549913,0.3174284,0.2709492,0.2984921,0.2577635,0.2890226,0.2481717,0.2799776,0.2957112,0.2946746
0.606198,0.3461168,0.2740472,0.2581528,0.3376396,0.3231829,0.4469466,0.3108739,0.4093468,0.316274,0.3031821,0.3125497,0.3664427,0.3355036,0.3122622,0.2870803,0.3714385,0.3826022,0.3031601,0.2732542,0.3017558,0.2578973,0.3440297,0.3619383,0.2678388,0.2835974,0.3190753,0.2798059,0.2818174,0.2573112,0.283088,0.251949,0.293337,0.262695,0.3950908,0.3841617,0.32252,0.3008015,0.3774756,0.3378155,0.4239727,0.3307763,0.3735759,0.3494026,0.3463144,0.2710365,0.2877822,0.2592712,0.2922317,0.25738,0.3797315,0.275387,0.3108891,0.3792132,0.5714535,0.3984529,0.5126713,0.3980605,0.6501084,0.4676614,0.2335222,0.235733,0.4174113,0.3982189,0.2581031,0.2473191,0.2290016,0.2430177,0.2468815,0.2520316,0.2589697,0.2581931,0.2892014,0.2890674,0.4280327,0.3919368,0.3149009,0.2770575,0.2614032,0.2616346,0.2590695,0.2651042,0.378924,0.3480866,0.347753,0.3229171,0.5184893,0.4272403,0.3717774,0.3840359,0.3221525,0.3225546,0.3380542,0.2803705
0.2798786,0.3949572,0.2777995,0.2647092,0.3519064,0.3232659,0.3108739,0,0.4506093,0.3275732,0.4138013,0.2505041,0.2854469,0.2783235,0.3023042,0.3174074,0.3714643,0.4507944,0.2769066,0.279157,0.2551728,0.3035424,0.241781,0.2951938,0.255384,0.3164878,0.3119718,0.2973968,0.2631684,0.2713763,0.2770941,0.2596563,0.299899,0.298357,0.3180448,0.4746936,0.3084686,0.394256,0.3200299,0.6638958,0.2936105,0.4295018,0.3809662,0.359006,0.2875488,0.3389004,0.2861041,0.3087143,0.3000335,0.2863784,0.2877328,0.2793896,0.2430969,0.2842455,0.3664746,0.3747472,0.3034016,0.3434564,0.2944212,0.3473911,0.2302026,0.2362025,0.3696196,0.5301541,0.2465018,0.2732278,0.2356207,0.2589494,0.2443991,0.284185,0.2429342,0.2714815,0.2683158,0.2850748,0.3546917,0.3853969,0.2659912,0.34837,0.2665529,0.2592338,0.2494972,0.2813912,0.2998845,0.3902679,0.2742899,0.3238306,0.3351794,0.3825402,0.2852349,0.3800462,0.2690198,0.3138214,0.4354666,0.6830788
0.4017448,0.3582801,0.2919115,0.2541521,0.4185513,0.3194528,0.4093468,0.4506093,0.3945081,0.3124554,0.5583642,0.2885088,0.3004312,0.291194,0.327529,0.3062549,0.4035231,0.452559,0.3138402,0.2758409,0.2768714,0.2633224,0.2609755,0.2809799,0.2676116,0.2796139,0.2699143,0.2581279,0.2629863,0.2519147,0.2594857,0.2457559,0.266407,0.2532795,0.410551,0.3266433,0.3147311,0.2758577,0.3879891,0.3744889,0.3108048,0.3359735,0.5035133,0.331593,0.4129641,0.3177568,0.3384199,0.2889066,0.3325427,0.2824935,0.2987672,0.2570746,0.2740836,0.2719727,0.3437223,0.3201591,0.3274259,0.307267,0.3783306,0.3670121,0.2366236,0.2357199,0.3757599,0.3590708,0.2520432,0.2422678,0.2295659,0.2396017,0.2419024,0.2470462,0.2437626,0.2473012,0.2840823,0.2709292,0.3176166,0.3111271,0.2892984,0.2703488,0.2589395,0.265893,0.2589507,0.2526616,0.3622096,0.2907405,0.3293737,0.2687646,0.3616751,0.3473442,0.3117562,0.3131733,0.2987725,0.2642158,0.4158969,0.4392058
0.3011057,0.3759549,0.2404445,0.2932695,0.3223524,0.417121,0.316274,0.3275732,0.3124554,0.1491585,0.3041142,0.6216822,0.2509306,0.2424382,0.2463841,0.2430469,0.2398378,0.2466678,0.2778025,0.3144045,0.2389596,0.2352207,0.2349111,0.2426244,0.2333994,0.2316684,0.245422,0.2342857,0.2339923,0.2271744,0.2372848,0.2300633,0.2384728,0.2398702,0.289315,0.3478114,0.2430407,0.2759886,0.295572,0.3430662,0.2581172,0.2830683,0.3164307,0.4749441,0.3088807,0.4113533,0.2874394,0.3195508,0.2730803,0.3300543,0.2446537,0.2256232,0.2290478,0.2379902,0.2584831,0.2605686,0.257857,0.2501335,0.2923583,0.3018317,0.2373426,0.2442699,0.3134256,0.3347408,0.2438718,0.2612669,0.23711,0.2654123,0.2367449,0.240258,0.2353699,0.2381955,0.2431865,0.2749836,0.2556702,0.2483561,0.2353659,0.2602861,0.2285224,0.2252303,0.2380204,0.2679019,0.2636512,0.324244,0.249407,0.3133164,0.2542299,0.2909671,0.2487661,0.2657068,0.2460747,0.2868466,0.3239314,0.3216813
0.3350251,0.3353186,0.3244965,0.2603724,0.4037431,0.3075671,0.3031821,0.4138013,0.5583642,0.3041142,0,0.2857975,0.2819451,0.2828253,0.3365608,0.326052,0.3915208,0.4774444,0.3161839,0.2748218,0.2574105,0.2665453,0.2298809,0.2672313,0.2314417,0.2779292,0.2400591,0.2397714,0.2325109,0.2488949,0.2430641,0.2467535,0.2508874,0.2441923,0.4229907,0.3059091,0.3183839,0.257451,0.3944823,0.3464485,0.297117,0.33639,0.4836199,0.3084317,0.4648402,0.3469522,0.3713604,0.2848543,0.3551688,0.2721476,0.2452901,0.2441712,0.224798,0.2493484,0.2598945,0.2682784,0.2642443,0.2748359,0.3145986,0.3020926,0.2404515,0.2320173,0.3180217,0.3165808,0.2500098,0.242774,0.2283582,0.2385998,0.24073,0.2510696,0.2371347,0.2494721,0.2826309,0.2681448,0.2580808,0.2548281,0.2838728,0.2612553,0.2584156,0.2731129,0.2751741,0.2504498,0.327852,0.2797618,0.3226372,0.2663996,0.2761291,0.2987503,0.2511578,0.2871703,0.3071756,0.2548829,0.4139255,0.5030324
0.2772893,0.457283,0.2210823,0.2765238,0.2609358,0.3833297,0.3125497,0.2505041,0.2885088,0.6216822,0.2857975,0,0.2557714,0.2541153,0.240902,0.24235,0.2776783,0.2909811,0.255505,0.2703845,0.2332587,0.237364,0.2287849,0.2633615,0.2321501,0.2378064,0.2392396,0.2505954,0.2306639,0.224536,0.2338368,0.2236164,0.2332627,0.2347545,0.2476322,0.3871179,0.2448625,0.2997132,0.2451359,0.3030105,0.2413419,0.3121556,0.2825176,0.4904621,0.2676945,0.4376092,0.2657324,0.3082272,0.2589698,0.2813725,0.23824,0.2159149,0.2255209,0.2545565,0.2482727,0.2783667,0.2662909,0.2738468,0.3105484,0.3405018,0.2271883,0.2445535,0.2388352,0.333679,0.2307515,0.2400585,0.2392053,0.2508673,0.2407685,0.2288565,0.2311031,0.2275545,0.2472332,0.2877921,0.267392,0.2603683,0.2282729,0.2523695,0.2248859,0.2252138,0.2378691,0.2384703,0.2322712,0.401264,0.2424665,0.364999,0.2449576,0.3281044,0.2422392,0.304376,0.2427773,0.3010408,0.2444404,0.2354874
0.3057151,0.3310832,0.258306,0.2504111,0.2781095,0.271274,0.3664427,0.2854469,0.3004312,0.2509306,0.2819451,0.2557714,0.4150411,0.4154092,0.2998997,0.2971447,0.2949419,0.2887954,0.2760145,0.2592463,0.2954485,0.2729632,0.2961533,0.3111468,0.2947455,0.2898245,0.3572953,0.3554933,0.2986478,0.2735859,0.3135367,0.2847688,0.3505385,0.3185333,0.2921156,0.2892117,0.2914467,0.274472,0.3020502,0.2861869,0.3138109,0.3269715,0.286361,0.2692685,0.2653296,0.2536265,0.2619648,0.2525977,0.2706017,0.2520061,0.3123121,0.2916714,0.2727764,0.3037365,0.3500458,0.3582759,0.3320843,0.3315144,0.3813974,0.3868195,0.2362826,0.2370403,0.2837785,0.2986453,0.2539111,0.2481941,0.2332508,0.2478543,0.2535765,0.2498588,0.2617953,0.261704,0.252605,0.2507449,0.3642717,0.3595867,0.2804869,0.2608515,0.2900015,0.2855013,0.2609234,0.2536584,0.2821578,0.2867173,0.2708082,0.2659856,0.2906581,0.3330129,0.2831546,0.3191483,0.2706399,0.2662739,0.2896349,0.3024632
0.2910657,0.32793,0.2556697,0.2504794,0.2703744,0.2705972,0.3355036,0.2783235,0.291194,0.2424382,0.2828253,0.2541153,0.4154092,0.4431937,0.2962601,0.310359,0.2849333,0.279534,0.2725353,0.2598834,0.2798279,0.29058,0.2690866,0.3325137,0.2767119,0.3136571,0.3070125,0.3475927,0.2792819,0.302718,0.2869445,0.3172648,0.3415667,0.3483833,0.2805765,0.2893192,0.2792855,0.2860699,0.2910905,0.2818555,0.2889448,0.3486555,0.2760872,0.2662219,0.2570502,0.2514499,0.2568788,0.2504337,0.2690913,0.2516859,0.2596074,0.3376054,0.2518957,0.323668,0.2981371,0.370678,0.2958771,0.3604704,0.3535692,0.3983412,0.2407631,0.2430845,0.2741377,0.292993,0.2495911,0.2491843,0.2285611,0.2472979,0.2521232,0.2570499,0.262563,0.2688102,0.2519507,0.2542565,0.3309946,0.3435847,0.271824,0.271945,0.283467,0.2875442,0.2587609,0.2558059,0.2673436,0.2888604,0.2622494,0.2691368,0.26882,0.3427107,0.2584605,0.3261864,0.2613551,0.2726333,0.2879384,0.3008555
0.3093437,0.2704999,0.2615622,0.2431891,0.2863119,0.2716658,0.3122622,0.3023042,0.327529,0.2463841,0.3365608,0.240902,0.2998997,0.2962601,0.418034,0.3743257,0.3990971,0.4246866,0.2723447,0.2627475,0.2976727,0.260004,0.247239,0.2592117,0.2764282,0.2607659,0.2568203,0.2455079,0.2832203,0.2507811,0.2894134,0.2610092,0.277545,0.2617919,0.2968008,0.2648394,0.3169149,0.2610773,0.3088683,0.2750465,0.3048377,0.3001318,0.2978367,0.2654361,0.2722199,0.2562111,0.258481,0.2456513,0.2718777,0.2481647,0.2867633,0.2524041,0.2725594,0.2572544,0.2904177,0.2716082,0.2780397,0.2744116,0.2955649,0.2856205,0.3600238,0.3491699,0.285163,0.2784496,0.2799543,0.2608104,0.2714001,0.2543856,0.3013936,0.2629254,0.2985109,0.2690211,0.3172562,0.3062602,0.2761286,0.2620206,0.3408653,0.2539885,0.3590478,0.3313105,0.2733168,0.2505567,0.295051,0.2604505,0.2850869,0.2494881,0.3055112,0.2876249,0.2742353,0.2754596,0.2937672,0.2535174,0.3415096,0.3425084
0.2740756,0.2857257,0.2474074,0.2534657,0.2756381,0.264456,0.2870803,0.3174074,0.3062549,0.2430469,0.326052,0.24235,0.2971447,0.310359,0.3743257,0.3865524,0.3558106,0.3885748,0.2587137,0.2549204,0.2614517,0.2941919,0.2440374,0.2603323,0.2567829,0.2764195,0.2458263,0.2455254,0.2619981,0.2751827,0.2683598,0.2894616,0.2821228,0.2828846,0.2846785,0.2747939,0.284011,0.279674,0.2806419,0.2928948,0.2757168,0.3205843,0.2845988,0.2654591,0.2707482,0.2620266,0.2568085,0.245899,0.2643414,0.2468153,0.2686891,0.2604017,0.266158,0.2564715,0.2713918,0.2767726,0.2669417,0.2812724,0.2784188,0.2882862,0.3317868,0.3334464,0.2773764,0.2879308,0.2541707,0.2860766,0.2405405,0.2728169,0.2661576,0.2861373,0.2652725,0.2940341,0.2801108,0.2954702,0.2647752,0.263999,0.2829829,0.2800634,0.3351797,0.3518402,0.2542355,0.2658833,0.2740756,0.2651232,0.2643224,0.2542256,0.2829826,0.29296,0.2581677,0.2783822,0.266428,0.2600326,0.3181707,0.3609393
0.3691182,0.3091598,0.2665052,0.2448072,0.3265197,0.2966672,0.3714385,0.3714643,0.4035231,0.2398378,0.3915208,0.2776783,0.2949419,0.2849333,0.3990971,0.3558106,0.5135863,0.622526,0.294372,0.2788454,0.2660181,0.2566451,0.2775564,0.2759356,0.2652033,0.2664708,0.2934729,0.2804099,0.2636512,0.2426892,0.2587177,0.2449856,0.2559228,0.2505212,0.3711815,0.3165385,0.3401455,0.2538882,0.3297939,0.3162726,0.3139846,0.3149247,0.3621348,0.3101609,0.3288366,0.2905836,0.2828045,0.2667044,0.3076507,0.2580803,0.3370465,0.2583984,0.3037117,0.2672334,0.3827972,0.3331543,0.3603933,0.3197323,0.3733979,0.3633898,0.2950716,0.2927736,0.3520268,0.3344562,0.276836,0.2533383,0.2586731,0.2479886,0.2704699,0.2513609,0.2556352,0.249772,0.3503486,0.3431563,0.3640034,0.3434565,0.2987823,0.2527906,0.2725004,0.2718882,0.2751407,0.2492404,0.3569321,0.2892553,0.3237373,0.2609571,0.3940287,0.3481696,0.3509602,0.3096056,0.3120224,0.2617119,0.3725736,0.4196284
0.3448354,0.2898023,0.2549115,0.2488569,0.3406834,0.3008867,0.3826022,0.4507944,0.452559,0.2466678,0.4774444,0.2909811,0.2887954,0.279534,0.4246866,0.3885748,0.622526,0.6660273,0.2869487,0.2775622,0.2623709,0.256292,0.2601275,0.2815168,0.2610386,0.2706951,0.2955217,0.2788782,0.2715919,0.2481807,0.2637736,0.2526521,0.2692311,0.2646663,0.3790344,0.3363075,0.3619927,0.251834,0.3223736,0.3548257,0.322165,0.3266275,0.3870664,0.3283218,0.3407973,0.3020205,0.2906847,0.2693188,0.3228329,0.2663021,0.3375732,0.2806113,0.2928609,0.2641491,0.4054126,0.3490143,0.3463972,0.3468991,0.3569914,0.3435597,0.2878683,0.3009873,0.3541462,0.365346,0.2645418,0.2652166,0.2479345,0.2491016,0.2692916,0.2616899,0.2580286,0.2619798,0.3474787,0.3572621,0.3562869,0.357275,0.3073183,0.2594576,0.2763551,0.2786432,0.268232,0.2562622,0.347991,0.304622,0.3126172,0.2639221,0.3915504,0.3820573,0.3319051,0.3283251,0.3096384,0.2618536,0.408329,0.5268804
0.2881563,0.2942882,0.3029428,0.3168311,0.3843001,0.3583338,0.3031601,0.2769066,0.3138402,0.2778025,0.3161839,0.255505,0.2760145,0.2725353,0.2723447,0.2587137,0.294372,0.2869487,0.4670695,0.3837157,0.2415835,0.2394266,0.2316215,0.2593815,0.2361811,0.2462644,0.2581625,0.2591342,0.2338468,0.24124,0.2419835,0.2420048,0.2448251,0.242723,0.2814264,0.2798318,0.2596589,0.2503906,0.2889562,0.278355,0.2610974,0.2764684,0.3196541,0.2955576,0.2915612,0.2932807,0.3342059,0.3322506,0.4379985,0.3296021,0.2399505,0.2485134,0.232768,0.2598537,0.2646716,0.2862234,0.2631077,0.272385,0.3005311,0.3088315,0.2558559,0.2524371,0.276942,0.280764,0.2710593,0.2518391,0.2819596,0.2867633,0.2432785,0.2416266,0.2369148,0.2383905,0.3391091,0.3078357,0.2793218,0.2770813,0.2515751,0.2397832,0.2513022,0.2458957,0.253278,0.2463001,0.2635036,0.2771568,0.2692792,0.285984,0.2544203,0.2758374,0.246829,0.2685529,0.2615541,0.2538661,0.2853014,0.2896137
0.2623745,0.2844982,0.2708776,0.3304453,0.318055,0.3863522,0.2732542,0.279157,0.2758409,0.3144045,0.2748218,0.2703845,0.2592463,0.2598834,0.2627475,0.2549204,0.2788454,0.2775622,0.3837157,0.435742,0.2325932,0.2439484,0.2274138,0.2460738,0.2267547,0.2377788,0.2389252,0.2435096,0.2275376,0.2384428,0.2341255,0.2375466,0.2383998,0.2363885,0.2525046,0.2858092,0.2376356,0.2609969,0.259579,0.2841578,0.2451691,0.2654445,0.2759942,0.3237489,0.2557341,0.3118604,0.278971,0.3646223,0.3312009,0.4202724,0.2239142,0.2407456,0.2220984,0.2465909,0.2374334,0.2652639,0.244735,0.2594488,0.273483,0.2827159,0.2436281,0.2536342,0.252531,0.2778256,0.2554166,0.2898171,0.2647001,0.3328278,0.2340112,0.2597639,0.2285273,0.2483338,0.3134977,0.3402518,0.2545971,0.2566081,0.2352135,0.2574714,0.2443033,0.2425215,0.2341122,0.2661346,0.2420379,0.2779044,0.2455659,0.2907541,0.2391209,0.2622103,0.2305455,0.2624092,0.2403042,0.2615912,0.2626272,0.2636589
0.325135,0.2506277,0.2640393,0.2381304,0.2533896,0.2485429,0.3017558,0.2551728,0.2768714,0.2389596,0.2574105,0.2332587,0.2954485,0.2798279,0.2976727,0.2614517,0.2660181,0.2623709,0.2415835,0.2325932,0.4403634,0.2468044,0.3663665,0.2530919,0.4247189,0.2527722,0.271114,0.2532235,0.3372151,0.2505797,0.307415,0.2451409,0.2825849,0.2528911,0.2878242,0.2469904,0.3513771,0.237742,0.3164749,0.2487816,0.3547545,0.2565687,0.270967,0.2462703,0.2597137,0.2366618,0.2471724,0.2380192,0.2364311,0.2315971,0.3110914,0.2454246,0.3273532,0.2475979,0.2795911,0.2497576,0.3109691,0.2477271,0.2848932,0.2504888,0.2400022,0.239343,0.2933165,0.2544188,0.2666054,0.2335972,0.2374279,0.2359121,0.3040964,0.233749,0.3362555,0.238722,0.2335469,0.2378311,0.260723,0.2424546,0.4269568,0.2354739,0.2784811,0.2616864,0.3003337,0.2339802,0.3195055,0.2438315,0.2983961,0.2359281,0.3518423,0.2551653,0.3458897,0.2506402,0.3258834,0.2353909,0.3043346,0.2463182
0.244352,0.3003879,0.2371143,0.2432532,0.2481984,0.2488108,0.2578973,0.3035424,0.2633224,0.2352207,0.2665453,0.237364,0.2729632,0.29058,0.260004,0.2941919,0.2566451,0.256292,0.2394266,0.2439484,0.2468044,0.4354529,0.2544394,0.3087853,0.2510049,0.4046527,0.2397043,0.2488321,0.2453215,0.328834,0.2421382,0.2800018,0.2461093,0.2530264,0.2555383,0.2650598,0.2476251,0.2930143,0.2530411,0.2811212,0.2489578,0.3425725,0.2540263,0.2486515,0.2487887,0.2386515,0.2412399,0.2327638,0.2412713,0.2374457,0.2494174,0.2703398,0.2611769,0.2926623,0.2524602,0.2871206,0.2557698,0.3117498,0.2580236,0.3073844,0.2518126,0.2433013,0.255859,0.2737954,0.2357598,0.271871,0.2246866,0.2506339,0.234277,0.2983687,0.236192,0.3190916,0.2418027,0.2536601,0.2472954,0.263091,0.2390764,0.3574721,0.2557207,0.2834931,0.2401405,0.2935707,0.2533303,0.2618814,0.2404864,0.2536041,0.2525626,0.3171282,0.2443175,0.3322193,0.2394317,0.283939,0.2626684,0.291505
0.2975725,0.2569329,0.2574626,0.2324056,0.2445481,0.2429212,0.3440297,0.241781,0.2609755,0.2349111,0.2298809,0.2287849,0.2961533,0.2690866,0.247239,0.2440374,0.2775564,0.2601275,0.2316215,0.2274138,0.3663665,0.2544394,0.5256439,0.2649115,0.4153585,0.2567677,0.3329495,0.2862409,0.3298137,0.2549227,0.3003426,0.2497762,0.292347,0.2597626,0.30217,0.2489691,0.3272985,0.235266,0.2967359,0.2433146,0.3633718,0.256614,0.2583933,0.2457447,0.2603533,0.237927,0.2462433,0.2332929,0.2308692,0.2322931,0.3855552,0.272361,0.4716245,0.2731171,0.3823374,0.2734332,0.4405795,0.2638552,0.3417082,0.2813841,0.2312731,0.2251993,0.2914077,0.2530183,0.2539661,0.2328372,0.2267419,0.2265083,0.2616789,0.2300673,0.2677295,0.2318008,0.2291688,0.232256,0.3111223,0.2739925,0.2977122,0.2368062,0.2365866,0.2359385,0.2774263,0.2316945,0.3251206,0.2442424,0.3066888,0.2354369,0.3658773,0.2626199,0.3769661,0.2507609,0.3140381,0.237658,0.2746487,0.2411748
0.3024371,0.3533028,0.2435991,0.2463295,0.2571253,0.2676354,0.3619383,0.2951938,0.2809799,0.2426244,0.2672313,0.2633615,0.3111468,0.3325137,0.2592117,0.2603323,0.2759356,0.2815168,0.2593815,0.2460738,0.2530919,0.3087853,0.2649115,0.4920931,0.2503723,0.4023697,0.2851507,0.3339008,0.2500842,0.3200951,0.2548841,0.2765995,0.2568263,0.2708872,0.284518,0.3221024,0.2719993,0.2974304,0.2807096,0.2962997,0.2691237,0.3813084,0.2658744,0.2772608,0.2490783,0.2471902,0.2482418,0.2442219,0.2573276,0.2418036,0.2819097,0.3733258,0.2730545,0.5303848,0.3021389,0.3829508,0.3020234,0.4704605,0.3431989,0.432907,0.2348369,0.2333107,0.2790469,0.3150876,0.2370822,0.2430231,0.2238751,0.2376195,0.2423408,0.2555874,0.2388582,0.2520642,0.2415404,0.2450558,0.3089774,0.3446448,0.2632463,0.2925278,0.2489305,0.2464269,0.2496858,0.2591413,0.277771,0.3214658,0.2664022,0.2954756,0.2952513,0.4039663,0.2628205,0.4171327,0.2609408,0.3018657,0.2682565,0.2883778
0.2901341,0.2507437,0.2490185,0.2361982,0.2467082,0.2405452,0.2678388,0.255384,0.2676116,0.2333994,0.2314417,0.2321501,0.2947455,0.2767119,0.2764282,0.2567829,0.2652033,0.2610386,0.2361811,0.2267547,0.4247189,0.2510049,0.4153585,0.2503723,0.4671069,0.253397,0.2818589,0.2570539,0.3633021,0.2486422,0.3166637,0.249752,0.3029948,0.2671945,0.2716745,0.2440152,0.2941836,0.239061,0.2835784,0.2462549,0.3350476,0.2582992,0.2624469,0.2433678,0.253949,0.2364047,0.2450781,0.2331647,0.2324155,0.22892,0.3111064,0.257442,0.3594553,0.2474571,0.2744695,0.2581773,0.3185627,0.2479503,0.2676659,0.2503002,0.2388806,0.2368936,0.2789656,0.2505508,0.2555669,0.2357229,0.2334508,0.2332702,0.279431,0.234992,0.3023137,0.2379666,0.2309,0.233356,0.2637342,0.2459818,0.3353294,0.2398407,0.2632645,0.2564271,0.2825136,0.2305919,0.2994279,0.2413527,0.2751592,0.2329072,0.3371111,0.2613483,0.3467518,0.2513101,0.2914182,0.2377026,0.2892585,0.2557102
0.2538112,0.3119834,0.2370508,0.2360893,0.2547148,0.2481786,0.2835974,0.3164878,0.2796139,0.2316684,0.2779292,0.2378064,0.2898245,0.3136571,0.2607659,0.2764195,0.2664708,0.2706951,0.2462644,0.2377788,0.2527722,0.4046527,0.2567677,0.4023697,0.253397,0.4452932,0.2573191,0.2691473,0.2478068,0.3395888,0.2478202,0.2787394,0.2548146,0.2633957,0.2673129,0.2775903,0.2659838,0.2797758,0.2650561,0.2897646,0.260748,0.360717,0.2641565,0.2504778,0.2468199,0.237375,0.2445252,0.2285341,0.2493261,0.23187,0.2587095,0.295993,0.2636951,0.3813779,0.2714469,0.3156345,0.2692803,0.3731331,0.2800482,0.3466127,0.2488047,0.238247,0.2698198,0.2887345,0.2306099,0.2540819,0.2210575,0.2379261,0.2382534,0.2801058,0.2404585,0.2834418,0.2392608,0.245338,0.2682915,0.2848169,0.2520128,0.3104714,0.2529562,0.2635683,0.2432867,0.2763633,0.2637338,0.2732111,0.2493916,0.2561392,0.2688341,0.3570493,0.2531857,0.359271,0.2482204,0.2732443,0.2818678,0.3247755
0.2983596,0.2788875,0.2392088,0.2397465,0.2586548,0.2544024,0.3190753,0.3119718,0.2699143,0.245422,0.2400591,0.2392396,0.3572953,0.3070125,0.2568203,0.2458263,0.2934729,0.2955217,0.2581625,0.2389252,0.271114,0.2397043,0.3329495,0.2851507,0.2818589,0.2573191,0.4441445,0.4070138,0.2744531,0.2560371,0.3155462,0.2675297,0.3304214,0.3103246,0.2808941,0.2723617,0.2836843,0.2537715,0.2873145,0.283067,0.3029752,0.2680358,0.2665008,0.2603556,0.2465019,0.2492325,0.2475017,0.247474,0.2535669,0.2395009,0.4153089,0.3011855,0.30687,0.291861,0.4324922,0.3439477,0.3536403,0.2921013,0.3475536,0.3214635,0.2352233,0.2302087,0.2914924,0.2857392,0.2370335,0.2309329,0.2271796,0.2324329,0.2407736,0.229069,0.2447826,0.232371,0.2407795,0.2395767,0.4251399,0.3787392,0.2672784,0.237791,0.2403462,0.2313103,0.24099,0.2451811,0.2872988,0.2611405,0.2675753,0.2480213,0.3151914,0.2921465,0.3117193,0.2827627,0.2691818,0.2495058,0.2786417,0.2875896
0.278823,0.3098179,0.2362661,0.2348365,0.2560067,0.2598066,0.2798059,0.2973968,0.2581279,0.2342857,0.2397714,0.2505954,0.3554933,0.3475927,0.2455079,0.2455254,0.2804099,0.2788782,0.2591342,0.2435096,0.2532235,0.2488321,0.2862409,0.3339008,0.2570539,0.2691473,0.4070138,0.4510556,0.2459022,0.2634317,0.271115,0.281951,0.2892296,0.3099462,0.2647683,0.2928167,0.2721227,0.269736,0.2811784,0.2834639,0.277403,0.3051366,0.2568427,0.2662352,0.2420214,0.2470635,0.2486544,0.2479735,0.2525585,0.2392823,0.2898242,0.3883711,0.2600518,0.3184583,0.3303385,0.4123538,0.2985915,0.3500725,0.3334108,0.3702494,0.2306395,0.2248128,0.2715469,0.295314,0.2346263,0.2282781,0.2246792,0.2305807,0.2366225,0.2330485,0.2368054,0.2384668,0.2400632,0.2412324,0.3777835,0.4213664,0.2602301,0.2525152,0.2336196,0.2356519,0.2385562,0.2441322,0.2659752,0.287332,0.2549441,0.2659695,0.274722,0.3132608,0.2966963,0.3228149,0.2591648,0.2677022,0.2667184,0.2807231
0.2755603,0.2561863,0.2350926,0.2266767,0.2424199,0.2338369,0.2818174,0.2631684,0.2629863,0.2339923,0.2325109,0.2306639,0.2986478,0.2792819,0.2832203,0.2619981,0.2636512,0.2715919,0.2338468,0.2275376,0.3372151,0.2453215,0.3298137,0.2500842,0.3633021,0.2478068,0.2744531,0.2459022,0.3715788,0.2426584,0.3320206,0.2495668,0.3206755,0.2740381,0.2605809,0.2466717,0.2776877,0.2362499,0.2682303,0.2513769,0.2991856,0.2556403,0.2528678,0.2397787,0.240427,0.2309714,0.2373406,0.2246072,0.2331341,0.2256216,0.3249573,0.2464592,0.3363621,0.2497962,0.2942931,0.2549813,0.2986195,0.2534917,0.2693275,0.2585934,0.2473363,0.2406133,0.2666897,0.2552801,0.2457677,0.2309203,0.2294392,0.2272016,0.2714882,0.2314501,0.3112308,0.2359897,0.2353411,0.2342502,0.2702361,0.2532594,0.3017111,0.234725,0.2806536,0.2599799,0.2561727,0.2280188,0.2689415,0.2451038,0.2533029,0.2324208,0.2904158,0.262874,0.2824573,0.2503084,0.2657001,0.2350182,0.2774521,0.2640866
0.2392159,0.2586483,0.2308891,0.2386893,0.2431325,0.2416285,0.2573112,0.2713763,0.2519147,0.2271744,0.2488949,0.224536,0.2735859,0.302718,0.2507811,0.2751827,0.2426892,0.2481807,0.24124,0.2384428,0.2505797,0.328834,0.2549227,0.3200951,0.2486422,0.3395888,0.2560371,0.2634317,0.2426584,0.3514163,0.2471446,0.3124029,0.2603182,0.2856238,0.2449887,0.2437713,0.2510517,0.2543115,0.2453128,0.2535493,0.2504867,0.2946319,0.245148,0.2377449,0.2370194,0.2315769,0.2389026,0.2299452,0.2391952,0.2356647,0.2558811,0.303427,0.2538547,0.3170657,0.2609971,0.2789764,0.2542951,0.3024319,0.2570359,0.2824021,0.2418999,0.2391174,0.2450424,0.2505769,0.228881,0.254923,0.2197812,0.2428625,0.236077,0.2688229,0.2403595,0.2930837,0.2313827,0.241357,0.2552448,0.2634653,0.2464875,0.2717597,0.2505365,0.27982,0.2353099,0.2602936,0.2474611,0.2407132,0.238248,0.2345603,0.2535463,0.2728231,0.24797,0.2722609,0.239005,0.2466266,0.2575116,0.278505
0.271176,0.2622855,0.2323127,0.2369439,0.2449175,0.2391071,0.283088,0.2770941,0.2594857,0.2372848,0.2430641,0.2338368,0.3135367,0.2869445,0.2894134,0.2683598,0.2587177,0.2637736,0.2419835,0.2341255,0.307415,0.2421382,0.3003426,0.2548841,0.3166637,0.2478202,0.3155462,0.271115,0.3320206,0.2471446,0.3511418,0.2548331,0.3489115,0.296285,0.2556356,0.2533161,0.2634476,0.242643,0.2654183,0.260956,0.287893,0.2583796,0.2499813,0.2423694,0.235873,0.2397049,0.2351687,0.2396149,0.2390245,0.2346708,0.3333077,0.2546417,0.29008,0.2562611,0.3003959,0.2675591,0.2819545,0.2510478,0.2747659,0.2659955,0.2647539,0.2521763,0.2652164,0.2615363,0.2457145,0.2333543,0.2341896,0.2346894,0.2593367,0.231988,0.2861976,0.2364989,0.2403921,0.2399444,0.2881837,0.2668814,0.2821882,0.235301,0.3096534,0.2680181,0.2442369,0.2307972,0.2581501,0.2506724,0.2423369,0.2397629,0.274678,0.2607037,0.2534766,0.2519945,0.2495745,0.2386581,0.2733317,0.2697541
0.2394044,0.2481864,0.2278637,0.2419294,0.2423496,0.2425607,0.251949,0.2596563,0.2457559,0.2300633,0.2467535,0.2236164,0.2847688,0.3172648,0.2610092,0.2894616,0.2449856,0.2526521,0.2420048,0.2375466,0.2451409,0.2800018,0.2497762,0.2765995,0.249752,0.2787394,0.2675297,0.281951,0.2495668,0.3124029,0.2548331,0.3366469,0.2878043,0.3276161,0.2439891,0.2450706,0.2452032,0.2476317,0.2448293,0.2484294,0.2451901,0.276802,0.2426909,0.2388279,0.239246,0.2396875,0.2394278,0.2359151,0.2393599,0.237377,0.2494406,0.3154413,0.256538,0.2667666,0.2574833,0.284315,0.248765,0.275879,0.2569493,0.2711637,0.2552832,0.259558,0.2445023,0.2484445,0.2273205,0.2554013,0.2189489,0.2459227,0.2360998,0.262261,0.2423346,0.282513,0.2320301,0.2427486,0.2618729,0.270146,0.2415076,0.2518357,0.268598,0.3173834,0.2315198,0.2497606,0.2425748,0.2435152,0.2349275,0.2368421,0.2453708,0.2602117,0.2383366,0.2549332,0.2358743,0.2416248,0.2536026,0.2709916
0.2667195,0.2649683,0.2311788,0.2394888,0.2525763,0.2433632,0.293337,0.299899,0.266407,0.2384728,0.2508874,0.2332627,0.3505385,0.3415667,0.277545,0.2821228,0.2559228,0.2692311,0.2448251,0.2383998,0.2825849,0.2461093,0.292347,0.2568263,0.3029948,0.2548146,0.3304214,0.2892296,0.3206755,0.2603182,0.3489115,0.2878043,0.4135054,0.3763202,0.2589108,0.2611944,0.2510685,0.2482604,0.2627918,0.2731874,0.2745383,0.2666554,0.257373,0.2475487,0.244268,0.2435399,0.2440777,0.2415423,0.2438543,0.2394619,0.297071,0.2577147,0.2632077,0.2477743,0.3065036,0.287388,0.2748952,0.2531676,0.2825462,0.2809097,0.2417155,0.2455502,0.2716422,0.27316,0.2369892,0.2377247,0.2284104,0.2364658,0.2457558,0.2390295,0.2610527,0.2474003,0.2345929,0.2381475,0.297951,0.2863079,0.2521628,0.2415399,0.2922657,0.2797663,0.238007,0.238687,0.2560866,0.2538967,0.2411756,0.2390738,0.2706988,0.2741061,0.2454335,0.2571927,0.2410285,0.2433775,0.2800476,0.3028234
0.2437037,0.2567333,0.2292678,0.2376871,0.249159,0.2439948,0.262695,0.298357,0.2532795,0.2398702,0.2441923,0.2347545,0.3185333,0.3483833,0.2617919,0.2828846,0.2505212,0.2646663,0.242723,0.2363885,0.2528911,0.2530264,0.2597626,0.2708872,0.2671945,0.2633957,0.3103246,0.3099462,0.2740381,0.2856238,0.296285,0.3276161,0.3763202,0.3975624,0.2520204,0.2561997,0.249007,0.2496687,0.2528272,0.2690201,0.2546668,0.2673562,0.2492965,0.2465067,0.2433077,0.2456002,0.2433643,0.239736,0.2421381,0.2374684,0.2620093,0.2991082,0.2541752,0.2574507,0.2815071,0.2966907,0.2565713,0.2636268,0.2639944,0.2731277,0.2349507,0.2392739,0.261697,0.2652044,0.2334476,0.234524,0.2235153,0.2292639,0.2415262,0.2378083,0.2472313,0.2454724,0.2319472,0.2340417,0.2845591,0.2891592,0.2433169,0.2445821,0.2762091,0.2733909,0.2374696,0.2361959,0.2488964,0.248996,0.2372836,0.2375303,0.2530172,0.2668591,0.239342,0.2541198,0.2382289,0.2434005,0.2672921,0.300675
0.4250044,0.3215178,0.2877255,0.2409109,0.3449311,0.2762846,0.3950908,0.3180448,0.410551,0.289315,0.4229907,0.2476322,0.2921156,0.2805765,0.2968008,0.2846785,0.3711815,0.3790344,0.2814264,0.2525046,0.2878242,0.2555383,0.30217,0.284518,0.2716745,0.2673129,0.2808941,0.2647683,0.2605809,0.2449887,0.2556356,0.2439891,0.2589108,0.2520204,0.4413789,0.3017789,0.3571826,0.2542034,0.4354734,0.3093102,0.3402822,0.3084715,0.3915462,0.2982846,0.4168825,0.2671722,0.3232261,0.2508546,0.2935521,0.2512966,0.3193396,0.2514217,0.3074701,0.279018,0.3552643,0.3069403,0.3530627,0.3043503,0.3790458,0.3531969,0.2388052,0.2318416,0.4517399,0.3253294,0.2644038,0.2296271,0.2306835,0.2309069,0.2550139,0.2345438,0.2569555,0.237094,0.2726984,0.2605387,0.3258073,0.3074104,0.3111072,0.25462,0.2543714,0.2575766,0.2819897,0.2400109,0.4163896,0.2807589,0.3664455,0.2633302,0.3719688,0.3234997,0.3328171,0.3030261,0.3359703,0.2603941,0.4369559,0.4208079
0.3360385,0.3975868,0.2546659,0.2914683,0.3155359,0.3389739,0.3841617,0.4746936,0.3266433,0.3478114,0.3059091,0.3871179,0.2892117,0.2893192,0.2648394,0.2747939,0.3165385,0.3363075,0.2798318,0.2858092,0.2469904,0.2650598,0.2489691,0.3221024,0.2440152,0.2775903,0.2723617,0.2928167,0.2466717,0.2437713,0.2533161,0.2450706,0.2611944,0.2561997,0.3017789,0.4532054,0.2611879,0.3474914,0.289542,0.4430586,0.2796916,0.3673801,0.3166444,0.3848426,0.2888652,0.3621803,0.2709933,0.3190877,0.2761774,0.2932663,0.2685908,0.2802646,0.2471535,0.3284605,0.3116497,0.3704341,0.312484,0.3567868,0.3602524,0.4011787,0.2347091,0.244356,0.3318919,0.4433203,0.2419828,0.2595677,0.2379666,0.2661887,0.2394668,0.2561466,0.2392304,0.2491282,0.2626686,0.2959402,0.3363584,0.360882,0.2466497,0.2949094,0.24189,0.2459178,0.2461986,0.2771829,0.2893757,0.4244757,0.268696,0.3694228,0.3278317,0.3813233,0.2911207,0.3739222,0.2583801,0.3417011,0.3172406,0.3995956
0.3078476,0.2738096,0.2743509,0.2258773,0.2796368,0.2468519,0.32252,0.3084686,0.3147311,0.2430407,0.3183839,0.2448625,0.2914467,0.2792855,0.3169149,0.284011,0.3401455,0.3619927,0.2596589,0.2376356,0.3513771,0.2476251,0.3272985,0.2719993,0.2941836,0.2659838,0.2836843,0.2721227,0.2776877,0.2510517,0.2634476,0.2452032,0.2510685,0.249007,0.3571826,0.2611879,0.2511854,0.2425184,0.3798546,0.2777542,0.3640731,0.2885762,0.3009389,0.2549836,0.2982631,0.2455691,0.2699181,0.2270458,0.2665396,0.2303918,0.3151176,0.2520897,0.3267855,0.2632539,0.332301,0.2857029,0.3278157,0.2879123,0.3055762,0.2985028,0.2576929,0.2442696,0.3397552,0.2795423,0.2698089,0.2293148,0.2449231,0.2275041,0.3222994,0.2368758,0.3160009,0.2399102,0.2661167,0.246944,0.28793,0.2811395,0.4595583,0.2424181,0.2702245,0.257308,0.3193836,0.2388304,0.3554361,0.2539046,0.3608024,0.2399996,0.3241288,0.2958082,0.29236,0.2771533,0.4028677,0.2425479,0.3740269,0.3759326
0.2700908,0.354156,0.23451,0.2733462,0.2576893,0.2793606,0.3008015,0.394256,0.2758577,0.2759886,0.257451,0.2997132,0.274472,0.2860699,0.2610773,0.279674,0.2538882,0.251834,0.2503906,0.2609969,0.237742,0.2930143,0.235266,0.2974304,0.239061,0.2797758,0.2537715,0.269736,0.2362499,0.2543115,0.242643,0.2476317,0.2482604,0.2496687,0.2542034,0.3474914,0.2425184,0.3962319,0.2581777,0.3837385,0.2463881,0.3781557,0.2621472,0.2928624,0.2485858,0.2751408,0.2452745,0.2628651,0.2470751,0.258386,0.244029,0.271902,0.2410519,0.3010922,0.2600188,0.3087513,0.2571815,0.3077866,0.2882817,0.331052,0.2286886,0.241804,0.2636762,0.3467053,0.2312013,0.2725708,0.2224134,0.2576488,0.2282554,0.2892576,0.2290493,0.2862346,0.2384972,0.2615251,0.2746033,0.2861957,0.2393155,0.4195246,0.2457969,0.2581947,0.2264248,0.3250869,0.2489706,0.3452655,0.2453156,0.3385293,0.2617263,0.3204966,0.2392169,0.3257576,0.239087,0.4078138,0.2677388,0.3074468
0.4508526,0.3277722,0.2791017,0.2407863,0.3334453,0.2841767,0.3774756,0.3200299,0.3879891,0.295572,0.3944823,0.2451359,0.3020502,0.2910905,0.3088683,0.2806419,0.3297939,0.3223736,0.2889562,0.259579,0.3164749,0.2530411,0.2967359,0.2807096,0.2835784,0.2650561,0.2873145,0.2811784,0.2682303,0.2453128,0.2654183,0.2448293,0.2627918,0.2528272,0.4354734,0.289542,0.3798546,0.2581777,0.470267,0.3080277,0.3614594,0.3064159,0.3702851,0.2952462,0.3682382,0.2605469,0.310551,0.2489789,0.2894542,0.2496426,0.3091176,0.254652,0.3037058,0.2743323,0.3194846,0.2970559,0.3214227,0.2907527,0.3615019,0.3385115,0.248115,0.2435355,0.4779617,0.3156,0.2659826,0.2291865,0.2331711,0.2342954,0.2664083,0.2351583,0.2691143,0.2395435,0.2699365,0.2606471,0.3139068,0.2965774,0.385697,0.2515449,0.2655809,0.2622522,0.2760307,0.2393708,0.4194212,0.2733927,0.3673382,0.2595999,0.3408938,0.2974156,0.310381,0.2906103,0.3584089,0.2597726,0.4828603,0.394424
0.3101933,0.4245607,0.2654763,0.2782244,0.3358366,0.3248617,0.3378155,0.6638958,0.3744889,0.3430662,0.3464485,0.3030105,0.2861869,0.2818555,0.2750465,0.2928948,0.3162726,0.3548257,0.278355,0.2841578,0.2487816,0.2811212,0.2433146,0.2962997,0.2462549,0.2897646,0.283067,0.2834639,0.2513769,0.2535493,0.260956,0.2484294,0.2731874,0.2690201,0.3093102,0.4430586,0.2777542,0.3837385,0.3080277,0.5069019,0.2899348,0.3965873,0.3454093,0.3583953,0.2949311,0.3310414,0.2799401,0.2979359,0.283288,0.2900312,0.2717398,0.2688445,0.2430013,0.2929037,0.3180009,0.3449373,0.2971853,0.3289143,0.3249134,0.365946,0.2294364,0.2378561,0.3562393,0.4717934,0.2439379,0.2709898,0.2322993,0.2625418,0.2371664,0.268094,0.2376099,0.2581646,0.2581289,0.2818675,0.3266369,0.3426033,0.2525322,0.3301197,0.2517289,0.250143,0.2444078,0.2837521,0.2885243,0.3873934,0.2677439,0.3303709,0.311867,0.3642201,0.2761008,0.3551495,0.2617401,0.3254327,0.3824158,0.5272495
0.403768,0.2848724,0.2697422,0.2445442,0.2830904,0.2630813,0.4239727,0.2936105,0.3108048,0.2581172,0.297117,0.2413419,0.3138109,0.2889448,0.3048377,0.2757168,0.3139846,0.322165,0.2610974,0.2451691,0.3547545,0.2489578,0.3633718,0.2691237,0.3350476,0.260748,0.3029752,0.277403,0.2991856,0.2504867,0.287893,0.2451901,0.2745383,0.2546668,0.3402822,0.2796916,0.3640731,0.2463881,0.3614594,0.2899348,0.3969384,0.2840191,0.2994003,0.2714734,0.2961213,0.2547091,0.2682455,0.2445012,0.2607954,0.2407943,0.3390457,0.2631453,0.3251069,0.2690963,0.3645435,0.280285,0.3782295,0.2761267,0.3876459,0.3028103,0.2413088,0.233852,0.3681035,0.2966942,0.2709889,0.2363591,0.2390826,0.2371493,0.2804542,0.236671,0.2873376,0.239623,0.2581001,0.2555623,0.3155628,0.2815549,0.3657149,0.2419642,0.2674999,0.2543674,0.2940852,0.2410711,0.3371949,0.265111,0.3173513,0.2528241,0.3703822,0.2862555,0.3500756,0.2724577,0.3378269,0.2507999,0.3710557,0.3555361
0.3017757,0.4388671,0.253882,0.2657841,0.2953426,0.2914573,0.3307763,0.4295018,0.3359735,0.2830683,0.33639,0.3121556,0.3269715,0.3486555,0.3001318,0.3205843,0.3149247,0.3266275,0.2764684,0.2654445,0.2565687,0.3425725,0.256614,0.3813084,0.2582992,0.360717,0.2680358,0.3051366,0.2556403,0.2946319,0.2583796,0.276802,0.2666554,0.2673562,0.3084715,0.3673801,0.2885762,0.3781557,0.3064159,0.3965873,0.2840191,0.4366057,0.3104534,0.3081193,0.2853438,0.283397,0.2706796,0.2635806,0.2809312,0.2580083,0.2592239,0.3115515,0.2587385,0.3671831,0.2827229,0.3846234,0.2902599,0.3951784,0.3448487,0.449615,0.2516413,0.2529395,0.3110305,0.3790147,0.2428365,0.2709225,0.2287636,0.2614461,0.2463513,0.2867641,0.2459155,0.2899182,0.2577443,0.269417,0.3082413,0.3452158,0.262655,0.3556582,0.2678521,0.2865515,0.2522768,0.2928337,0.2846859,0.3542618,0.2735751,0.3185653,0.2872171,0.4107304,0.2596048,0.4013282,0.2672674,0.3365178,0.3418065,0.4262545
0.3861344,0.3427919,0.286653,0.2555633,0.4113628,0.3136416,0.3735759,0.3809662,0.5035133,0.3164307,0.4836199,0.2825176,0.286361,0.2760872,0.2978367,0.2845988,0.3621348,0.3870664,0.3196541,0.2759942,0.270967,0.2540263,0.2583933,0.2658744,0.2624469,0.2641565,0.2665008,0.2568427,0.2528678,0.245148,0.2499813,0.2426909,0.257373,0.2492965,0.3915462,0.3166444,0.3009389,0.2621472,0.3702851,0.3454093,0.2994003,0.3104534,0.456865,0.3261385,0.4084582,0.2980022,0.3341857,0.2786975,0.3234299,0.2784835,0.2907176,0.2479787,0.2708834,0.2596354,0.3205885,0.3022341,0.3183383,0.2914425,0.3587149,0.3473532,0.2352425,0.2332081,0.3779689,0.3428976,0.2540958,0.2413381,0.2348931,0.2399853,0.2428078,0.2430792,0.2417052,0.2419138,0.2811488,0.2666687,0.3098526,0.2983757,0.280051,0.2607143,0.2490609,0.2547447,0.2623172,0.2507789,0.3507879,0.2824177,0.316355,0.2644892,0.3472468,0.3237756,0.3167541,0.2962759,0.2926196,0.2594637,0.3838638,0.398798
