0.5058146,0.4037961,0.338837,0.3234455,0.3909561,0.3659932,0.5039003,0.4545625,0.3722512,0.487109,0.3407368,0.3272807,0.3549065,0.3466505,0.4166498,0.3992808,0.3461802,0.3249336,0.3616582,0.3147764,0.3713691,0.3412519,0.3681271,0.3158526,0.3729139,0.3396592,0.3526538,0.3340556,0.3435853,0.3326354,0.3369138,0.3324935,0.4632881,0.3759635,0.3831642,0.3590057,0.4729463,0.3624012,0.4472937,0.3519572,0.4499107,0.3991375,0.4374326,0.3739592,0.3501139,0.3226453,0.3432554,0.3271494,0.3934423,0.3366931,0.3623664,0.3435195,0.4255915,0.3669735,0.4450487,0.3725363,0.4741916,0.4142335,0.3336394,0.3323869,0.4722272,0.3900557,0.3413649,0.3319993,0.3186353,0.3187132,0.3322299,0.3277826,0.3346046,0.3368403,0.3447567,0.3324364,0.3971474,0.3792875,0.3845555,0.3315953,0.3442033,0.3500855,0.3378364,0.3219947,0.4573102,0.3732872,0.4136184,0.3410003,0.5124549,0.3918165,0.4356676,0.3562765,0.3929083,0.3387951,0.3950589,0.379312
0.4037961,0.6232567,0.3323311,0.3078898,0.3730199,0.4052543,0.365723,0.4007481,0.425804,0.4083464,0.3204674,0.3280844,0.3286944,0.3381348,0.3704586,0.3672209,0.3307011,0.3377375,0.3152011,0.37776,0.3344256,0.4001552,0.3282298,0.3582323,0.3448304,0.3364707,0.3374501,0.3398793,0.3344385,0.3458461,0.3318879,0.3403665,0.3696917,0.4675843,0.3465688,0.4112593,0.3712398,0.4957481,0.3380882,0.4736001,0.4098944,0.429278,0.3688179,0.4427594,0.3425926,0.3189862,0.3344787,0.3295865,0.3525187,0.3742748,0.3510914,0.3736382,0.3560817,0.4122618,0.3846514,0.4174281,0.365526,0.5072142,0.3147686,0.3241208,0.3518233,0.4762084,0.324864,0.3137386,0.3184538,0.3227935,0.3184116,0.3296623,0.3241394,0.3371054,0.3324458,0.3489993,0.3546729,0.3744116,0.3222583,0.3839617,0.3260133,0.3316773,0.3121413,0.3212801,0.3691047,0.4854643,0.3488379,0.3897669,0.386898,0.5576035,0.3651876,0.419695,0.3252231,0.3809696,0.3961723,0.4216381
0.338837,0.3323311,0.5244371,0.3147022,0.3434936,0.3312869,0.3340797,0.3467038,0.3464516,0.3364822,0.3264747,0.3261138,0.3563539,0.3361146,0.3778228,0.3620156,0.3462213,0.3282167,0.3514665,0.3325177,0.3315584,0.3347003,0.3363816,0.3304782,0.3305398,0.3099929,0.3348051,0.3246518,0.3298615,0.3264565,0.3286262,0.3344342,0.350118,0.3399824,0.3839706,0.3234433,0.3410938,0.3375545,0.3484523,0.3299573,0.3526468,0.340209,0.3459935,0.3345565,0.3841912,0.3175011,0.3548448,0.3234428,0.3307111,0.3295681,0.3277698,0.3360318,0.3406542,0.321651,0.338001,0.3282534,0.3432588,0.3283013,0.3467637,0.325897,0.3293286,0.3360407,0.4253408,0.3141912,0.3977105,0.326719,0.3705982,0.3219486,0.3588521,0.3284853,0.3740517,0.3442315,0.3259614,0.3279794,0.376555,0.3212664,0.3380601,0.3333462,0.4019041,0.3164177,0.3458692,0.3389471,0.3715089,0.3259158,0.3377737,0.3393864,0.3400412,0.333622,0.3724624,0.3267245,0.335876,0.3470021
0.3234455,0.3078898,0.3147022,0.4714901,0.3244179,0.3360347,0.3282319,0.3240278,0.3327167,0.3212862,0.3317444,0.3271367,0.3273547,0.3428867,0.3227543,0.3351628,0.3216748,0.3560866,0.3146658,0.3466988,0.3110626,0.3419733,0.3181528,0.3373058,0.331011,0.3182855,0.3241557,0.3306186,0.3267164,0.3317272,0.3295458,0.3261709,0.3253666,0.3370684,0.3168455,0.3602052,0.3234209,0.3282396,0.318699,0.3317157,0.3297647,0.3353874,0.3215895,0.3258395,0.3195505,0.3988491,0.3240187,0.376843,0.3186516,0.328578,0.3076085,0.327091,0.3360277,0.3369927,0.3230854,0.339509,0.3314908,0.3405624,0.3264931,0.3322205,0.3205238,0.3357844,0.3207178,0.4436859,0.3226024,0.398226,0.3236176,0.3583111,0.3245856,0.35365,0.3322949,0.3597324,0.3301279,0.3415301,0.3149166,0.3517493,0.330598,0.3289552,0.3195192,0.3941375,0.3215919,0.3238363,0.3153794,0.3579393,0.3257188,0.3265478,0.318073,0.3276807,0.3132643,0.3520009,0.3244556,0.3423743
0.3909561,0.3730199,0.3434936,0.3244179,0.445475,0.4051835,0.3958387,0.4348283,0.3924275,0.4485352,0.3301749,0.3212066,0.3430597,0.3328586,0.3726862,0.367511,0.4030341,0.3695259,0.3334265,0.3168458,0.3327843,0.332055,0.3284066,0.3218306,0.3369466,0.3197414,0.3298585,0.3204656,0.3298631,0.3232706,0.3295371,0.3203784,0.3823575,0.3554599,0.3538567,0.3371668,0.3710085,0.3496841,0.353143,0.3413275,0.4380179,0.3930441,0.3994246,0.3461821,0.3726785,0.3304486,0.3868003,0.3400386,0.3333544,0.3301274,0.336798,0.3212164,0.3531755,0.3388979,0.3524015,0.3489766,0.3763787,0.3708862,0.3264913,0.3325953,0.3769583,0.3652697,0.3446699,0.321757,0.3442912,0.3238965,0.3333199,0.3238314,0.3309052,0.3236476,0.3595604,0.3489043,0.3458918,0.3542988,0.3426913,0.3288379,0.3293773,0.3261337,0.3298018,0.3245007,0.3623581,0.3487102,0.34867,0.3332086,0.3613713,0.3598369,0.3492225,0.3479695,0.336579,0.3305663,0.359078,0.3595068
0.3659932,0.4052543,0.3312869,0.3360347,0.4051835,0.4723035,0.3661537,0.3886281,0.4519707,0.3897083,0.3281073,0.3302833,0.3340878,0.3352337,0.3569501,0.3734961,0.373643,0.4180698,0.331308,0.3357381,0.3325945,0.3587238,0.3301587,0.333304,0.3351449,0.3266942,0.3301183,0.3294759,0.3256376,0.3324504,0.3318719,0.3308417,0.3539595,0.3904031,0.3295711,0.3581933,0.3528145,0.3674347,0.3396972,0.3600716,0.3927564,0.438162,0.3567794,0.3846762,0.3328445,0.3574493,0.3462532,0.3822507,0.3380715,0.3393154,0.3395608,0.3381281,0.3576715,0.3602789,0.3556641,0.3680174,0.3669747,0.3971219,0.3225322,0.3251086,0.3444213,0.3752458,0.3355172,0.3188573,0.324199,0.3278354,0.3238682,0.326754,0.3258184,0.3319297,0.3393603,0.3677283,0.3486384,0.3644446,0.3307187,0.3404177,0.321692,0.3252399,0.3264135,0.3224026,0.3469568,0.3698766,0.3298916,0.3461439,0.3577043,0.3884782,0.3412281,0.3577396,0.3223757,0.3401713,0.3462042,0.3584042
0.5039003,0.365723,0.3340797,0.3282319,0.3958387,0.3661537,0.5512813,0.4192113,0.3612318,0.418231,0.3568025,0.3500259,0.3519032,0.340179,0.4044943,0.4101798,0.3573279,0.3306979,0.3510514,0.3151694,0.3812392,0.3755584,0.348913,0.3216285,0.4076961,0.3682177,0.3445092,0.3273911,0.3391607,0.3258843,0.3424398,0.3378804,0.4213824,0.3782688,0.3980901,0.3490758,0.4285119,0.3477299,0.4631773,0.3512923,0.4301858,0.395933,0.3948077,0.3283324,0.3414679,0.3313586,0.3387685,0.3243357,0.376345,0.3501725,0.3351122,0.3663625,0.488334,0.415963,0.4468299,0.4259629,0.6342745,0.5200195,0.3389629,0.3321345,0.4598465,0.4356101,0.3428321,0.316861,0.324843,0.3060771,0.3375784,0.3121707,0.3431138,0.3217474,0.344613,0.3289978,0.497631,0.4746751,0.3888243,0.325464,0.3518633,0.3347805,0.3263842,0.3137881,0.4066941,0.3513551,0.3812919,0.338449,0.448066,0.3874471,0.4005779,0.3826128,0.3741226,0.3343385,0.3490991,0.346686
0.4545625,0.4007481,0.3467038,0.3240278,0.4348283,0.3886281,0.4192113,0.4203501,0.3917701,0.5941362,0.3349666,0.3257118,0.3416525,0.331273,0.4216301,0.417495,0.3519986,0.3369212,0.3283577,0.3141624,0.3426769,0.3532484,0.3359883,0.3238555,0.3560489,0.3415671,0.3446832,0.3254532,0.3375065,0.3302315,0.3329257,0.3370377,0.4543042,0.3943928,0.3676562,0.3720321,0.4314716,0.3852064,0.3657473,0.3606158,0.4895983,0.4140899,0.4759859,0.3824313,0.3863958,0.3341291,0.3568357,0.3432312,0.3569545,0.3448289,0.3611785,0.3452987,0.3795196,0.3735227,0.393583,0.3767145,0.3988828,0.3903167,0.3296584,0.3336817,0.4226064,0.3925388,0.3344823,0.3256248,0.3282007,0.327091,0.3324793,0.3224384,0.3374548,0.327833,0.3496143,0.3349026,0.3725575,0.3858662,0.3465385,0.3324046,0.3282277,0.3286654,0.3409411,0.3200425,0.4334565,0.3893141,0.3980355,0.3626809,0.4334526,0.3938624,0.3971165,0.370316,0.3652819,0.3552887,0.386176,0.4071916
0.3722512,0.425804,0.3464516,0.3327167,0.3924275,0.4519707,0.3612318,0.3917701,0.4013065,0.4016421,0.3135584,0.3273702,0.3402343,0.3381853,0.3669427,0.3700005,0.3350548,0.3543674,0.3269844,0.3482163,0.316219,0.3484327,0.3216555,0.3397756,0.3282567,0.3095418,0.3284151,0.3343825,0.3260501,0.3405064,0.3288439,0.3251941,0.3933001,0.4510219,0.3409701,0.3484546,0.3752503,0.400833,0.3432502,0.3669773,0.4043927,0.5061823,0.3991592,0.4556868,0.3388527,0.3811826,0.3335175,0.3498029,0.3414121,0.3397839,0.3438144,0.3141203,0.3485433,0.3364774,0.3386039,0.3523204,0.335319,0.3747022,0.3284474,0.3316113,0.4023446,0.4407851,0.3323325,0.3123267,0.3279515,0.3114722,0.3245583,0.3257023,0.3270538,0.3313048,0.3309001,0.3414811,0.331797,0.3494444,0.3214494,0.3456311,0.3203775,0.324988,0.3250074,0.3333053,0.3667,0.3953771,0.339491,0.3653096,0.3346814,0.3856738,0.348829,0.3543661,0.3248464,0.3535375,0.435587,0.3976478
0.487109,0.4083464,0.3364822,0.3212862,0.4485352,0.3897083,0.418231,0.5941362,0.4016421,0.4260432,0.325459,0.3241801,0.3372948,0.3257623,0.3927693,0.3809945,0.3484845,0.3375571,0.3193971,0.3135494,0.3176014,0.3395874,0.3230243,0.3225741,0.3217576,0.3182017,0.3367954,0.3266551,0.333933,0.3343557,0.3315129,0.3408521,0.453961,0.374703,0.3646957,0.3671811,0.4335274,0.3794369,0.3662614,0.3549466,0.5296968,0.4137535,0.5420193,0.3848581,0.3986384,0.3279302,0.351754,0.3378369,0.3268825,0.3312512,0.3397145,0.3295748,0.3411383,0.3459268,0.347089,0.3593228,0.3795812,0.3690144,0.3319049,0.3386856,0.4275878,0.3732705,0.3329844,0.3161081,0.3251022,0.3138213,0.3302883,0.3196096,0.3350028,0.3251535,0.3447064,0.3291534,0.3388531,0.3538364,0.3432322,0.3371338,0.336303,0.3391503,0.3339575,0.3102176,0.4288204,0.3833781,0.3922156,0.3566805,0.410508,0.3813262,0.3571977,0.3625517,0.3608509,0.3512317,0.3548715,0.3676485
0.3407368,0.3204674,0.3264747,0.3317444,0.3301749,0.3281073,0.3568025,0.3349666,0.3135584,0.325459,0.4594802,0.4276709,0.370609,0.3732229,0.3432871,0.3554136,0.3182439,0.3219398,0.3573709,0.3372166,0.3672737,0.3621658,0.3684365,0.3451577,0.4298122,0.4122419,0.374426,0.3546791,0.3935654,0.3578574,0.4382183,0.4078804,0.3339992,0.3306326,0.3286237,0.332845,0.3405977,0.3277364,0.368897,0.3445637,0.334203,0.3294379,0.3219159,0.3099705,0.3196848,0.3226509,0.3214175,0.3288695,0.3800074,0.3566382,0.3403074,0.3549629,0.3778604,0.3820118,0.3634069,0.3582844,0.3621578,0.3468024,0.3301295,0.3271534,0.3313208,0.3335767,0.3278831,0.3404009,0.3235813,0.3380706,0.3301172,0.3419812,0.3400999,0.3516086,0.3322889,0.3354169,0.3934332,0.3891388,0.3332901,0.3337473,0.359291,0.3581697,0.3226743,0.3324024,0.3376301,0.3295915,0.3279208,0.3229059,0.3430919,0.3451668,0.3514371,0.3449496,0.3250382,0.3260881,0.3571487,0.3525972
0.3272807,0.3280844,0.3261138,0.3271367,0.3212066,0.3302833,0.3500259,0.3257118,0.3273702,0.3241801,0.4276709,0.4428119,0.3626709,0.3776584,0.3378412,0.358043,0.3125987,0.3225763,0.3301063,0.3666779,0.3521369,0.3672603,0.3415205,0.3755717,0.421589,0.4320805,0.3465747,0.3895909,0.3602053,0.3957869,0.4058799,0.4384323,0.3281414,0.3394098,0.3330966,0.3452792,0.3377644,0.3375511,0.3478962,0.3616812,0.3248153,0.3313947,0.3188202,0.319226,0.316992,0.3222537,0.3123096,0.3258694,0.3540752,0.387719,0.3327509,0.3488522,0.3649415,0.4122912,0.3413598,0.3745054,0.3621316,0.3478999,0.3328084,0.327589,0.3291673,0.3411008,0.3375426,0.339157,0.3215212,0.330244,0.3377241,0.3436564,0.3388295,0.3549878,0.3270831,0.3347585,0.4029263,0.4081073,0.3298481,0.3483585,0.3603316,0.3613742,0.3324904,0.3322707,0.3337134,0.3358516,0.3289102,0.3290587,0.3275262,0.3541951,0.3438833,0.3505671,0.3289518,0.3340289,0.3569791,0.3590938
0.3549065,0.3286944,0.3563539,0.3273547,0.3430597,0.3340878,0.3519032,0.3416525,0.3402343,0.3372948,0.370609,0.3626709,0.4562649,0.4334425,0.413859,0.394378,0.3357792,0.326197,0.3526324,0.3434804,0.3430358,0.3298146,0.3397007,0.3287157,0.3649467,0.3461204,0.3412083,0.3357447,0.3567944,0.3384083,0.356304,0.3462148,0.3443591,0.3330674,0.3471321,0.3310169,0.3461548,0.335219,0.3607993,0.3436373,0.3430202,0.3400857,0.3276295,0.3273141,0.3313671,0.3250054,0.3282908,0.3270211,0.3381299,0.3285466,0.3253293,0.3343186,0.3499063,0.340281,0.3497874,0.3402797,0.3565728,0.3383223,0.3994793,0.3858767,0.3335543,0.3350269,0.3717483,0.3362027,0.364524,0.3325142,0.3646143,0.3407451,0.3740996,0.3465403,0.3777715,0.3479697,0.3553868,0.3498089,0.3617619,0.3362174,0.4209712,0.4022623,0.346807,0.3232518,0.3417757,0.330592,0.3346938,0.3213198,0.3421828,0.3348519,0.3293943,0.3338829,0.3349606,0.3259036,0.3866839,0.3678309
0.3466505,0.3381348,0.3361146,0.3428867,0.3328586,0.3352337,0.340179,0.331273,0.3381853,0.3257623,0.3732229,0.3776584,0.4334425,0.4405662,0.3980756,0.3910737,0.3278955,0.3304218,0.3244838,0.3709591,0.332147,0.341211,0.3253999,0.3514421,0.3676378,0.3630925,0.330005,0.3617173,0.3403654,0.3635161,0.3601052,0.3674158,0.3341652,0.3332737,0.3283656,0.3372751,0.3344042,0.3389798,0.3387154,0.3602997,0.3313699,0.3387172,0.3172415,0.3274541,0.3243017,0.3306063,0.3211518,0.332071,0.335947,0.3437702,0.3173883,0.3402514,0.3424256,0.3551266,0.3377205,0.3495922,0.3443263,0.3421571,0.3685367,0.3918221,0.3222981,0.3366372,0.34218,0.3624792,0.3387825,0.3581971,0.3350638,0.3649834,0.3375212,0.3760741,0.3648168,0.3666556,0.3551371,0.3552076,0.3311673,0.3554946,0.3902485,0.4103761,0.3253087,0.3421265,0.3342275,0.3268418,0.3263688,0.3236778,0.3400022,0.3361105,0.3275458,0.3360572,0.3223708,0.3326638,0.374603,0.3636863
0.4166498,0.3704586,0.3778228,0.3227543,0.3726862,0.3569501,0.4044943,0.4216301,0.3669427,0.3927693,0.3432871,0.3378412,0.413859,0.3980756,0.5987533,0.6535105,0.3580414,0.3407155,0.3314089,0.3218189,0.3624593,0.3296416,0.3327966,0.3229791,0.3933482,0.3668796,0.3316604,0.3247103,0.3344592,0.3252096,0.3282265,0.3334484,0.4149575,0.3640018,0.4023753,0.3193211,0.4071705,0.359026,0.3733382,0.350045,0.4006633,0.3899289,0.3785359,0.3655102,0.3437244,0.3217171,0.348298,0.3372135,0.3609045,0.3271905,0.3492497,0.3321266,0.3852826,0.3513,0.4135562,0.3493629,0.4054482,0.3625975,0.344167,0.3545864,0.3769229,0.3672169,0.3643164,0.3303631,0.346431,0.3270159,0.3355627,0.3265899,0.3404105,0.3326748,0.4055314,0.3818013,0.3982294,0.3804443,0.3629526,0.3152754,0.3460279,0.3397393,0.3529454,0.3239961,0.4070885,0.3587252,0.38893,0.3268783,0.4265152,0.3588422,0.3889063,0.3345258,0.3633984,0.3230488,0.4672898,0.4384034
0.3992808,0.3672209,0.3620156,0.3351628,0.367511,0.3734961,0.4101798,0.417495,0.3700005,0.3809945,0.3554136,0.358043,0.394378,0.3910737,0.6535105,0.5946923,0.3512373,0.3389313,0.3365386,0.3217747,0.3638186,0.3593945,0.3419995,0.3294628,0.4059971,0.4129258,0.3351426,0.3298498,0.3354186,0.3258,0.3343437,0.340876,0.3952479,0.4022699,0.3815353,0.347963,0.3916273,0.3889716,0.3709022,0.3622953,0.3934804,0.4048669,0.3648886,0.3630405,0.3375713,0.3248765,0.3406604,0.3360849,0.3598596,0.3526707,0.3486926,0.3547052,0.3904932,0.3944393,0.4107399,0.3798836,0.4211235,0.3757823,0.3312553,0.336665,0.3652515,0.3975942,0.3456852,0.333073,0.3150295,0.3193445,0.3319103,0.3245812,0.3369298,0.3333495,0.3789625,0.3848588,0.435876,0.4119999,0.359033,0.323573,0.3406606,0.3311429,0.340085,0.3304711,0.3857284,0.3711869,0.3809951,0.3444512,0.4133981,0.3726564,0.3807046,0.347827,0.3633799,0.3432709,0.4585761,0.5030075
0.3461802,0.3307011,0.3462213,0.3216748,0.4030341,0.373643,0.3573279,0.3519986,0.3350548,0.3484845,0.3182439,0.3125987,0.3357792,0.3278955,0.3580414,0.3512373,0.4657638,0.412291,0.3254891,0.3141606,0.3242355,0.312764,0.3206863,0.3212723,0.3287905,0.3126664,0.3180561,0.3182442,0.319637,0.3172378,0.316154,0.3087006,0.3299713,0.3322445,0.3403369,0.3262895,0.3341734,0.3315585,0.3385534,0.3219215,0.3564256,0.3466274,0.3318773,0.3365788,0.3618275,0.3297748,0.4285241,0.3558845,0.3210504,0.3220004,0.3224615,0.3117233,0.3377002,0.3214565,0.3304255,0.3281819,0.3504688,0.332049,0.3163388,0.3241821,0.3313431,0.3360314,0.3447515,0.3147681,0.354305,0.3363437,0.3291927,0.3186073,0.3238548,0.3152004,0.371027,0.3658122,0.3298906,0.3352923,0.3394419,0.315567,0.3276381,0.3216781,0.3337778,0.3156242,0.327291,0.3307642,0.3303786,0.3235739,0.3289561,0.3329349,0.328289,0.3321034,0.3324339,0.3232471,0.323086,0.3357354
0.3249336,0.3377375,0.3282167,0.3560866,0.3695259,0.4180698,0.3306979,0.3369212,0.3543674,0.3375571,0.3219398,0.3225763,0.326197,0.3304218,0.3407155,0.3389313,0.412291,0.4669506,0.3230194,0.331759,0.3171597,0.3275188,0.3190477,0.3293639,0.3253412,0.3152654,0.3145734,0.3212262,0.3159885,0.320113,0.3233829,0.3216529,0.3243866,0.335398,0.3205476,0.3419894,0.3251704,0.3387662,0.3211741,0.332249,0.3452298,0.356574,0.3217314,0.333238,0.3220185,0.3676991,0.3509138,0.4356245,0.318556,0.3223425,0.3142943,0.3149508,0.3301841,0.3299732,0.3249976,0.3321015,0.3315906,0.3400174,0.3178253,0.3254191,0.3181522,0.3341456,0.3319266,0.342476,0.3309924,0.3692447,0.3198551,0.3314303,0.3183213,0.3279883,0.34822,0.3909953,0.3260736,0.3365411,0.3236326,0.3294725,0.3222814,0.3221781,0.330121,0.324934,0.3196941,0.3300671,0.3184415,0.3311663,0.3248324,0.3339626,0.319981,0.3342541,0.3200154,0.3320064,0.32182,0.3382134
0.3616582,0.3152011,0.3514665,0.3146658,0.3334265,0.331308,0.3510514,0.3283577,0.3269844,0.3193971,0.3573709,0.3301063,0.3526324,0.3244838,0.3314089,0.3365386,0.3254891,0.3230194,0.5034247,0.316572,0.4274236,0.3512416,0.4669968,0.3302918,0.3452807,0.340882,0.3880039,0.3355347,0.378624,0.3249501,0.3475847,0.327874,0.3404702,0.3303725,0.379012,0.3345779,0.3434046,0.3281677,0.4023551,0.3320768,0.3334456,0.3273202,0.3178126,0.3192942,0.3275937,0.3223989,0.3261421,0.3178579,0.3739599,0.339864,0.3831773,0.3521186,0.3564261,0.3364263,0.3641803,0.335004,0.3645383,0.3323997,0.3390593,0.3131787,0.3247865,0.3267773,0.3575321,0.3106678,0.3303143,0.3127601,0.3765717,0.3132796,0.4070857,0.3209376,0.3270321,0.3197083,0.3343957,0.337918,0.4251351,0.3218513,0.3458831,0.3207366,0.3797556,0.3167189,0.3516318,0.3326039,0.3537269,0.3238455,0.3576102,0.33172,0.3990845,0.3370822,0.3765072,0.3252032,0.3340772,0.3364173
0.3147764,0.37776,0.3325177,0.3466988,0.3168458,0.3357381,0.3151694,0.3141624,0.3482163,0.3135494,0.3372166,0.3666779,0.3434804,0.3709591,0.3218189,0.3217747,0.3141606,0.331759,0.316572,0.4962007,0.3345767,0.4168094,0.3237163,0.4724738,0.3461187,0.3434141,0.3345474,0.4063257,0.3362193,0.3986882,0.3495344,0.3766391,0.3247928,0.3526307,0.3237016,0.3810135,0.3223938,0.3615965,0.3217438,0.4139242,0.3198369,0.3380331,0.3138386,0.3361776,0.3240225,0.3418525,0.3170316,0.3315235,0.3362879,0.4038863,0.3371996,0.3829641,0.3372773,0.3784905,0.3233705,0.3764252,0.3278144,0.3666648,0.3264108,0.3321222,0.3157879,0.3568937,0.3285597,0.3473863,0.3195879,0.3297965,0.3204858,0.3610548,0.322263,0.3912851,0.3193507,0.3339037,0.3334556,0.3554129,0.3168084,0.4196914,0.3466237,0.3646199,0.3294336,0.3581207,0.3255804,0.3489287,0.3215636,0.3435482,0.321388,0.3724036,0.3243389,0.4006246,0.3206548,0.3577322,0.3248186,0.3313887
0.3713691,0.3344256,0.3315584,0.3110626,0.3327843,0.3325945,0.3812392,0.3426769,0.316219,0.3176014,0.3672737,0.3521369,0.3430358,0.332147,0.3624593,0.3638186,0.3242355,0.3171597,0.4274236,0.3345767,0.5615603,0.3748469,0.4682328,0.3579345,0.4343133,0.3614374,0.3923968,0.354028,0.3841019,0.3384717,0.375407,0.3589867,0.3721174,0.342716,0.3717344,0.3404943,0.3612742,0.3332688,0.4123452,0.3494017,0.3451876,0.3343885,0.3312198,0.3239823,0.3295045,0.3087282,0.3301299,0.3120771,0.4693856,0.3552861,0.5122368,0.3632061,0.4418073,0.369456,0.4690623,0.3602929,0.4264149,0.3706988,0.3281873,0.3230366,0.3434162,0.3366447,0.3322773,0.3185932,0.3149419,0.3084561,0.3367187,0.3239023,0.3419873,0.3327461,0.3258168,0.3216568,0.3935924,0.3813138,0.3659993,0.3300783,0.3391538,0.3249142,0.3443038,0.3206948,0.3864302,0.3421762,0.3688062,0.3238501,0.408502,0.3574965,0.4254913,0.3519667,0.3660185,0.3260974,0.3605903,0.35583
0.3412519,0.4001552,0.3347003,0.3419733,0.332055,0.3587238,0.3755584,0.3532484,0.3484327,0.3395874,0.3621658,0.3672603,0.3298146,0.341211,0.3296416,0.3593945,0.312764,0.3275188,0.3512416,0.4168094,0.3748469,0.6465227,0.358507,0.4763423,0.3622649,0.4133184,0.3642844,0.4048944,0.3705358,0.3796282,0.3976363,0.4137098,0.3581202,0.4546057,0.3436727,0.4728993,0.356272,0.4181611,0.3486908,0.4684934,0.3518123,0.3821619,0.334825,0.3452121,0.3236438,0.3280267,0.3150607,0.322346,0.3802211,0.493691,0.3638699,0.6464741,0.4078095,0.4786735,0.382986,0.5400685,0.4054466,0.4773511,0.3160809,0.319168,0.3449797,0.4553666,0.3253182,0.3392579,0.3136961,0.3222109,0.324877,0.3366849,0.3356982,0.3533144,0.312289,0.3323498,0.3795901,0.4587787,0.3282918,0.4170812,0.3388397,0.339191,0.321608,0.3512617,0.3650772,0.4323387,0.3403692,0.4034965,0.3577124,0.4749001,0.3694794,0.4566299,0.3263896,0.4135437,0.3359431,0.3862306
0.3681271,0.3282298,0.3363816,0.3181528,0.3284066,0.3301587,0.348913,0.3359883,0.3216555,0.3230243,0.3684365,0.3415205,0.3397007,0.3253999,0.3327966,0.3419995,0.3206863,0.3190477,0.4669968,0.3237163,0.4682328,0.358507,0.5007177,0.3431455,0.3828554,0.361063,0.4202757,0.3468641,0.3967253,0.3356204,0.36581,0.3511577,0.3415134,0.3369727,0.3416895,0.340053,0.3400939,0.3364845,0.3929888,0.3405229,0.3315878,0.32827,0.3220213,0.3184767,0.3303669,0.3175527,0.3256478,0.3170401,0.4090344,0.3541449,0.4332862,0.3713821,0.3815911,0.3572072,0.3895396,0.3471465,0.3703907,0.3370366,0.3297175,0.3202878,0.3286216,0.3347362,0.3338095,0.3160449,0.3190387,0.3103472,0.3444412,0.321706,0.3639748,0.324591,0.323362,0.3198166,0.3481643,0.3493903,0.3661493,0.3288116,0.336209,0.3268265,0.3472508,0.3233653,0.3476798,0.3358509,0.3432466,0.3241137,0.3689016,0.3386157,0.3956257,0.3357825,0.350861,0.3295778,0.3296264,0.3419436
0.3158526,0.3582323,0.3304782,0.3373058,0.3218306,0.333304,0.3216285,0.3238555,0.3397756,0.3225741,0.3451577,0.3755717,0.3287157,0.3514421,0.3229791,0.3294628,0.3212723,0.3293639,0.3302918,0.4724738,0.3579345,0.4763423,0.3431455,0.502893,0.3615815,0.367891,0.3449207,0.4412624,0.3524304,0.408661,0.3656066,0.3921977,0.3277316,0.3679374,0.336119,0.3784636,0.3286259,0.3610941,0.3306219,0.4172747,0.3208002,0.3405627,0.3222648,0.3425989,0.3296529,0.3349054,0.3240956,0.3223614,0.3495175,0.420018,0.3548198,0.452286,0.3678065,0.3984685,0.3381441,0.4077456,0.340233,0.3744357,0.3196808,0.3224751,0.3182593,0.3732756,0.321744,0.3361165,0.3145935,0.3233914,0.3208126,0.3481356,0.3235533,0.3750923,0.3157229,0.3282092,0.348893,0.3818139,0.3238021,0.3880844,0.337124,0.3503265,0.3309396,0.3535532,0.3332366,0.3638864,0.330531,0.3520612,0.3252302,0.3789974,0.3399378,0.4133033,0.329481,0.3616734,0.3226541,0.3393211
0.3729139,0.3448304,0.3305398,0.331011,0.3369466,0.3351449,0.4076961,0.3560489,0.3282567,0.3217576,0.4298122,0.421589,0.3649467,0.3676378,0.3933482,0.4059971,0.3287905,0.3253412,0.3452807,0.3461187,0.4343133,0.3622649,0.3828554,0.3615815,0.5679768,0.4922546,0.3852693,0.3707004,0.3894029,0.374225,0.4127457,0.41476,0.3794019,0.3511365,0.3439692,0.3386785,0.3871685,0.3403223,0.3984579,0.3591167,0.3517134,0.3477342,0.3306517,0.3212654,0.3268823,0.3291124,0.3257045,0.3314595,0.4946465,0.372658,0.3916514,0.3601164,0.5015581,0.4366825,0.4566784,0.3863061,0.4405012,0.4000166,0.3296062,0.3246496,0.3646429,0.3552453,0.3372378,0.3383246,0.3175544,0.3363476,0.3339622,0.3389907,0.3361219,0.3462809,0.3345389,0.3363129,0.5204462,0.4977469,0.344848,0.3328376,0.3541691,0.3404315,0.3332976,0.3330288,0.3921504,0.3422101,0.3713777,0.3237755,0.3980391,0.3763065,0.4310504,0.3626113,0.3553033,0.3244914,0.4170784,0.4034613
0.3396592,0.3364707,0.3099929,0.3182855,0.3197414,0.3266942,0.3682177,0.3415671,0.3095418,0.3182017,0.4122419,0.4320805,0.3461204,0.3630925,0.3668796,0.4129258,0.3126664,0.3152654,0.340882,0.3434141,0.3614374,0.4133184,0.361063,0.367891,0.4922546,0.5440899,0.3442862,0.3747864,0.3552931,0.3758044,0.3982905,0.4309247,0.3373489,0.3621721,0.3195423,0.3425388,0.3521393,0.3668533,0.3550336,0.3788024,0.3296376,0.3386687,0.3156135,0.3155289,0.3191817,0.317168,0.3150186,0.3209861,0.3701213,0.4400541,0.3480307,0.3948461,0.3981876,0.5014697,0.3653816,0.407261,0.399974,0.3630615,0.3162206,0.3142332,0.343532,0.3708023,0.3221023,0.3263321,0.305231,0.3187841,0.3218227,0.3325284,0.3274884,0.3428721,0.3169752,0.3280637,0.4794391,0.4992203,0.3256716,0.3308941,0.3407867,0.336749,0.3178708,0.3268986,0.3456236,0.3495011,0.3338287,0.3333327,0.3515718,0.3719712,0.3753528,0.3607234,0.3304136,0.3321018,0.3998325,0.4114014
0.3526538,0.3374501,0.3348051,0.3241557,0.3298585,0.3301183,0.3445092,0.3446832,0.3284151,0.3367954,0.374426,0.3465747,0.3412083,0.330005,0.3316604,0.3351426,0.3180561,0.3145734,0.3880039,0.3345474,0.3923968,0.3642844,0.4202757,0.3449207,0.3852693,0.3442862,0.43761,0.3413906,0.4084775,0.3534394,0.3779123,0.3635429,0.3412183,0.3459361,0.3356963,0.3392888,0.3423763,0.3372523,0.3677831,0.342213,0.3348041,0.3343253,0.33065,0.3329085,0.33206,0.328733,0.3250265,0.3207558,0.4232057,0.3527225,0.411995,0.3514046,0.3852926,0.3517092,0.3895341,0.3453695,0.3612485,0.3462886,0.3338366,0.3179913,0.3304276,0.3424959,0.3323057,0.3188678,0.3225224,0.320033,0.3445053,0.3213994,0.3721146,0.3273835,0.3239778,0.3196483,0.3577873,0.3507592,0.3506918,0.3295984,0.3479481,0.3375159,0.3359015,0.3229495,0.3457354,0.342648,0.338707,0.3301601,0.3598658,0.3503841,0.3519602,0.3357168,0.3385446,0.3298225,0.3322201,0.3372548
0.3340556,0.3398793,0.3246518,0.3306186,0.3204656,0.3294759,0.3273911,0.3254532,0.3343825,0.3266551,0.3546791,0.3895909,0.3357447,0.3617173,0.3247103,0.3298498,0.3182442,0.3212262,0.3355347,0.4063257,0.354028,0.4048944,0.3468641,0.4412624,0.3707004,0.3747864,0.3413906,0.45668,0.3573767,0.4258535,0.3687727,0.3994982,0.332303,0.3450913,0.337934,0.3459475,0.3336548,0.3435948,0.3347575,0.3797939,0.3213819,0.3336725,0.3247648,0.3350789,0.3246805,0.3244429,0.3211755,0.317248,0.3554289,0.414506,0.3436309,0.4053408,0.3637179,0.3889842,0.3366935,0.4001719,0.3376748,0.3451337,0.3281414,0.3401762,0.3287611,0.3454274,0.3311735,0.3446284,0.3236656,0.3321762,0.3331109,0.3635103,0.3379435,0.398926,0.3264425,0.331006,0.3545724,0.3710545,0.325397,0.3613609,0.3439433,0.3645324,0.3315123,0.3465436,0.3358813,0.3441167,0.3287436,0.3363725,0.3345289,0.356681,0.3433316,0.3718902,0.324718,0.3436225,0.3315954,0.3449319
0.3435853,0.3344385,0.3298615,0.3267164,0.3298631,0.3256376,0.3391607,0.3375065,0.3260501,0.333933,0.3935654,0.3602053,0.3567944,0.3403654,0.3344592,0.3354186,0.319637,0.3159885,0.378624,0.3362193,0.3841019,0.3705358,0.3967253,0.3524304,0.3894029,0.3552931,0.4084775,0.3573767,0.4219487,0.3577466,0.4052035,0.3723957,0.3369195,0.3401928,0.3254601,0.3380713,0.3379469,0.3364965,0.3637563,0.3436927,0.3323442,0.3293447,0.3291276,0.3248468,0.3301809,0.3241785,0.3266971,0.3203233,0.4033799,0.3545017,0.3656661,0.3628062,0.3806244,0.3535889,0.3682423,0.3506215,0.3483113,0.3409836,0.3440541,0.328798,0.3292677,0.3372394,0.3346716,0.3252657,0.3267061,0.3232271,0.3441245,0.3300253,0.3678142,0.3364265,0.3286436,0.3214399,0.3601068,0.3531406,0.3429304,0.3345683,0.3786962,0.3478624,0.3338633,0.3269309,0.3402108,0.3394659,0.3331205,0.3282497,0.3452477,0.3470197,0.3457938,0.3379328,0.3279782,0.330989,0.3301848,0.3411821
0.3326354,0.3458461,0.3264565,0.3317272,0.3232706,0.3324504,0.3258843,0.3302315,0.3405064,0.3343557,0.3578574,0.3957869,0.3384083,0.3635161,0.3252096,0.3258,0.3172378,0.320113,0.3249501,0.3986882,0.3384717,0.3796282,0.3356204,0.408661,0.374225,0.3758044,0.3534394,0.4258535,0.3577466,0.4382626,0.3721926,0.4138128,0.3305191,0.3461197,0.3268509,0.3442878,0.3311319,0.3447169,0.3274751,0.3750602,0.3262927,0.3357147,0.3270078,0.3357353,0.3259052,0.3252911,0.3221532,0.3198783,0.3573587,0.4148325,0.3458126,0.3486355,0.3550867,0.3896139,0.3350758,0.373636,0.3360895,0.3408863,0.3330809,0.3413123,0.3241347,0.3417916,0.3307941,0.3439479,0.3256399,0.3334773,0.3297295,0.3607587,0.3349234,0.3882963,0.3275737,0.3300904,0.3543446,0.3647479,0.3202178,0.364172,0.3472989,0.3821885,0.3281493,0.3494599,0.3343321,0.3444654,0.3272738,0.3352164,0.3376723,0.3584633,0.3379548,0.3535209,0.321401,0.3412769,0.3327201,0.3424804
0.3369138,0.3318879,0.3286262,0.3295458,0.3295371,0.3318719,0.3424398,0.3329257,0.3288439,0.3315129,0.4382183,0.4058799,0.356304,0.3601052,0.3282265,0.3343437,0.316154,0.3233829,0.3475847,0.3495344,0.375407,0.3976363,0.36581,0.3656066,0.4127457,0.3982905,0.3779123,0.3687727,0.4052035,0.3721926,0.4667605,0.4357917,0.3315268,0.3421696,0.3144546,0.3338338,0.3373184,0.3370711,0.3501319,0.3561744,0.3341163,0.334267,0.3264027,0.3223026,0.3219371,0.3257801,0.317632,0.3281664,0.3789855,0.3684567,0.3471144,0.3773498,0.3742791,0.3807482,0.3524447,0.3666357,0.3536974,0.3484437,0.3259666,0.3276398,0.3288938,0.3421836,0.3235972,0.3300787,0.3248787,0.3320261,0.3242045,0.3353662,0.3309918,0.3460738,0.3288273,0.3284416,0.3802938,0.3822531,0.328365,0.3385978,0.3649964,0.3633277,0.3236628,0.3275803,0.3368669,0.3425446,0.3295044,0.3288619,0.3329021,0.3514027,0.3428214,0.3548182,0.3233268,0.3313155,0.334557,0.3389534
0.3324935,0.3403665,0.3344342,0.3261709,0.3203784,0.3308417,0.3378804,0.3370377,0.3251941,0.3408521,0.4078804,0.4384323,0.3462148,0.3674158,0.3334484,0.340876,0.3087006,0.3216529,0.327874,0.3766391,0.3589867,0.4137098,0.3511577,0.3921977,0.41476,0.4309247,0.3635429,0.3994982,0.3723957,0.4138128,0.4357917,0.4743516,0.3340946,0.3522808,0.3236276,0.3411178,0.33722,0.3409582,0.3366688,0.3735258,0.3305189,0.3356324,0.328666,0.3290315,0.3220496,0.3257735,0.3108396,0.3263526,0.3682504,0.4139439,0.3507333,0.3872325,0.3657693,0.4302523,0.3463207,0.3846107,0.3559103,0.3457116,0.326925,0.3287754,0.3292326,0.3494775,0.3274444,0.3299707,0.3212621,0.3280585,0.3275803,0.3380052,0.3293542,0.3516803,0.3246183,0.3301786,0.3796408,0.3956576,0.3217208,0.347729,0.356665,0.3675586,0.3260275,0.3312258,0.3420533,0.3469758,0.3310723,0.3345875,0.3420641,0.3665705,0.3457309,0.3502606,0.3227711,0.3370319,0.3382871,0.3463331
0.4632881,0.3696917,0.350118,0.3253666,0.3823575,0.3539595,0.4213824,0.4543042,0.3933001,0.453961,0.3339992,0.3281414,0.3443591,0.3341652,0.4149575,0.3952479,0.3299713,0.3243866,0.3404702,0.3247928,0.3721174,0.3581202,0.3415134,0.3277316,0.3794019,0.3373489,0.3412183,0.332303,0.3369195,0.3305191,0.3315268,0.3340946,0.4835767,0.3699416,0.4076513,0.365546,0.4704636,0.3552329,0.3946487,0.3525258,0.451207,0.3915086,0.4561965,0.3536168,0.3572524,0.3267681,0.3326518,0.3325685,0.3827462,0.3376831,0.3639034,0.3471503,0.4061598,0.363866,0.4186504,0.3776524,0.4124849,0.3954529,0.3343248,0.330701,0.4767551,0.3787786,0.3389392,0.3292689,0.3284957,0.3223265,0.3369066,0.3261182,0.3404658,0.3342856,0.3474574,0.3296044,0.3826677,0.3854437,0.3558606,0.3388015,0.3407368,0.3380343,0.342199,0.329405,0.4678436,0.3662443,0.4170158,0.3452538,0.4527129,0.382606,0.4136722,0.3639928,0.3752636,0.3469634,0.4548592,0.3879781
0.3759635,0.4675843,0.3399824,0.3370684,0.3554599,0.3904031,0.3782688,0.3943928,0.4510219,0.374703,0.3306326,0.3394098,0.3330674,0.3332737,0.3640018,0.4022699,0.3322445,0.335398,0.3303725,0.3526307,0.342716,0.4546057,0.3369727,0.3679374,0.3511365,0.3621721,0.3459361,0.3450913,0.3401928,0.3461197,0.3421696,0.3522808,0.3699416,0.5025676,0.3382053,0.4424462,0.3735744,0.4771217,0.3450881,0.4230022,0.3770993,0.4458535,0.3586841,0.4350991,0.3361609,0.3464484,0.3296138,0.3345832,0.351909,0.3893704,0.3548588,0.4080771,0.3870284,0.4189034,0.3792825,0.4317211,0.3895188,0.4421755,0.3190599,0.3218315,0.3751229,0.5004517,0.3298577,0.3206542,0.3237141,0.3212951,0.3312142,0.3268234,0.337672,0.3327409,0.3272367,0.3465934,0.3756962,0.4163537,0.3229614,0.3758308,0.3238926,0.3269287,0.3233711,0.3386807,0.3684751,0.4711215,0.3422974,0.4159554,0.3695115,0.4754211,0.3618583,0.4181949,0.3291405,0.4057693,0.3927565,0.4653555
0.3831642,0.3465688,0.3839706,0.3168455,0.3538567,0.3295711,0.3980901,0.3676562,0.3409701,0.3646957,0.3286237,0.3330966,0.3471321,0.3283656,0.4023753,0.3815353,0.3403369,0.3205476,0.379012,0.3237016,0.3717344,0.3436727,0.3416895,0.336119,0.3439692,0.3195423,0.3356963,0.337934,0.3254601,0.3268509,0.3144546,0.3236276,0.4076513,0.3382053,0.4674394,0.355416,0.4402515,0.3264435,0.4033577,0.3354079,0.3751088,0.3421828,0.373614,0.3296342,0.3440229,0.3183616,0.3472045,0.3147625,0.3434789,0.3328472,0.348249,0.3437753,0.3638293,0.3391578,0.3797697,0.3498207,0.3905455,0.3617552,0.3459329,0.3384911,0.4150575,0.3373962,0.3630579,0.319479,0.3496476,0.3223528,0.3959529,0.3261853,0.3873472,0.3325128,0.3638417,0.338364,0.3508218,0.3508141,0.4655971,0.3291681,0.334341,0.3262723,0.4055038,0.3242338,0.4163746,0.3418158,0.4214121,0.3303775,0.3732042,0.3609347,0.3563366,0.3344363,0.4427858,0.3329437,0.4343928,0.3475868
0.3590057,0.4112593,0.3234433,0.3602052,0.3371668,0.3581933,0.3490758,0.3720321,0.3484546,0.3671811,0.332845,0.3452792,0.3310169,0.3372751,0.3193211,0.347963,0.3262895,0.3419894,0.3345779,0.3810135,0.3404943,0.4728993,0.340053,0.3784636,0.3386785,0.3425388,0.3392888,0.3459475,0.3380713,0.3442878,0.3338338,0.3411178,0.365546,0.4424462,0.355416,0.4990431,0.3564064,0.4386962,0.3305073,0.4504239,0.3691213,0.370131,0.3654093,0.3614548,0.324595,0.3412979,0.3254003,0.3419805,0.3370065,0.3849739,0.3411598,0.4263387,0.3763348,0.4127174,0.3625239,0.4343123,0.3751387,0.4296303,0.321742,0.3195211,0.3601037,0.4165761,0.3294801,0.3603013,0.3178624,0.334543,0.3316302,0.3536476,0.3381496,0.3408568,0.3218223,0.3396389,0.3569934,0.4118845,0.3282032,0.4980081,0.3388535,0.3507497,0.3314528,0.3913682,0.363611,0.4542219,0.3434166,0.4604325,0.3603043,0.4764563,0.3665963,0.4573002,0.3359548,0.5184945,0.3342407,0.4054651
0.4729463,0.3712398,0.3410938,0.3234209,0.3710085,0.3528145,0.4285119,0.4314716,0.3752503,0.4335274,0.3405977,0.3377644,0.3461548,0.3344042,0.4071705,0.3916273,0.3341734,0.3251704,0.3434046,0.3223938,0.3612742,0.356272,0.3400939,0.3286259,0.3871685,0.3521393,0.3423763,0.3336548,0.3379469,0.3311319,0.3373184,0.33722,0.4704636,0.3735744,0.4402515,0.3564064,0.4963179,0.3606436,0.418342,0.3532132,0.4227065,0.3858919,0.4166752,0.3587733,0.3478713,0.3202373,0.3356499,0.3278982,0.3725773,0.3300933,0.351882,0.346898,0.3969162,0.3625117,0.4019198,0.3734244,0.4060962,0.3985964,0.3287727,0.3198157,0.5004924,0.3857645,0.340632,0.3277986,0.3258629,0.321517,0.3410939,0.323094,0.3395648,0.3354182,0.3436477,0.3331313,0.3933433,0.3872097,0.3849533,0.3307571,0.3427963,0.3378548,0.3433397,0.3272206,0.4648658,0.3687352,0.415033,0.3422339,0.4240643,0.3835746,0.4041566,0.3583384,0.3935802,0.3411061,0.4941881,0.3993991
0.3624012,0.4957481,0.3375545,0.3282396,0.3496841,0.3674347,0.3477299,0.3852064,0.400833,0.3794369,0.3277364,0.3375511,0.335219,0.3389798,0.359026,0.3889716,0.3315585,0.3387662,0.3281677,0.3615965,0.3332688,0.4181611,0.3364845,0.3610941,0.3403223,0.3668533,0.3372523,0.3435948,0.3364965,0.3447169,0.3370711,0.3409582,0.3552329,0.4771217,0.3264435,0.4386962,0.3606436,0.5292194,0.3364639,0.4321858,0.3701343,0.4031125,0.3547184,0.4028801,0.3379355,0.3306278,0.3258623,0.3337689,0.335039,0.3754482,0.3385444,0.3952315,0.3583506,0.3824107,0.3592936,0.3915384,0.3579111,0.3974169,0.3173829,0.3256909,0.3564551,0.4928454,0.3273835,0.3244788,0.3193413,0.3302768,0.3275527,0.3327599,0.3339844,0.3347682,0.3267489,0.3445369,0.3606814,0.3808976,0.3213901,0.392571,0.3313929,0.3337269,0.3198746,0.3332004,0.3487573,0.4627674,0.3321777,0.4046586,0.3568632,0.4282574,0.3358832,0.4053358,0.317518,0.4081998,0.4084129,0.5169343
0.4472937,0.3380882,0.3484523,0.318699,0.353143,0.3396972,0.4631773,0.3657473,0.3432502,0.3662614,0.368897,0.3478962,0.3607993,0.3387154,0.3733382,0.3709022,0.3385534,0.3211741,0.4023551,0.3217438,0.4123452,0.3486908,0.3929888,0.3306219,0.3984579,0.3550336,0.3677831,0.3347575,0.3637563,0.3274751,0.3501319,0.3366688,0.3946487,0.3450881,0.4033577,0.3305073,0.418342,0.3364639,0.4544754,0.3384894,0.3712466,0.3505706,0.3602229,0.3323684,0.3375948,0.3194508,0.3356011,0.3176401,0.4002723,0.3368109,0.3865842,0.3509823,0.4128958,0.3580531,0.425796,0.3576955,0.4395921,0.388954,0.3344146,0.3155068,0.4101787,0.3594262,0.3510125,0.3229469,0.3248455,0.3156288,0.3562126,0.318614,0.3590637,0.3278236,0.3343798,0.3260727,0.4022229,0.3809927,0.4152199,0.3208633,0.3469307,0.3289556,0.3625185,0.3180056,0.3992597,0.3371062,0.3815514,0.326789,0.4064557,0.3538365,0.423314,0.349196,0.3913505,0.3242024,0.4096882,0.3718445
0.3519572,0.4736001,0.3299573,0.3317157,0.3413275,0.3600716,0.3512923,0.3606158,0.3669773,0.3549466,0.3445637,0.3616812,0.3436373,0.3602997,0.350045,0.3622953,0.3219215,0.332249,0.3320768,0.4139242,0.3494017,0.4684934,0.3405229,0.4172747,0.3591167,0.3788024,0.342213,0.3797939,0.3436927,0.3750602,0.3561744,0.3735258,0.3525258,0.4230022,0.3354079,0.4504239,0.3532132,0.4321858,0.3384894,0.4527733,0.3591593,0.3759364,0.3382058,0.3688551,0.3275932,0.3277282,0.3219793,0.328638,0.3465295,0.4042338,0.3538366,0.4251954,0.3672481,0.4148535,0.3598235,0.4275408,0.359875,0.4387281,0.3246633,0.328288,0.3423599,0.4272726,0.3247998,0.3387751,0.3171923,0.3259074,0.3197034,0.345899,0.3261642,0.3558068,0.3229097,0.3367824,0.3650816,0.398084,0.321163,0.418227,0.3408903,0.3538126,0.3183849,0.3530191,0.3536053,0.4213867,0.3386966,0.3859831,0.3519447,0.4601676,0.3579501,0.4379297,0.3246675,0.3994981,0.3872538,0.4058261
0.4499107,0.4098944,0.3526468,0.3297647,0.4380179,0.3927564,0.4301858,0.4895983,0.4043927,0.5296968,0.334203,0.3248153,0.3430202,0.3313699,0.4006633,0.3934804,0.3564256,0.3452298,0.3334456,0.3198369,0.3451876,0.3518123,0.3315878,0.3208002,0.3517134,0.3296376,0.3348041,0.3213819,0.3323442,0.3262927,0.3341163,0.3305189,0.451207,0.3770993,0.3751088,0.3691213,0.4227065,0.3701343,0.3712466,0.3591593,0.486949,0.4168994,0.4682493,0.3549062,0.3687512,0.330461,0.3514838,0.3406513,0.352494,0.3374475,0.3541614,0.332694,0.3813635,0.3642812,0.3930643,0.3774671,0.4125316,0.4048781,0.3280675,0.3318937,0.4377324,0.3878403,0.3447205,0.3320967,0.3359365,0.3266111,0.3357105,0.3291308,0.3383187,0.3317544,0.3552983,0.3413453,0.3702774,0.3835364,0.3446448,0.3435575,0.3335656,0.3323849,0.3360573,0.3290285,0.4161959,0.3743591,0.3821724,0.3498389,0.4229984,0.3973737,0.3835726,0.3710929,0.352569,0.3498264,0.4005058,0.383235
0.3991375,0.429278,0.340209,0.3353874,0.3930441,0.438162,0.395933,0.4140899,0.5061823,0.4137535,0.3294379,0.3313947,0.3400857,0.3387172,0.3899289,0.4048669,0.3466274,0.356574,0.3273202,0.3380331,0.3343885,0.3821619,0.32827,0.3405627,0.3477342,0.3386687,0.3343253,0.3336725,0.3293447,0.3357147,0.334267,0.3356324,0.3915086,0.4458535,0.3421828,0.370131,0.3858919,0.4031125,0.3505706,0.3759364,0.4168994,0.4709419,0.385504,0.4289198,0.3410646,0.3495261,0.3399873,0.3455075,0.3476667,0.3538055,0.3507988,0.35671,0.37527,0.3788511,0.3757959,0.3944471,0.3870082,0.4186882,0.3237943,0.3260543,0.3964801,0.4425134,0.3348379,0.3222249,0.3267108,0.3186577,0.3279747,0.3290571,0.331657,0.3364681,0.3384842,0.3505268,0.3666171,0.3880232,0.3272236,0.3457714,0.3240248,0.323631,0.3255543,0.3312179,0.3759967,0.4018815,0.3468181,0.3636253,0.3825876,0.4141919,0.3634202,0.3742214,0.3295416,0.3567039,0.3935173,0.4101258
0.4374326,0.3688179,0.3459935,0.3215895,0.3994246,0.3567794,0.3948077,0.4759859,0.3991592,0.5420193,0.3219159,0.3188202,0.3276295,0.3172415,0.3785359,0.3648886,0.3318773,0.3217314,0.3178126,0.3138386,0.3312198,0.334825,0.3220213,0.3222648,0.3306517,0.3156135,0.33065,0.3247648,0.3291276,0.3270078,0.3264027,0.328666,0.4561965,0.3586841,0.373614,0.3654093,0.4166752,0.3547184,0.3602229,0.3382058,0.4682493,0.385504,0.5102117,0.3689389,0.3856361,0.3283071,0.3392136,0.3301601,0.338597,0.3292688,0.3414339,0.3295382,0.3510416,0.3359546,0.3589813,0.3486594,0.3661705,0.3547993,0.3273856,0.3283678,0.4298085,0.3549239,0.3223245,0.3152174,0.3238487,0.3113942,0.3289232,0.3183748,0.3319405,0.321615,0.3392873,0.3224089,0.3396955,0.3465361,0.3342189,0.3346959,0.3287374,0.329468,0.3310412,0.3218312,0.4250772,0.3685575,0.3990986,0.3490258,0.4019969,0.3631147,0.3710316,0.3520966,0.3577623,0.3485271,0.3709605,0.3528676
