0.4524992,0.3117545,0.2326803,0.2236228,0.3014405,0.2843226,0.4629724,0.3655579,0.2834172,0.4118012,0.2534795,0.2387741,0.2854806,0.2668031,0.3546515,0.3204436,0.239937,0.231661,0.2801022,0.2347396,0.2956932,0.2543088,0.2813103,0.226262,0.2842897,0.2620404,0.2439076,0.2290981,0.2394286,0.228227,0.2335866,0.2243565,0.3937088,0.2900711,0.2847818,0.2946395,0.3990201,0.2863455,0.389482,0.2708651,0.3800694,0.326627,0.3635995,0.2908957,0.2443175,0.2243638,0.2361441,0.2298397,0.3178429,0.2416183,0.2888002,0.2546594,0.3556335,0.2844175,0.3833434,0.290612,0.4208099,0.354005,0.2293666,0.219845,0.4182397,0.3189359,0.2368248,0.2248144,0.2419771,0.2303954,0.2296598,0.2218797,0.2285972,0.2243561,0.2660638,0.2559219,0.3340116,0.302703,0.3005347,0.2392052,0.2285367,0.2404547,0.241863,0.2158189,0.3759074,0.2873212,0.3192107,0.2593145,0.4551206,0.3030477,0.3718489,0.2915703,0.3019731,0.2557051,0.3235561,0.2882093
0.3117545,0.5998284,0.2168448,0.2476159,0.2644163,0.3047251,0.3106683,0.2928307,0.3288701,0.2951594,0.2354597,0.2356529,0.2206055,0.2401151,0.2738296,0.2526713,0.2263972,0.2483273,0.2252846,0.287734,0.2331579,0.314875,0.2259909,0.2745014,0.2816339,0.2575637,0.2444863,0.245026,0.2548144,0.2410192,0.2401148,0.2431759,0.2773413,0.3971933,0.2537715,0.3408503,0.283526,0.4515176,0.2580369,0.4155097,0.3190509,0.3430107,0.2815289,0.3796417,0.2237155,0.2320942,0.218704,0.2467006,0.2702282,0.2668962,0.2456425,0.2998816,0.2623634,0.3230867,0.2916685,0.327878,0.2738764,0.4833282,0.21825,0.222509,0.2759187,0.4217563,0.2208695,0.2501144,0.2207165,0.2569377,0.2193532,0.2415196,0.229742,0.2393158,0.238361,0.2691278,0.283397,0.2950621,0.2239234,0.3024714,0.2164464,0.2127009,0.2150312,0.2392768,0.2699589,0.420271,0.2448501,0.3128727,0.2905698,0.506547,0.2744429,0.3368284,0.2295977,0.3011536,0.3260304,0.3431653
0.2326803,0.2168448,0.4723138,0.2122303,0.2437322,0.219652,0.2357479,0.2404909,0.2234026,0.2189792,0.2163803,0.2151606,0.2518928,0.227503,0.2841612,0.2541008,0.2618951,0.2247348,0.2418213,0.2167063,0.2241238,0.2145004,0.2207719,0.2150891,0.2239697,0.2154661,0.2200049,0.2125859,0.2185563,0.2139686,0.2087731,0.2125581,0.2541645,0.2130239,0.320628,0.212672,0.2428347,0.2120714,0.2467805,0.2167561,0.2452511,0.2220005,0.2533637,0.2150545,0.308579,0.2087223,0.2730482,0.2139367,0.2237615,0.2162552,0.2205354,0.2140273,0.2241081,0.2148074,0.2335872,0.2111907,0.2318958,0.223841,0.2391647,0.2259097,0.2430862,0.2124183,0.3443304,0.2129356,0.3246088,0.2170109,0.2808979,0.2115909,0.2526562,0.2110658,0.2894792,0.2365308,0.2262928,0.2199865,0.2859083,0.2154356,0.2198873,0.2117817,0.3081963,0.2075216,0.2463308,0.2132552,0.2907357,0.2139718,0.234262,0.2155509,0.231114,0.2105523,0.2896536,0.2139921,0.2459247,0.2218915
0.2236228,0.2476159,0.2122303,0.4282548,0.2229179,0.248135,0.2295928,0.2274195,0.2467044,0.2309062,0.2318926,0.2351015,0.2342024,0.2557162,0.2549419,0.2556293,0.2324478,0.2812011,0.2181543,0.2563298,0.216138,0.2354376,0.2199106,0.2441382,0.2282641,0.2261669,0.2235482,0.2421528,0.2281523,0.2362312,0.2297531,0.2279855,0.2187275,0.2436299,0.2101475,0.2503465,0.2162082,0.2345672,0.2180021,0.2407669,0.2252842,0.2462349,0.2209982,0.2494172,0.2202045,0.3238803,0.2264362,0.3009686,0.2237014,0.2356611,0.2223989,0.2369053,0.2251329,0.2351279,0.2227518,0.2421649,0.2221199,0.2478817,0.2279373,0.2429109,0.2171761,0.242653,0.2149369,0.3949198,0.2264592,0.3438544,0.2167384,0.2859066,0.2224733,0.2712247,0.2465428,0.2935402,0.2267251,0.2373616,0.2154898,0.2595934,0.2163829,0.2223258,0.2107081,0.3245255,0.2185435,0.2356987,0.2143857,0.2777797,0.2245537,0.2367197,0.2194528,0.2392651,0.2098442,0.260134,0.2165882,0.2300943
0.3014405,0.2644163,0.2437322,0.2229179,0.3764025,0.3310598,0.2981414,0.3619698,0.3136749,0.3738623,0.2280366,0.2283705,0.2412419,0.2359645,0.2860259,0.2861153,0.3258168,0.2889131,0.2359355,0.225618,0.2310216,0.2256567,0.2259963,0.2276603,0.2384992,0.2334417,0.2211074,0.2246275,0.2212597,0.2207951,0.2192136,0.2175679,0.3005958,0.2633519,0.2560323,0.2380443,0.289805,0.2589848,0.2606107,0.2419259,0.3677056,0.3150892,0.3215828,0.2582076,0.2893512,0.2338683,0.3033417,0.2497254,0.2355173,0.2273422,0.2327064,0.2231151,0.2570387,0.2446204,0.2577149,0.2397975,0.2793288,0.2722639,0.220351,0.2249185,0.299987,0.2682151,0.2372806,0.2214336,0.2531288,0.2261641,0.2324797,0.2229032,0.2295727,0.218615,0.2776933,0.2696103,0.2571632,0.2562203,0.2465739,0.2338954,0.2184933,0.2162719,0.2221241,0.2200487,0.2693129,0.2486677,0.2532424,0.2378792,0.2715066,0.2465594,0.2521349,0.2375583,0.2409976,0.2332506,0.2790774,0.2690957
0.2843226,0.3047251,0.219652,0.248135,0.3310598,0.4047797,0.2793246,0.3057518,0.392552,0.3037922,0.2314278,0.2328953,0.2405408,0.2448606,0.2782116,0.295173,0.2865853,0.3422825,0.2263486,0.2307855,0.2270476,0.2396789,0.2293957,0.2305326,0.2384984,0.2381142,0.2258947,0.2313595,0.2253503,0.2277395,0.2207742,0.2184245,0.2693301,0.3010633,0.2303323,0.2682987,0.2691166,0.278809,0.2431851,0.26175,0.3155323,0.3684615,0.2684325,0.3144237,0.2389252,0.2755031,0.2551992,0.2963105,0.2345679,0.2295479,0.235437,0.2307177,0.2584138,0.2606744,0.2563502,0.2525229,0.2737215,0.295318,0.2174577,0.2236653,0.2660095,0.2783667,0.2284111,0.2305595,0.2350809,0.2396254,0.2239104,0.2369054,0.2238018,0.2374263,0.2597628,0.29423,0.2576704,0.2637681,0.2311394,0.2442915,0.2158004,0.2192815,0.2178694,0.2257314,0.2551963,0.277546,0.2353181,0.2575242,0.2656342,0.2812221,0.2369941,0.2457446,0.2241257,0.2451859,0.263616,0.2658084
0.4629724,0.3106683,0.2357479,0.2295928,0.2981414,0.2793246,0.5255439,0.3260829,0.2594278,0.3237045,0.2793618,0.2693949,0.267871,0.2505634,0.3755935,0.3660057,0.2455578,0.2271543,0.2763782,0.2307839,0.3298713,0.2656482,0.2629966,0.233062,0.3420547,0.3124471,0.2418703,0.221572,0.2357553,0.2226344,0.2362023,0.2236346,0.3585908,0.3007327,0.3020219,0.2744922,0.3532269,0.2789502,0.4133563,0.2753913,0.359331,0.3242899,0.3269313,0.2430548,0.2387102,0.2272743,0.2428067,0.2285366,0.3168793,0.2555908,0.2781529,0.2508776,0.462374,0.3549119,0.418942,0.3265137,0.6007645,0.4776804,0.2239284,0.2242292,0.4098022,0.3725799,0.2329728,0.2186721,0.2325842,0.2172233,0.2209351,0.2119908,0.2307393,0.2141512,0.2721153,0.261813,0.4836923,0.4419132,0.2852086,0.2421339,0.2258471,0.2163279,0.2308959,0.2131784,0.3342242,0.2662201,0.2980667,0.2518182,0.4121277,0.3131671,0.3526437,0.2977741,0.2885505,0.2497488,0.2769046,0.2625818
0.3655579,0.2928307,0.2404909,0.2274195,0.3619698,0.3057518,0.3260829,0.3737569,0.2849044,0.5509764,0.2368084,0.22938,0.2339329,0.2312708,0.3337855,0.3314629,0.2579216,0.2493983,0.231562,0.2284922,0.2488873,0.2521981,0.2281477,0.2368704,0.2652262,0.2486364,0.2300806,0.2239016,0.2278947,0.2228774,0.2247371,0.223925,0.3759591,0.2986124,0.2867697,0.2775961,0.3478094,0.2869973,0.275865,0.2605937,0.4303621,0.3317949,0.4037936,0.3027487,0.3021705,0.2456091,0.2586136,0.2502902,0.2778135,0.2459849,0.2723757,0.2530544,0.2891306,0.2770007,0.3115576,0.2720742,0.299384,0.3030083,0.2071205,0.2077611,0.3465132,0.2949596,0.224446,0.2256994,0.2181637,0.2274876,0.219925,0.2199916,0.218542,0.2186825,0.2479958,0.2461433,0.2875225,0.289414,0.2419244,0.235514,0.2128711,0.2174621,0.2268019,0.2288199,0.3474239,0.2878559,0.3051678,0.2674571,0.3575597,0.2814403,0.3033646,0.2639539,0.2627048,0.2539751,0.3001654,0.3227501
0.2834172,0.3288701,0.2234026,0.2467044,0.3136749,0.392552,0.2594278,0.2849044,0.3595597,0.3005303,0.2251956,0.219214,0.2422312,0.2411736,0.2654185,0.2739581,0.2415112,0.2831657,0.2301817,0.2355731,0.2338179,0.2541567,0.2300256,0.2354888,0.2410972,0.2256839,0.2274085,0.2324854,0.2277431,0.2362942,0.2266099,0.2193716,0.2923203,0.3702098,0.2490507,0.2657219,0.275275,0.3095746,0.2454797,0.2724686,0.3180597,0.4410131,0.3010098,0.3787966,0.2362356,0.2981647,0.2377373,0.263515,0.2298347,0.2354382,0.2250683,0.2224729,0.258003,0.2448549,0.2384771,0.254168,0.2491984,0.268797,0.2075308,0.2126696,0.3014505,0.3496255,0.2217045,0.2146486,0.2352099,0.2276585,0.2198996,0.2222189,0.2210319,0.223338,0.2414249,0.2598427,0.237704,0.2451272,0.2233555,0.243708,0.2118555,0.2183827,0.2232877,0.2241934,0.2599365,0.303155,0.239992,0.2838194,0.23402,0.2941975,0.2313103,0.2508919,0.2275226,0.2650795,0.3436558,0.3023663
0.4118012,0.2951594,0.2189792,0.2309062,0.3738623,0.3037922,0.3237045,0.5509764,0.3005303,0.4123834,0.2230838,0.2203867,0.2282437,0.2257818,0.2955792,0.2793686,0.2582179,0.2492297,0.22737,0.2326894,0.2315121,0.2453541,0.2253986,0.2384703,0.2266232,0.2250263,0.2291704,0.2232853,0.2208687,0.2226442,0.2220684,0.2228322,0.3790132,0.2803951,0.283431,0.2792579,0.3509391,0.2787671,0.2859452,0.2577081,0.4742406,0.3370074,0.47648,0.3175171,0.3072993,0.241883,0.2502885,0.2467227,0.252858,0.2342279,0.2603254,0.2306266,0.2599055,0.2510319,0.2739247,0.2568471,0.2857977,0.2837171,0.2049239,0.2079947,0.353473,0.2789728,0.2201454,0.2350022,0.2221793,0.2244205,0.216807,0.2155548,0.2144856,0.2133136,0.2427953,0.2387964,0.2466203,0.2607744,0.2427088,0.2367374,0.2116265,0.2206677,0.2169882,0.2321956,0.3489476,0.285755,0.3012529,0.2671669,0.3386903,0.2726962,0.2667572,0.2637396,0.2613241,0.2565239,0.2638353,0.2731121
0.2534795,0.2354597,0.2163803,0.2318926,0.2280366,0.2314278,0.2793618,0.2368084,0.2251956,0.2230838,0.414696,0.3637883,0.310055,0.3014951,0.3011524,0.2987354,0.2243637,0.2255083,0.2806541,0.2430474,0.2936107,0.270629,0.2944015,0.2570303,0.3533076,0.3255557,0.2980434,0.2577766,0.32179,0.2651482,0.370008,0.324308,0.2480172,0.2405455,0.2456455,0.2342313,0.2498568,0.2428694,0.2874319,0.2573108,0.2394573,0.2398169,0.2281177,0.2244847,0.2138964,0.2170519,0.2219606,0.2249869,0.3172469,0.2526129,0.2579123,0.276991,0.3066513,0.2777743,0.3028042,0.2681973,0.2807974,0.2643961,0.22881,0.2235351,0.2463204,0.2455118,0.2314562,0.2342568,0.2287026,0.2336241,0.2337579,0.2387398,0.253819,0.2527866,0.2456074,0.2525879,0.3162298,0.2938705,0.2401827,0.2316405,0.2741064,0.2748948,0.2232844,0.230452,0.2458328,0.2360345,0.2352186,0.2264534,0.2673064,0.2434909,0.2697441,0.2497817,0.2326444,0.2278642,0.2943066,0.263309
0.2387741,0.2356529,0.2151606,0.2351015,0.2283705,0.2328953,0.2693949,0.22938,0.219214,0.2203867,0.3637883,0.3838066,0.2922692,0.3020889,0.2930236,0.304755,0.2238429,0.2243106,0.2466775,0.274791,0.2672586,0.2782314,0.2541714,0.2972166,0.3328556,0.3516877,0.2574424,0.2982966,0.2713967,0.3089384,0.3243559,0.3625605,0.2346467,0.2401104,0.239481,0.2427514,0.2427254,0.2446682,0.2622353,0.2788303,0.2336145,0.2361359,0.221733,0.2213247,0.2195187,0.218881,0.2260227,0.2220684,0.2657112,0.2929498,0.2489486,0.2623033,0.278786,0.3184314,0.2660144,0.2860056,0.2770004,0.2600575,0.2353063,0.228944,0.2453579,0.2468068,0.2317295,0.2373626,0.2277673,0.2366708,0.2349639,0.2441774,0.2440528,0.2571494,0.2454492,0.2561122,0.3196083,0.3146434,0.2358702,0.2466748,0.2727686,0.2754926,0.2262455,0.2353401,0.2324087,0.2390289,0.2255385,0.2335403,0.2440879,0.2562416,0.2504465,0.2675524,0.2259546,0.2373391,0.2884407,0.265299
0.2854806,0.2206055,0.2518928,0.2342024,0.2412419,0.2405408,0.267871,0.2339329,0.2422312,0.2282437,0.310055,0.2922692,0.4076777,0.3777235,0.3641703,0.3265232,0.239071,0.2274811,0.2793506,0.2404752,0.2623465,0.2266235,0.2577272,0.2324508,0.2962376,0.2786144,0.2549601,0.2344851,0.275586,0.2464475,0.2777158,0.2568002,0.2433627,0.2285777,0.2470296,0.2406171,0.2483121,0.2295776,0.2819437,0.2494208,0.2409311,0.2490616,0.227102,0.232241,0.223096,0.2149982,0.2257135,0.2216933,0.2706231,0.2253972,0.2368144,0.2261973,0.2735376,0.2477531,0.2784361,0.2331079,0.2731089,0.2358441,0.3319053,0.3062582,0.2412756,0.2304309,0.2731756,0.2479465,0.2835231,0.2397893,0.2798242,0.2467749,0.2931503,0.2475656,0.3022303,0.2745514,0.2891352,0.2679476,0.2804403,0.2418788,0.3463324,0.3302121,0.2601327,0.2397209,0.2414867,0.2274277,0.2433569,0.2234871,0.2674862,0.2271938,0.2463275,0.2289687,0.2517781,0.2321288,0.2980288,0.2533501
0.2668031,0.2401151,0.227503,0.2557162,0.2359645,0.2448606,0.2505634,0.2312708,0.2411736,0.2257818,0.3014951,0.3020889,0.3777235,0.3834026,0.34727,0.3259415,0.2317174,0.235459,0.2432142,0.2832166,0.2396371,0.2476465,0.2345923,0.2625318,0.2837678,0.2885961,0.2359299,0.2654051,0.2503892,0.275804,0.2767482,0.2777105,0.234155,0.2343707,0.2235632,0.2622434,0.2362937,0.2445501,0.2514606,0.2765376,0.2343311,0.2503076,0.222233,0.2346864,0.2188817,0.2249267,0.2225839,0.2307725,0.2551535,0.2401517,0.2298104,0.2454317,0.2565967,0.2601472,0.2607011,0.2516079,0.2545183,0.247452,0.2913004,0.3123493,0.2323836,0.2387525,0.241126,0.2754745,0.247339,0.2702004,0.2404874,0.2792042,0.2479609,0.2821092,0.281228,0.2904062,0.2757936,0.266025,0.2360793,0.2787041,0.3117202,0.341736,0.2327753,0.2674793,0.2337809,0.2310947,0.2305691,0.2338763,0.2592919,0.233117,0.2341388,0.2383363,0.2281095,0.252226,0.2901824,0.2653111
0.3546515,0.2738296,0.2841612,0.2549419,0.2860259,0.2782116,0.3755935,0.3337855,0.2654185,0.2955792,0.3011524,0.2930236,0.3641703,0.34727,0.6013192,0.6467384,0.2583573,0.2448448,0.2428445,0.2404196,0.2867146,0.2256576,0.2401105,0.2341896,0.3748337,0.3643249,0.2314218,0.232656,0.2330151,0.2340011,0.2426941,0.2406485,0.3511623,0.2748331,0.3452511,0.2491686,0.3406565,0.2806729,0.3087192,0.2736765,0.3314167,0.316106,0.309328,0.2660044,0.2502089,0.2272034,0.2495573,0.2379653,0.3171489,0.2436155,0.2828453,0.2323859,0.346553,0.3119892,0.3811215,0.2822258,0.3667575,0.3176962,0.2474291,0.2632778,0.3201421,0.2790997,0.2809016,0.255482,0.2851732,0.2394305,0.2354684,0.2442667,0.2327439,0.242785,0.3536007,0.3276151,0.3944214,0.3580225,0.2691016,0.2412133,0.23075,0.242799,0.2581488,0.2582413,0.3404859,0.2655388,0.3164572,0.2419538,0.3862961,0.26915,0.3299819,0.253626,0.2817647,0.2418637,0.4233647,0.3665458
0.3204436,0.2526713,0.2541008,0.2556293,0.2861153,0.295173,0.3660057,0.3314629,0.2739581,0.2793686,0.2987354,0.304755,0.3265232,0.3259415,0.6467384,0.5823756,0.250031,0.2340652,0.2506961,0.2439624,0.281184,0.2559086,0.2484344,0.2439312,0.3706579,0.3968729,0.2319113,0.2324372,0.2313104,0.2314183,0.2400655,0.2425049,0.334273,0.3176567,0.324467,0.2773691,0.3260604,0.3080236,0.2979701,0.2860593,0.3311737,0.3301788,0.2968998,0.2652153,0.2397054,0.2280317,0.2426549,0.2256104,0.2963859,0.266616,0.2836772,0.2484706,0.3460591,0.3470362,0.3735886,0.3096827,0.3757755,0.3170085,0.2296741,0.2406051,0.3084475,0.3080621,0.2545063,0.2542056,0.2550665,0.2271587,0.2319922,0.2397675,0.2378377,0.2413798,0.3280531,0.3249474,0.4182949,0.3819687,0.2608564,0.2530421,0.2236597,0.2293608,0.2431735,0.2645231,0.318738,0.2773131,0.299648,0.2632968,0.3726865,0.276964,0.3361939,0.2665866,0.2710556,0.2645436,0.41774,0.4347845
0.239937,0.2263972,0.2618951,0.2324478,0.3258168,0.2865853,0.2455578,0.2579216,0.2415112,0.2582179,0.2243637,0.2238429,0.239071,0.2317174,0.2583573,0.250031,0.4151678,0.3436462,0.2249334,0.2128113,0.2127726,0.2176455,0.2158405,0.2168891,0.2231567,0.2224943,0.2178004,0.2207435,0.2211975,0.2161926,0.2195076,0.2152235,0.2329309,0.2320212,0.2330467,0.2225589,0.2372844,0.2311006,0.2320955,0.2224184,0.269503,0.2510802,0.2389105,0.2314242,0.2819884,0.2330776,0.3681826,0.27068,0.2161247,0.2234384,0.2119749,0.2209806,0.2300144,0.2214296,0.2244369,0.2216536,0.2371397,0.2342275,0.2238692,0.2295682,0.2383533,0.2337139,0.2533849,0.2176304,0.2888155,0.2479553,0.2332395,0.2235778,0.227958,0.2159586,0.3012328,0.2900344,0.2303887,0.2296231,0.2370713,0.2218236,0.2183081,0.2117232,0.223616,0.2170521,0.224445,0.2283961,0.2291529,0.2254813,0.2267129,0.2235569,0.2200274,0.2211863,0.2276795,0.2225189,0.2333765,0.2356948
0.231661,0.2483273,0.2247348,0.2812011,0.2889131,0.3422825,0.2271543,0.2493983,0.2831657,0.2492297,0.2255083,0.2243106,0.2274811,0.235459,0.2448448,0.2340652,0.3436462,0.4085984,0.2142683,0.2178349,0.2195618,0.2255502,0.2191274,0.2222234,0.2246947,0.2245364,0.2212718,0.2277339,0.2237747,0.2234462,0.2239645,0.219352,0.2250294,0.2392998,0.2115783,0.2247924,0.227697,0.2423462,0.2182632,0.2300936,0.2518337,0.2764247,0.2248934,0.2496907,0.2296002,0.2921227,0.2717726,0.3688023,0.2241266,0.2285715,0.2218174,0.2327552,0.2243457,0.2275769,0.2232192,0.226342,0.2209087,0.2353434,0.2146714,0.2329001,0.2290135,0.2349293,0.2275196,0.2542417,0.2458317,0.2953295,0.2153452,0.2474058,0.2151419,0.2321839,0.2648415,0.3197161,0.2230449,0.2257197,0.2156618,0.2280769,0.2115986,0.210716,0.2095404,0.2360638,0.2203833,0.2315737,0.2150823,0.2352196,0.2256633,0.2269831,0.2121025,0.2188319,0.2100501,0.2278777,0.2295716,0.2383431
0.2801022,0.2252846,0.2418213,0.2181543,0.2359355,0.2263486,0.2763782,0.231562,0.2301817,0.22737,0.2806541,0.2466775,0.2793506,0.2432142,0.2428445,0.2506961,0.2249334,0.2142683,0.4527674,0.2209308,0.3697689,0.2339432,0.4098322,0.2282559,0.2574066,0.2458817,0.3083209,0.2252464,0.2945163,0.2220069,0.2603116,0.232814,0.2419871,0.2285543,0.2924625,0.2241419,0.240098,0.2289734,0.3220717,0.2318164,0.2394616,0.229046,0.2271848,0.2174822,0.2212075,0.2124278,0.2209739,0.211959,0.2944104,0.229282,0.31141,0.241205,0.273237,0.2325589,0.2854182,0.2281542,0.2842064,0.2347543,0.2417659,0.2183087,0.2323597,0.2292536,0.2520149,0.2142939,0.2299583,0.2097646,0.2885003,0.2135982,0.3344729,0.2170838,0.2357713,0.2270345,0.2554395,0.2369864,0.361089,0.2184772,0.2731541,0.2362776,0.2969913,0.2108974,0.2511205,0.2279371,0.2612761,0.2207419,0.280243,0.2318031,0.3223752,0.2408115,0.298472,0.2208834,0.2298975,0.2356921
0.2347396,0.287734,0.2167063,0.2563298,0.225618,0.2307855,0.2307839,0.2284922,0.2355731,0.2326894,0.2430474,0.274791,0.2404752,0.2832166,0.2404196,0.2439624,0.2128113,0.2178349,0.2209308,0.4508854,0.2276538,0.3253469,0.2266632,0.417305,0.2555466,0.2606263,0.2430355,0.3338903,0.239896,0.3110764,0.2517371,0.2788207,0.2289429,0.2559944,0.2272578,0.3017028,0.236184,0.2837755,0.2329131,0.338812,0.2267714,0.2391417,0.2233175,0.2329708,0.2200159,0.2311852,0.2151966,0.2184607,0.2446289,0.2948138,0.246874,0.3019329,0.239421,0.2666344,0.2301382,0.285835,0.2276806,0.2814716,0.2270406,0.2334519,0.2420621,0.2676113,0.2121654,0.2651859,0.2202323,0.2331938,0.218124,0.2777553,0.2245774,0.3171161,0.2285928,0.23748,0.240011,0.2620099,0.2157109,0.3527145,0.2509121,0.279236,0.2167487,0.2769781,0.2274182,0.2578858,0.219583,0.2574161,0.2324069,0.2684215,0.2302572,0.3342073,0.2176704,0.2817667,0.2458685,0.2579739
0.2956932,0.2331579,0.2241238,0.216138,0.2310216,0.2270476,0.3298713,0.2488873,0.2338179,0.2315121,0.2936107,0.2672586,0.2623465,0.2396371,0.2867146,0.281184,0.2127726,0.2195618,0.3697689,0.2276538,0.5237923,0.2537917,0.4068782,0.2494174,0.3698487,0.2893423,0.3145532,0.2421471,0.3037885,0.2424279,0.2965947,0.2725484,0.2873411,0.2381644,0.2923619,0.2200283,0.2702115,0.2292867,0.3489746,0.2345898,0.254275,0.2398038,0.2403249,0.2221144,0.2147691,0.2110279,0.2156826,0.2160641,0.4131327,0.2571453,0.4601362,0.2472149,0.3795805,0.276208,0.4119285,0.2570484,0.368454,0.2693369,0.2232662,0.2154762,0.260213,0.2386092,0.2276738,0.2186915,0.216689,0.2109109,0.2404075,0.2176401,0.2434025,0.21611,0.2240497,0.2199707,0.3333876,0.2993358,0.2832224,0.2136048,0.2402933,0.2266898,0.2566133,0.2163817,0.3066736,0.232608,0.2835366,0.2224064,0.342372,0.2519432,0.3662095,0.2489614,0.2817256,0.2230235,0.2792431,0.2591411
0.2543088,0.314875,0.2145004,0.2354376,0.2256567,0.2396789,0.2656482,0.2521981,0.2541567,0.2453541,0.270629,0.2782314,0.2266235,0.2476465,0.2256576,0.2559086,0.2176455,0.2255502,0.2339432,0.3253469,0.2537917,0.6068991,0.253937,0.4246037,0.2751582,0.3451601,0.2645859,0.3317834,0.2805522,0.2899601,0.3119568,0.3235914,0.2577634,0.3509842,0.2173405,0.3922957,0.2466028,0.3108965,0.2426641,0.3838363,0.2480515,0.2708639,0.2352327,0.2414774,0.2248799,0.2251028,0.2154988,0.2208099,0.306438,0.428293,0.2608871,0.6206834,0.292657,0.3897049,0.2682242,0.4802831,0.2773371,0.3957931,0.2062944,0.2051607,0.2587184,0.3664426,0.2114363,0.224342,0.2086052,0.2247345,0.2127985,0.2285001,0.2205445,0.2417618,0.2154535,0.2335917,0.2656507,0.3563652,0.2179969,0.321744,0.2178141,0.2294359,0.2153471,0.2535971,0.2521552,0.337318,0.2345854,0.3116223,0.2591256,0.3860992,0.2591816,0.3753792,0.2246599,0.330384,0.2497219,0.2802939
0.2813103,0.2259909,0.2207719,0.2199106,0.2259963,0.2293957,0.2629966,0.2281477,0.2300256,0.2253986,0.2944015,0.2541714,0.2577272,0.2345923,0.2401105,0.2484344,0.2158405,0.2191274,0.4098322,0.2266632,0.4068782,0.253937,0.4474357,0.2420957,0.2865202,0.2656905,0.3468638,0.244865,0.3195201,0.2378013,0.2856036,0.2568446,0.2411694,0.232444,0.2452223,0.2317216,0.239805,0.2283328,0.3102402,0.2343622,0.2320999,0.2288633,0.2249514,0.2244922,0.2162046,0.2165102,0.2134524,0.2188654,0.3224413,0.2500044,0.3565718,0.2657246,0.2855812,0.2544337,0.298017,0.2452511,0.2809037,0.2360755,0.2253991,0.2119293,0.2343636,0.230809,0.2254751,0.2191921,0.2165514,0.2132651,0.2514503,0.2154353,0.2804483,0.2188091,0.223647,0.2229682,0.2589565,0.2460843,0.2869686,0.2192096,0.253047,0.234112,0.2554502,0.2136239,0.2461243,0.2319041,0.2444467,0.222465,0.2750941,0.2378602,0.3138311,0.2351502,0.2648862,0.2233594,0.2260639,0.2353069
0.226262,0.2745014,0.2150891,0.2441382,0.2276603,0.2305326,0.233062,0.2368704,0.2354888,0.2384703,0.2570303,0.2972166,0.2324508,0.2625318,0.2341896,0.2439312,0.2168891,0.2222234,0.2282559,0.417305,0.2494174,0.4246037,0.2420957,0.4678664,0.2691085,0.293982,0.2529367,0.3839923,0.2631409,0.3303061,0.2768954,0.3056296,0.2293294,0.2690198,0.2279889,0.2921259,0.2325787,0.2736735,0.2359916,0.3465421,0.2303773,0.2398842,0.2255598,0.2353266,0.2227429,0.2327478,0.2192478,0.2229757,0.2600617,0.3438838,0.2640641,0.410211,0.2649003,0.3036193,0.2397459,0.3461677,0.2355176,0.2937982,0.2202727,0.2181051,0.2398665,0.2864076,0.2134961,0.2390513,0.2139689,0.2259057,0.220942,0.2574707,0.2276389,0.2898765,0.2197297,0.2282342,0.2496426,0.2899878,0.221295,0.3072119,0.2409288,0.2611543,0.2197286,0.2644978,0.2266806,0.2711675,0.2200317,0.2608327,0.2271657,0.2896615,0.2313767,0.3543834,0.2197706,0.2779338,0.2447128,0.254668
0.2842897,0.2816339,0.2239697,0.2282641,0.2384992,0.2384984,0.3420547,0.2652262,0.2410972,0.2266232,0.3533076,0.3328556,0.2962376,0.2837678,0.3748337,0.3706579,0.2231567,0.2246947,0.2574066,0.2555466,0.3698487,0.2751582,0.2865202,0.2691085,0.5282067,0.4601399,0.2888326,0.2633576,0.303072,0.2685885,0.3394456,0.3231961,0.3094257,0.2631257,0.2804556,0.2348292,0.3190472,0.270886,0.3165202,0.2779931,0.2710605,0.2612715,0.2480469,0.227586,0.2148375,0.2148014,0.2193954,0.2213405,0.4290174,0.2750732,0.3122969,0.2887489,0.4438684,0.3633228,0.4036005,0.3089518,0.3700771,0.3300436,0.2363252,0.2140791,0.3029074,0.2750983,0.2325962,0.2294572,0.2214863,0.2252873,0.2409528,0.2341709,0.2385308,0.241122,0.2449223,0.2385003,0.4822391,0.4392674,0.2440789,0.2344666,0.2534395,0.2327511,0.230215,0.2296202,0.3174791,0.2560097,0.2844946,0.2273958,0.3272969,0.2920343,0.3724972,0.2804308,0.2656266,0.2271013,0.3881462,0.3263285
0.2620404,0.2575637,0.2154661,0.2261669,0.2334417,0.2381142,0.3124471,0.2486364,0.2256839,0.2250263,0.3255557,0.3516877,0.2786144,0.2885961,0.3643249,0.3968729,0.2224943,0.2245364,0.2458817,0.2606263,0.2893423,0.3451601,0.2656905,0.293982,0.4601399,0.5300165,0.2541425,0.2834846,0.2630962,0.2842367,0.3136552,0.3499956,0.2615326,0.2811718,0.2593769,0.2459885,0.2875873,0.3056847,0.2881742,0.3085875,0.2576586,0.2596434,0.2318721,0.2241825,0.2165206,0.2184626,0.2182982,0.2213252,0.2920667,0.3810355,0.2874148,0.3175889,0.3311888,0.4543286,0.3157428,0.34206,0.3427166,0.2947847,0.2282268,0.2108719,0.2814887,0.3025991,0.2272682,0.2318944,0.2209132,0.2214632,0.2332261,0.2383688,0.2354625,0.2491723,0.2410131,0.2475047,0.4512483,0.4604608,0.2390693,0.2506036,0.244631,0.23579,0.2262067,0.2427175,0.2659752,0.2700942,0.2444752,0.2473084,0.2837111,0.2959046,0.3254521,0.2992063,0.2414739,0.2499638,0.3696471,0.3437853
0.2439076,0.2444863,0.2200049,0.2235482,0.2211074,0.2258947,0.2418703,0.2300806,0.2274085,0.2291704,0.2980434,0.2574424,0.2549601,0.2359299,0.2314218,0.2319113,0.2178004,0.2212718,0.3083209,0.2430355,0.3145532,0.2645859,0.3468638,0.2529367,0.2888326,0.2541425,0.3699096,0.25433,0.3385012,0.2611974,0.300288,0.269403,0.2319424,0.2411716,0.2336512,0.2327142,0.2305001,0.2364015,0.2711952,0.2424558,0.2264374,0.2295502,0.2257022,0.2294232,0.215671,0.2182771,0.2146778,0.2221932,0.3510775,0.2718688,0.3370124,0.268295,0.288586,0.2517623,0.297576,0.2529405,0.2543853,0.2456879,0.2283009,0.2137683,0.2311636,0.2427174,0.2304853,0.2205174,0.2195257,0.2172307,0.2576283,0.2211964,0.2920398,0.2270762,0.2236935,0.2217628,0.2616609,0.2496932,0.2548914,0.2286109,0.259728,0.2372181,0.2334319,0.2183419,0.231269,0.2404084,0.227473,0.2283551,0.2608837,0.2507141,0.2498397,0.2423803,0.234549,0.2269893,0.2329056,0.2345785
0.2290981,0.245026,0.2125859,0.2421528,0.2246275,0.2313595,0.221572,0.2239016,0.2324854,0.2232853,0.2577766,0.2982966,0.2344851,0.2654051,0.232656,0.2324372,0.2207435,0.2277339,0.2252464,0.3338903,0.2421471,0.3317834,0.244865,0.3839923,0.2633576,0.2834846,0.25433,0.3965299,0.2693119,0.3503934,0.2759394,0.3120332,0.2249751,0.2421141,0.2235744,0.2494624,0.2275109,0.2447905,0.2325653,0.2937928,0.2206223,0.230174,0.2228722,0.2317336,0.2192638,0.2260259,0.2208485,0.2264237,0.2642682,0.3394048,0.247796,0.3547319,0.2558674,0.2915143,0.2313801,0.326261,0.2218819,0.2528146,0.227354,0.2260064,0.234961,0.2525311,0.2193441,0.2585562,0.219357,0.2375873,0.2241185,0.2722605,0.2313871,0.315654,0.226889,0.235172,0.2445747,0.2655866,0.2157943,0.2702615,0.249691,0.2732508,0.213308,0.2580776,0.2216771,0.2445641,0.21391,0.2383219,0.2321108,0.2609953,0.223879,0.2927666,0.211879,0.2476885,0.2424735,0.2416971
0.2394286,0.2548144,0.2185563,0.2281523,0.2212597,0.2253503,0.2357553,0.2278947,0.2277431,0.2208687,0.32179,0.2713967,0.275586,0.2503892,0.2330151,0.2313104,0.2211975,0.2237747,0.2945163,0.239896,0.3037885,0.2805522,0.3195201,0.2631409,0.303072,0.2630962,0.3385012,0.2693119,0.3590905,0.2634466,0.3321246,0.2808888,0.2343173,0.2435736,0.2285255,0.2355009,0.2303971,0.240334,0.271886,0.2487445,0.2264898,0.228427,0.22452,0.2274213,0.2142837,0.2183137,0.2176376,0.2217904,0.3344122,0.2639757,0.2761975,0.2902709,0.2933664,0.2519996,0.2822126,0.2612451,0.2418468,0.2519417,0.2519968,0.2226131,0.2313663,0.2461902,0.231659,0.2240761,0.2228473,0.2208068,0.2560152,0.225962,0.2865839,0.2332357,0.2254354,0.2234211,0.2693066,0.2569682,0.2497778,0.230078,0.298183,0.2575177,0.2289434,0.221536,0.2306299,0.2444921,0.2262034,0.230019,0.2474663,0.2581061,0.243962,0.2445636,0.2268262,0.229108,0.2414621,0.2404068
0.228227,0.2410192,0.2139686,0.2362312,0.2207951,0.2277395,0.2226344,0.2228774,0.2362942,0.2226442,0.2651482,0.3089384,0.2464475,0.275804,0.2340011,0.2314183,0.2161926,0.2234462,0.2220069,0.3110764,0.2424279,0.2899601,0.2378013,0.3303061,0.2685885,0.2842367,0.2611974,0.3503934,0.2634466,0.3635055,0.279759,0.3311449,0.2208769,0.2415517,0.2222695,0.2362445,0.2212774,0.2430236,0.2296774,0.2779239,0.2176176,0.2300381,0.2211279,0.2331474,0.2184642,0.2264125,0.2178548,0.2240723,0.2620556,0.3302878,0.2498014,0.2744158,0.2494037,0.2850312,0.2325326,0.2797375,0.2259554,0.2346504,0.2389913,0.2418218,0.2267581,0.2431622,0.2210431,0.2491124,0.2217501,0.2392262,0.2229435,0.2661529,0.2288458,0.2964109,0.2287057,0.2351776,0.2465817,0.2581117,0.2172775,0.262507,0.2573485,0.3004736,0.2144101,0.2480951,0.2204371,0.2410577,0.2146841,0.2324903,0.234529,0.2510867,0.2223556,0.2597868,0.2138482,0.2352364,0.2353589,0.2382291
0.2335866,0.2401148,0.2087731,0.2297531,0.2192136,0.2207742,0.2362023,0.2247371,0.2266099,0.2220684,0.370008,0.3243559,0.2777158,0.2767482,0.2426941,0.2400655,0.2195076,0.2239645,0.2603116,0.2517371,0.2965947,0.3119568,0.2856036,0.2768954,0.3394456,0.3136552,0.300288,0.2759394,0.3321246,0.279759,0.4009763,0.3561483,0.2334182,0.2411897,0.2183821,0.2280473,0.2296956,0.2408777,0.2551844,0.2573789,0.2257305,0.2298094,0.2215357,0.2218901,0.2121954,0.2137754,0.2155126,0.2211479,0.3137878,0.2652667,0.254873,0.3113642,0.2904167,0.2736359,0.2727236,0.2688618,0.2474058,0.2501694,0.2279796,0.2207055,0.2299862,0.2467141,0.2223877,0.2300785,0.2181812,0.2317098,0.2294065,0.2346051,0.2419094,0.2481176,0.2229748,0.2292863,0.2922296,0.2834342,0.2273275,0.234524,0.2701137,0.2747597,0.2146118,0.2287556,0.2316763,0.2385599,0.2234336,0.2269427,0.2440812,0.247525,0.2447098,0.2451973,0.2191751,0.2290888,0.2548409,0.2451251
0.2243565,0.2431759,0.2125581,0.2279855,0.2175679,0.2184245,0.2236346,0.223925,0.2193716,0.2228322,0.324308,0.3625605,0.2568002,0.2777105,0.2406485,0.2425049,0.2152235,0.219352,0.232814,0.2788207,0.2725484,0.3235914,0.2568446,0.3056296,0.3231961,0.3499956,0.269403,0.3120332,0.2808888,0.3311449,0.3561483,0.4086834,0.2234152,0.2433752,0.2214449,0.2259859,0.2250419,0.2426348,0.2389139,0.2723894,0.2202534,0.2252155,0.2173899,0.2249207,0.2159902,0.2160151,0.2174311,0.2185517,0.268839,0.3206099,0.2535495,0.3019412,0.2575344,0.3300438,0.2416358,0.2754516,0.2407708,0.2325273,0.2326701,0.2229783,0.2293918,0.2467347,0.2268232,0.2302829,0.2187826,0.2318056,0.2288803,0.2385982,0.2316084,0.254587,0.2247452,0.2312061,0.2783614,0.2869141,0.2221945,0.2382962,0.2626722,0.2771972,0.2196298,0.2267631,0.2237589,0.2417275,0.2160313,0.2322226,0.2310916,0.2608072,0.2312281,0.2413575,0.2157758,0.2306662,0.2513621,0.2428587
0.3937088,0.2773413,0.2541645,0.2187275,0.3005958,0.2693301,0.3585908,0.3759591,0.2923203,0.3790132,0.2480172,0.2346467,0.2433627,0.234155,0.3511623,0.334273,0.2329309,0.2250294,0.2419871,0.2289429,0.2873411,0.2577634,0.2411694,0.2293294,0.3094257,0.2615326,0.2319424,0.2249751,0.2343173,0.2208769,0.2334182,0.2234152,0.424304,0.2750673,0.3384015,0.2686158,0.4066456,0.2623635,0.32098,0.2555088,0.3860374,0.3060316,0.3866693,0.2536564,0.2636775,0.2237073,0.2363735,0.2243259,0.3117296,0.24388,0.2793533,0.2633554,0.3306226,0.2773781,0.3501936,0.2930431,0.3392125,0.3255096,0.2171502,0.2093739,0.423474,0.2929031,0.2303666,0.21957,0.22673,0.2200775,0.2300923,0.2188477,0.2222981,0.2186121,0.2547652,0.2397234,0.3198764,0.3076441,0.2629284,0.2336804,0.2164392,0.2177373,0.2443741,0.219616,0.3988214,0.2664288,0.3361541,0.2444879,0.3899953,0.2867314,0.3442987,0.2760406,0.2876753,0.2439159,0.3988171,0.3094777
0.2900711,0.3971933,0.2130239,0.2436299,0.2633519,0.3010633,0.3007327,0.2986124,0.3702098,0.2803951,0.2405455,0.2401104,0.2285777,0.2343707,0.2748331,0.3176567,0.2320212,0.2392998,0.2285543,0.2559944,0.2381644,0.3509842,0.232444,0.2690198,0.2631257,0.2811718,0.2411716,0.2421141,0.2435736,0.2415517,0.2411897,0.2433752,0.2750673,0.4281734,0.2434877,0.3679573,0.2754329,0.4073106,0.2530686,0.3368629,0.289093,0.3641652,0.2664846,0.3693311,0.2322554,0.2509534,0.2289707,0.235414,0.2542678,0.2854944,0.2433856,0.3141797,0.2886086,0.3161395,0.2803432,0.3301587,0.2965175,0.3544742,0.2136168,0.2174659,0.2894994,0.4277553,0.2164436,0.2234043,0.2210006,0.233181,0.2200966,0.2296763,0.2259956,0.2315861,0.2371194,0.2576817,0.2845623,0.3141991,0.2253796,0.2842512,0.2149112,0.2186847,0.2170742,0.2393486,0.2589217,0.3925616,0.2385886,0.3372199,0.274179,0.3824087,0.2573328,0.3205652,0.2285226,0.3222879,0.3234468,0.3957984
0.2847818,0.2537715,0.320628,0.2101475,0.2560323,0.2303323,0.3020219,0.2867697,0.2490507,0.283431,0.2456455,0.239481,0.2470296,0.2235632,0.3452511,0.324467,0.2330467,0.2115783,0.2924625,0.2272578,0.2923619,0.2173405,0.2452223,0.2279889,0.2804556,0.2593769,0.2336512,0.2235744,0.2285255,0.2222695,0.2183821,0.2214449,0.3384015,0.2434877,0.4544615,0.2450006,0.3761796,0.2478247,0.3212015,0.2438028,0.2902991,0.2490887,0.308223,0.233914,0.2690098,0.210016,0.2363659,0.2106746,0.2664666,0.2290249,0.2684312,0.2269369,0.281413,0.2453656,0.2989213,0.2388273,0.2963389,0.2674648,0.2306526,0.2221487,0.3461345,0.2505378,0.2713498,0.2026712,0.2627841,0.2091334,0.3122142,0.2133349,0.2824584,0.2142728,0.2713581,0.2318313,0.2773205,0.2702764,0.4188401,0.2227123,0.2227256,0.2147299,0.3365991,0.2107753,0.3492209,0.2455213,0.3720289,0.2283724,0.3062193,0.2533563,0.2652275,0.239354,0.4060798,0.2279005,0.3940852,0.28426
0.2946395,0.3408503,0.212672,0.2503465,0.2380443,0.2682987,0.2744922,0.2775961,0.2657219,0.2792579,0.2342313,0.2427514,0.2406171,0.2622434,0.2491686,0.2773691,0.2225589,0.2247924,0.2241419,0.3017028,0.2200283,0.3922957,0.2317216,0.2921259,0.2348292,0.2459885,0.2327142,0.2494624,0.2355009,0.2362445,0.2280473,0.2259859,0.2686158,0.3679573,0.2450006,0.449297,0.2568581,0.3634645,0.2311341,0.3744573,0.2762126,0.2904331,0.2675293,0.3047571,0.225434,0.2311925,0.2215947,0.2245248,0.2566854,0.2913191,0.2330375,0.355352,0.2747507,0.3111777,0.2665466,0.3588447,0.2843436,0.3492616,0.2320201,0.2407841,0.2615245,0.3414214,0.2110477,0.2683584,0.2154358,0.2443699,0.2158559,0.28065,0.2252025,0.2651103,0.2346695,0.2540841,0.2506902,0.3221131,0.2164593,0.432599,0.2338503,0.2540279,0.2149669,0.3087035,0.2625255,0.3941839,0.2399386,0.3948719,0.2787451,0.4008591,0.2473457,0.3845981,0.2274593,0.4569109,0.2473051,0.3238446
0.3990201,0.283526,0.2428347,0.2162082,0.289805,0.2691166,0.3532269,0.3478094,0.275275,0.3509391,0.2498568,0.2427254,0.2483121,0.2362937,0.3406565,0.3260604,0.2372844,0.227697,0.240098,0.236184,0.2702115,0.2466028,0.239805,0.2325787,0.3190472,0.2875873,0.2305001,0.2275109,0.2303971,0.2212774,0.2296956,0.2250419,0.4066456,0.2754329,0.3761796,0.2568581,0.4407124,0.2773853,0.3482817,0.2631184,0.3528892,0.2986363,0.3382498,0.2502251,0.2543096,0.2180354,0.2371917,0.2233435,0.2944363,0.2376299,0.2683927,0.2538421,0.3127691,0.2766733,0.3288174,0.2861476,0.326774,0.3237087,0.2227177,0.2141299,0.4499503,0.3035302,0.2365545,0.2151583,0.2335355,0.2213717,0.2422688,0.2216937,0.2275542,0.2233646,0.255008,0.242361,0.3252164,0.3075489,0.3063186,0.2323835,0.2190266,0.2187558,0.2559113,0.2175901,0.3890749,0.266043,0.3307593,0.2407474,0.353655,0.2834125,0.3398599,0.2779864,0.314442,0.2400024,0.4534659,0.3279857
0.2863455,0.4515176,0.2120714,0.2345672,0.2589848,0.278809,0.2789502,0.2869973,0.3095746,0.2787671,0.2428694,0.2446682,0.2295776,0.2445501,0.2806729,0.3080236,0.2311006,0.2423462,0.2289734,0.2837755,0.2292867,0.3108965,0.2283328,0.2736735,0.270886,0.3056847,0.2364015,0.2447905,0.240334,0.2430236,0.2408777,0.2426348,0.2623635,0.4073106,0.2478247,0.3634645,0.2773853,0.481236,0.2603877,0.3625165,0.2818732,0.3244145,0.2573345,0.32645,0.2262088,0.2321388,0.2227446,0.2383376,0.2469158,0.2692688,0.2359688,0.2899965,0.2598332,0.285448,0.2691496,0.2863339,0.2660712,0.3271533,0.2179654,0.2284446,0.2851312,0.4377687,0.215386,0.2282383,0.2175808,0.24202,0.2206314,0.2457431,0.2270067,0.2434417,0.2361196,0.2584003,0.2771742,0.2865338,0.2332617,0.3180152,0.2228165,0.2227457,0.216981,0.2373508,0.2485127,0.3900292,0.2344665,0.3251516,0.2644092,0.3456825,0.2496119,0.3125104,0.228758,0.3284987,0.359616,0.4723579
0.389482,0.2580369,0.2467805,0.2180021,0.2606107,0.2431851,0.4133563,0.275865,0.2454797,0.2859452,0.2874319,0.2622353,0.2819437,0.2514606,0.3087192,0.2979701,0.2320955,0.2182632,0.3220717,0.2329131,0.3489746,0.2426641,0.3102402,0.2359916,0.3165202,0.2881742,0.2711952,0.2325653,0.271886,0.2296774,0.2551844,0.2389139,0.32098,0.2530686,0.3212015,0.2311341,0.3482817,0.2603877,0.3931496,0.2525322,0.2930085,0.2633089,0.2802624,0.2261032,0.2357046,0.2123703,0.2310734,0.2157069,0.3228693,0.2463931,0.3246775,0.2467469,0.3438263,0.2777051,0.3655423,0.2689975,0.3790032,0.3153332,0.232957,0.2158699,0.3535386,0.2897514,0.249055,0.2155323,0.2406118,0.2176723,0.262412,0.2170226,0.2596202,0.2208505,0.2530635,0.2384679,0.3405741,0.3066195,0.3377401,0.2242036,0.2465767,0.228563,0.2754019,0.2136723,0.3186031,0.2415964,0.298425,0.2284062,0.3425458,0.2610856,0.3660865,0.2663206,0.3154896,0.2280608,0.3457566,0.2933839
0.2708651,0.4155097,0.2167561,0.2407669,0.2419259,0.26175,0.2753913,0.2605937,0.2724686,0.2577081,0.2573108,0.2788303,0.2494208,0.2765376,0.2736765,0.2860593,0.2224184,0.2300936,0.2318164,0.338812,0.2345898,0.3838363,0.2343622,0.3465421,0.2779931,0.3085875,0.2424558,0.2937928,0.2487445,0.2779239,0.2573789,0.2723894,0.2555088,0.3368629,0.2438028,0.3744573,0.2631184,0.3625165,0.2525322,0.3860146,0.2669846,0.2895684,0.2429864,0.2862034,0.2203342,0.2265172,0.2182584,0.2289485,0.2578301,0.3102621,0.2477601,0.3515776,0.2678514,0.3247414,0.2660665,0.3512376,0.2656031,0.3709485,0.2243334,0.2259569,0.2680634,0.3554214,0.2172767,0.2502297,0.2189568,0.2371143,0.220422,0.2603299,0.2286208,0.2696072,0.2323218,0.24913,0.2798278,0.3097198,0.2275497,0.3445383,0.2394154,0.2541569,0.2201663,0.2701773,0.248519,0.340436,0.2348926,0.3028288,0.2613347,0.3820551,0.2554575,0.3696035,0.2271354,0.3246518,0.3293066,0.3338441
0.3800694,0.3190509,0.2452511,0.2252842,0.3677056,0.3155323,0.359331,0.4303621,0.3180597,0.4742406,0.2394573,0.2336145,0.2409311,0.2343311,0.3314167,0.3311737,0.269503,0.2518337,0.2394616,0.2267714,0.254275,0.2480515,0.2320999,0.2303773,0.2710605,0.2576586,0.2264374,0.2206223,0.2264898,0.2176176,0.2257305,0.2202534,0.3860374,0.289093,0.2902991,0.2762126,0.3528892,0.2818732,0.2930085,0.2669846,0.4337666,0.3440109,0.4084406,0.2788461,0.2767577,0.2326872,0.2582947,0.2385102,0.2688971,0.2402147,0.2647972,0.2408287,0.2998066,0.2857937,0.3177872,0.2849447,0.3343712,0.3347505,0.2154358,0.2166979,0.3746975,0.3007743,0.2339006,0.2263433,0.2357778,0.2245346,0.2286283,0.2227987,0.22713,0.2175249,0.2685784,0.2597877,0.3033591,0.3068484,0.2500805,0.2420667,0.2173918,0.2154719,0.2285909,0.2270813,0.339532,0.280039,0.2938845,0.2555934,0.3554143,0.3004618,0.3097525,0.274401,0.2615743,0.2493358,0.3240771,0.2963481
0.326627,0.3430107,0.2220005,0.2462349,0.3150892,0.3684615,0.3242899,0.3317949,0.4410131,0.3370074,0.2398169,0.2361359,0.2490616,0.2503076,0.316106,0.3301788,0.2510802,0.2764247,0.229046,0.2391417,0.2398038,0.2708639,0.2288633,0.2398842,0.2612715,0.2596434,0.2295502,0.230174,0.228427,0.2300381,0.2298094,0.2252155,0.3060316,0.3641652,0.2490887,0.2904331,0.2986363,0.3244145,0.2633089,0.2895684,0.3440109,0.4014098,0.3017662,0.3597392,0.2426401,0.2625152,0.2421356,0.2578592,0.2505763,0.2466393,0.2500196,0.2489425,0.288065,0.287588,0.2895833,0.2897204,0.3090137,0.3299273,0.2131681,0.2160775,0.3147993,0.359015,0.2251908,0.2279835,0.2315217,0.2323826,0.2215474,0.2328239,0.2233173,0.2348449,0.2543089,0.2734156,0.2882433,0.2986847,0.2302051,0.254071,0.2167332,0.2235744,0.2205305,0.2340338,0.2800279,0.3158616,0.2506,0.2809842,0.2993237,0.3163424,0.2673703,0.2780436,0.2328953,0.2693292,0.3180532,0.3247916
0.3635995,0.2815289,0.2533637,0.2209982,0.3215828,0.2684325,0.3269313,0.4037936,0.3010098,0.47648,0.2281177,0.221733,0.227102,0.222233,0.309328,0.2968998,0.2389105,0.2248934,0.2271848,0.2233175,0.2403249,0.2352327,0.2249514,0.2255598,0.2480469,0.2318721,0.2257022,0.2228722,0.22452,0.2211279,0.2215357,0.2173899,0.3866693,0.2664846,0.308223,0.2675293,0.3382498,0.2573345,0.2802624,0.2429864,0.4084406,0.3017662,0.4511069,0.2808887,0.3033156,0.2277778,0.2525362,0.2242866,0.2584119,0.2306867,0.2468187,0.234393,0.2768028,0.249267,0.2889214,0.2570707,0.2941803,0.2804369,0.2143309,0.2070314,0.3599563,0.2631613,0.224748,0.2170165,0.2253644,0.21817,0.2237148,0.2105667,0.2210497,0.2103704,0.244471,0.2334396,0.2685949,0.2628852,0.2435031,0.2285434,0.2125967,0.2141363,0.2290319,0.218889,0.3469381,0.2748777,0.3145364,0.25147,0.3348219,0.2716067,0.2836764,0.257399,0.2678316,0.2441147,0.2869294,0.2565586
