0.4477972,0.3054067,0.1417604,0.1313612,0.251987,0.2240576,0.3832721,0.3296168,0.2427025,0.3839771,0.1780589,0.1607524,0.2242927,0.1994355,0.3055511,0.2412979,0.1768232,0.1542476,0.2100799,0.1328919,0.2188796,0.1922906,0.2460817,0.1431594,0.2168276,0.1853812,0.1660293,0.1558996,0.1695351,0.1487002,0.1629198,0.1549248,0.367065,0.238289,0.2262741,0.2269226,0.3794191,0.2425144,0.3453282,0.2162302,0.3469248,0.2843559,0.3316146,0.2547474,0.1774734,0.1545047,0.1741236,0.156883,0.2534151,0.166819,0.1740023,0.2092397,0.2682338,0.2040829,0.2949674,0.2422927,0.3166319,0.28757,0.1267369,0.1238021,0.3996985,0.2748733,0.1600713,0.1375452,0.144074,0.1359731,0.1364878,0.1364168,0.1298076,0.1468509,0.1720168,0.1655869,0.2408668,0.1922959,0.2381066,0.1560466,0.1408008,0.1619987,0.1385629,0.1312419,0.3379356,0.2376356,0.2497157,0.1937599,0.4212404,0.2520146,0.2888884,0.1912372,0.2207174,0.1777141,0.3060061,0.2362289
0.3054067,0.5893328,0.1235943,0.1617047,0.2167575,0.2672607,0.2656327,0.2290634,0.3081409,0.24784,0.1712795,0.1603531,0.1574024,0.1797547,0.2036985,0.1591826,0.1622305,0.1860852,0.1284908,0.2331731,0.1603367,0.2322498,0.1687488,0.2167832,0.2083149,0.2028769,0.1655566,0.1650371,0.176836,0.1602232,0.1618109,0.1579282,0.2146524,0.3612244,0.183168,0.298593,0.220782,0.4057551,0.1938353,0.3735219,0.2716589,0.3123687,0.2583337,0.35963,0.1661794,0.1504884,0.1600671,0.1766659,0.1766666,0.2099095,0.1366867,0.2223385,0.1902239,0.2688985,0.2218909,0.2642258,0.2329821,0.4096166,0.1179281,0.111924,0.2051634,0.3770956,0.1300604,0.1658712,0.1273115,0.161996,0.1182446,0.1486818,0.1260396,0.1626011,0.1496624,0.1915732,0.2084026,0.2087901,0.1340616,0.2300099,0.1329405,0.1286626,0.1152117,0.1522873,0.2122746,0.3952959,0.1682977,0.2549704,0.2402242,0.4813506,0.1761221,0.274892,0.135846,0.2314784,0.2474898,0.2541051
0.1417604,0.1235943,0.422685,0.1228808,0.1600012,0.131002,0.1331872,0.1415842,0.1373914,0.134996,0.1155926,0.1184169,0.1572262,0.1254283,0.1936307,0.1775983,0.1841463,0.1288176,0.1505987,0.1228291,0.1290213,0.1370431,0.12465,0.1214529,0.1225145,0.1207555,0.1182496,0.1158418,0.1175576,0.1156436,0.1088046,0.1124657,0.1647526,0.132624,0.2397919,0.1427519,0.1552641,0.1284449,0.1526532,0.1316317,0.1647846,0.1396853,0.150585,0.1297059,0.2134894,0.12239,0.1897872,0.1225273,0.1253295,0.1306165,0.1224647,0.1295725,0.1333887,0.1318596,0.1426328,0.1364914,0.1421556,0.141444,0.1315984,0.1177899,0.1489405,0.1306847,0.2883007,0.1197712,0.2399632,0.1219566,0.2052818,0.1132218,0.1623729,0.1133957,0.2005449,0.1440787,0.1323773,0.1381578,0.2021103,0.1274317,0.1181898,0.1073157,0.242272,0.1218658,0.1509512,0.1324041,0.199157,0.128208,0.145817,0.1413736,0.1383684,0.1395408,0.2064548,0.1270152,0.1606185,0.1433587
0.1313612,0.1617047,0.1228808,0.3608477,0.1354925,0.1721903,0.1357521,0.132551,0.1552771,0.1366513,0.1351148,0.1399019,0.1378928,0.1636735,0.1557263,0.1655123,0.1372158,0.2122048,0.1231318,0.1551131,0.1259105,0.142206,0.1187068,0.1436099,0.1357116,0.136768,0.1183992,0.1399621,0.1245895,0.1355218,0.1317788,0.1298434,0.1270851,0.1587231,0.1282144,0.176274,0.1244957,0.1511977,0.1236323,0.1552733,0.1387997,0.1636787,0.1283714,0.1495993,0.1233429,0.2447311,0.1275487,0.2327039,0.1311397,0.1364799,0.1304545,0.1351317,0.1325703,0.1463772,0.138044,0.1527777,0.1350759,0.1635968,0.120546,0.146747,0.1201663,0.1620452,0.1177162,0.3313547,0.1371965,0.2682958,0.1185251,0.2063277,0.1195631,0.1862372,0.1534756,0.2155777,0.1367695,0.1530114,0.1267259,0.1824086,0.1240811,0.1250363,0.1206246,0.2579961,0.1264676,0.144518,0.1212674,0.1898363,0.1381122,0.1506841,0.1310556,0.1542166,0.1174961,0.1849638,0.1357075,0.1497563
0.251987,0.2167575,0.1600012,0.1354925,0.3259079,0.2746269,0.2336245,0.3261513,0.2678136,0.3490227,0.1295962,0.1368231,0.1714779,0.1566849,0.2323927,0.2316972,0.2617636,0.2183812,0.1390153,0.1327771,0.1340859,0.1477579,0.1278451,0.141631,0.146145,0.1404749,0.1258337,0.1321803,0.1297203,0.1283156,0.1262021,0.1289969,0.2569605,0.2088324,0.1825737,0.1804588,0.236016,0.1928787,0.1864385,0.1789187,0.3273913,0.2686433,0.2810719,0.2180637,0.2171226,0.156915,0.2367804,0.1778461,0.1397742,0.1412327,0.132608,0.1326443,0.1755358,0.1689614,0.17284,0.1767918,0.2093675,0.2092029,0.1302724,0.1252543,0.2530021,0.2064013,0.1642137,0.1346087,0.1729952,0.1363345,0.145796,0.1274325,0.1361095,0.1256126,0.2008844,0.1867573,0.1733368,0.1808583,0.1601079,0.1501686,0.1295506,0.122389,0.1375845,0.133566,0.2174374,0.2001326,0.1795208,0.1773454,0.1964097,0.1971436,0.1655555,0.1747098,0.1535994,0.1617651,0.2263997,0.2125435
0.2240576,0.2672607,0.131002,0.1721903,0.2746269,0.3570471,0.2133578,0.2477329,0.3396909,0.25966,0.1347184,0.1443638,0.1567425,0.1635454,0.2041598,0.2270769,0.2100942,0.274669,0.1248316,0.1422859,0.1360026,0.167154,0.132143,0.14589,0.1575823,0.148548,0.1270734,0.1403337,0.1290963,0.1354523,0.1280748,0.1308707,0.2228595,0.2402937,0.1573603,0.2110901,0.2104668,0.2113778,0.1609904,0.1998636,0.2747666,0.3174303,0.2439937,0.255026,0.1654639,0.1971459,0.1777148,0.2229608,0.1499601,0.1389598,0.1351689,0.1460126,0.1896917,0.1818976,0.1789361,0.1861207,0.2059662,0.2396264,0.127179,0.1324522,0.2111146,0.2107973,0.145868,0.1501829,0.145485,0.1489904,0.1282003,0.1435667,0.1210622,0.1476775,0.1745471,0.2146254,0.1845248,0.1927523,0.1393998,0.1681094,0.1210915,0.1271625,0.1305224,0.1386784,0.2018898,0.2264732,0.1612903,0.1921141,0.1943223,0.2364048,0.1650528,0.1825778,0.1360638,0.1742624,0.1958184,0.1913336
0.3832721,0.2656327,0.1331872,0.1357521,0.2336245,0.2133578,0.490226,0.2574303,0.2066429,0.2562948,0.1817285,0.1673004,0.1514978,0.141455,0.2170647,0.2179128,0.1693867,0.1501026,0.2220118,0.1449465,0.2713001,0.2209088,0.2099972,0.1513213,0.2371298,0.1983101,0.1680467,0.1371543,0.1584635,0.1359999,0.1574283,0.1375732,0.286634,0.2530818,0.207133,0.1925782,0.2880683,0.2234288,0.3661252,0.2317443,0.2985339,0.2740507,0.2241887,0.1637217,0.1582254,0.1455984,0.1711188,0.1463399,0.2354241,0.1725069,0.2004199,0.2051949,0.3853137,0.2622242,0.3400739,0.2940455,0.5509149,0.4525458,0.1144909,0.1113664,0.3803988,0.3530259,0.1451665,0.1236887,0.1330355,0.1127214,0.1367594,0.1210693,0.1386451,0.1270912,0.1647972,0.1539404,0.3936366,0.3401472,0.2171043,0.1583352,0.1335294,0.120538,0.1314088,0.1221203,0.2418092,0.201162,0.1793385,0.1811596,0.3174572,0.2618837,0.2819768,0.2470412,0.1842901,0.1755997,0.2498517,0.2050084
0.3296168,0.2290634,0.1415842,0.132551,0.3261513,0.2477329,0.2574303,0.3491541,0.2773076,0.5391023,0.1388256,0.134413,0.1737435,0.1652433,0.2999652,0.3056407,0.1966484,0.1761079,0.1373711,0.1308846,0.1409429,0.1616016,0.1417155,0.1352366,0.1528897,0.1375117,0.1304009,0.1264635,0.1344068,0.1285916,0.1323599,0.1374115,0.3428632,0.2495059,0.1954628,0.2135147,0.3041804,0.2232975,0.2008763,0.1923731,0.3943096,0.2949651,0.3787268,0.2729695,0.2385836,0.1661488,0.1934509,0.1707642,0.1650943,0.1470229,0.1347436,0.1577227,0.1851402,0.1804033,0.2100006,0.2036606,0.2207128,0.2162419,0.1134475,0.1061661,0.3107302,0.2313918,0.1394381,0.1385645,0.1345271,0.1362854,0.1206571,0.1251474,0.1202417,0.1244198,0.1713476,0.1648385,0.1786637,0.1804437,0.1499294,0.1528541,0.1298665,0.1306866,0.1264973,0.1366421,0.3047644,0.2295113,0.2262092,0.2067723,0.2859393,0.2111637,0.2060291,0.1848617,0.1623753,0.183408,0.2453134,0.2734771
0.2427025,0.3081409,0.1373914,0.1552771,0.2678136,0.3396909,0.2066429,0.2773076,0.3378517,0.2740144,0.1312714,0.1313072,0.1788533,0.1801223,0.2563999,0.299046,0.1650765,0.2030528,0.1289702,0.1422988,0.1371626,0.1574307,0.1309031,0.142124,0.1464487,0.1395675,0.1259557,0.1444701,0.1386263,0.1426108,0.1341313,0.1257414,0.2822654,0.3424821,0.1736696,0.2055109,0.241119,0.2693646,0.1791582,0.2134864,0.2984889,0.4056469,0.2972152,0.3390285,0.1836556,0.2285264,0.1750185,0.1833848,0.1518332,0.1392465,0.1202293,0.1381107,0.1682596,0.1537205,0.143203,0.1840713,0.1657763,0.2052695,0.1174794,0.124531,0.2853941,0.3080193,0.1334726,0.118489,0.1402415,0.1278439,0.1177619,0.1235934,0.1187349,0.1355817,0.1569125,0.1790945,0.157914,0.1594985,0.1293701,0.1629509,0.1317903,0.1361285,0.1226689,0.1276754,0.2186044,0.2704865,0.1921884,0.238515,0.1469621,0.2378362,0.1433049,0.1821443,0.1366782,0.2037405,0.3445925,0.3097623
0.3839771,0.24784,0.134996,0.1366513,0.3490227,0.25966,0.2562948,0.5391023,0.2740144,0.3820084,0.1314765,0.1336303,0.1756738,0.1626711,0.2728563,0.2497072,0.2196855,0.1939684,0.1374853,0.1314676,0.12901,0.1369424,0.1335304,0.1301704,0.120583,0.1229624,0.1247254,0.1231902,0.1264443,0.1270446,0.1291631,0.1368428,0.368994,0.2195981,0.2157235,0.2094732,0.3311365,0.2207866,0.2160413,0.1866906,0.4463757,0.2944157,0.4784257,0.2894705,0.2470763,0.1651412,0.1936564,0.1755632,0.142787,0.1280231,0.1370152,0.1242929,0.1539715,0.1587452,0.1702927,0.1828246,0.21061,0.1920482,0.1189056,0.1087129,0.3248754,0.2054354,0.1512409,0.1434671,0.1470834,0.1368446,0.1281333,0.1207924,0.1207501,0.1200816,0.1814329,0.1705258,0.1488618,0.1632624,0.1569985,0.1494061,0.1324549,0.1357294,0.1245588,0.135559,0.3349144,0.2261274,0.2363125,0.2042616,0.2700222,0.1984428,0.184654,0.1808029,0.1723315,0.1753273,0.2245866,0.2174269
0.1780589,0.1712795,0.1155926,0.1351148,0.1295962,0.1347184,0.1817285,0.1388256,0.1312714,0.1314765,0.3653096,0.2972991,0.2172789,0.2206924,0.1691409,0.1651706,0.1210388,0.1257077,0.2281463,0.1697406,0.2299074,0.2126682,0.2352333,0.1951214,0.2960431,0.2828848,0.2252597,0.1910636,0.2531001,0.1927316,0.3242963,0.2769395,0.1510203,0.1499498,0.1511091,0.1366486,0.1580751,0.1685369,0.2170894,0.1906823,0.1437286,0.1420194,0.1361121,0.1319128,0.116524,0.1181691,0.1166501,0.1311157,0.2381733,0.1956747,0.1732659,0.2260038,0.2233956,0.217337,0.2108288,0.185078,0.1852801,0.169877,0.132287,0.129999,0.1483043,0.16191,0.1225727,0.1475336,0.1286102,0.1493855,0.1410126,0.1588179,0.1665411,0.176014,0.1477695,0.1605002,0.238846,0.22112,0.1615563,0.1445288,0.1933756,0.1925496,0.1271037,0.1406948,0.1555389,0.1541733,0.1374418,0.1334298,0.1797115,0.1579461,0.1772368,0.163533,0.1324113,0.1331778,0.2023698,0.1760191
0.1607524,0.1603531,0.1184169,0.1399019,0.1368231,0.1443638,0.1673004,0.134413,0.1313072,0.1336303,0.2972991,0.3194809,0.1991311,0.2189692,0.1680786,0.1791431,0.1257827,0.1323099,0.1638756,0.218218,0.1966179,0.2258226,0.18665,0.2406567,0.2804691,0.3084742,0.1793523,0.2323257,0.1939478,0.2405417,0.2659957,0.3133234,0.1429684,0.1525732,0.1479667,0.1654894,0.1579564,0.1638185,0.1827024,0.2139175,0.1421565,0.1435745,0.1273837,0.1281139,0.1158207,0.1221706,0.1213997,0.1325651,0.1917554,0.248638,0.1822943,0.2102008,0.1969955,0.2704149,0.172521,0.2074579,0.1791879,0.1668622,0.1368305,0.126626,0.1571206,0.1626334,0.1224994,0.1497309,0.1272542,0.1475044,0.1396899,0.1543559,0.1467858,0.171066,0.1453824,0.1644656,0.2427342,0.2550775,0.1440027,0.1686704,0.1897028,0.1938027,0.1325047,0.1435272,0.1476789,0.1527598,0.131925,0.1413995,0.1519402,0.1789099,0.1731128,0.1737437,0.1303206,0.1462983,0.2058386,0.1862401
0.2242927,0.1574024,0.1572262,0.1378928,0.1714779,0.1567425,0.1514978,0.1737435,0.1788533,0.1756738,0.2172789,0.1991311,0.3524742,0.3228586,0.3163384,0.276596,0.1549822,0.1428695,0.1893152,0.1480132,0.1722739,0.1410871,0.1642524,0.1438549,0.2064552,0.1871732,0.1627371,0.1463189,0.1869675,0.1557052,0.1945954,0.1795309,0.1749449,0.160395,0.1709602,0.1506862,0.1805567,0.1619141,0.2066134,0.1848373,0.183656,0.1851039,0.1587889,0.162185,0.1311464,0.1228126,0.1368106,0.1371562,0.1663822,0.1353743,0.1342471,0.1471844,0.1656432,0.1505324,0.1894801,0.1487816,0.169146,0.1380043,0.2532155,0.2291649,0.1671823,0.1694518,0.1785674,0.1573473,0.1895158,0.1486608,0.197187,0.1627294,0.2082501,0.1620569,0.2217066,0.192492,0.176829,0.1590378,0.2021837,0.1528661,0.2658667,0.255097,0.1660425,0.1490213,0.1656653,0.1529038,0.1547181,0.1362823,0.1804849,0.1443476,0.1481809,0.140051,0.156114,0.1436797,0.2592084,0.2083576
0.1994355,0.1797547,0.1254283,0.1636735,0.1566849,0.1635454,0.141455,0.1652433,0.1801223,0.1626711,0.2206924,0.2189692,0.3228586,0.3274299,0.2992661,0.2774148,0.1392262,0.1523242,0.1486306,0.1978219,0.1543984,0.1823186,0.1460613,0.18723,0.2023641,0.2181375,0.1473791,0.1879584,0.1655278,0.1902169,0.1989932,0.2086053,0.1579308,0.169036,0.1387508,0.1651199,0.1604272,0.1784126,0.1738643,0.2166804,0.165678,0.1852607,0.1467978,0.1598071,0.1214376,0.1300789,0.1251165,0.1464155,0.1583522,0.1609453,0.1330087,0.1867914,0.1565217,0.1784808,0.1726246,0.1784918,0.1524874,0.1553681,0.2087094,0.2273654,0.1466711,0.183787,0.1427373,0.1923225,0.1500437,0.1853718,0.1510163,0.1984707,0.158812,0.2042027,0.1981097,0.2121445,0.1723068,0.1711033,0.1543859,0.1909134,0.2296126,0.2649935,0.1390406,0.1804597,0.1561024,0.1522357,0.1438014,0.1416015,0.1731877,0.1503248,0.142184,0.1504412,0.1331156,0.1600882,0.2526199,0.2206413
0.3055511,0.2036985,0.1936307,0.1557263,0.2323927,0.2041598,0.2170647,0.2999652,0.2563999,0.2728563,0.1691409,0.1680786,0.3163384,0.2992661,0.5762421,0.6137809,0.1836167,0.1643774,0.1510513,0.1396911,0.1815021,0.1425344,0.1303163,0.1420881,0.2336401,0.2193549,0.1298109,0.133825,0.1324463,0.1352194,0.1331718,0.1384611,0.299978,0.2267719,0.2754973,0.1808498,0.2776552,0.2269597,0.2170874,0.210867,0.2867793,0.272062,0.2587262,0.2346544,0.1717683,0.1488926,0.1773496,0.1583588,0.1911897,0.1390888,0.1430327,0.1305996,0.2251206,0.1832477,0.2796006,0.1617598,0.2338206,0.1754901,0.1601406,0.1684648,0.2394051,0.222895,0.2135839,0.1644756,0.1970173,0.1576369,0.1483114,0.1524713,0.1481802,0.1488622,0.2812933,0.257804,0.2475198,0.2179994,0.188383,0.1593142,0.1490514,0.1680765,0.1710224,0.1792962,0.2741733,0.2054903,0.235989,0.1788395,0.3018498,0.1797536,0.2263659,0.1617644,0.1822986,0.1761786,0.3858849,0.3183558
0.2412979,0.1591826,0.1775983,0.1655123,0.2316972,0.2270769,0.2179128,0.3056407,0.299046,0.2497072,0.1651706,0.1791431,0.276596,0.2774148,0.6137809,0.5572693,0.169722,0.155181,0.137615,0.1472965,0.1641602,0.1948919,0.1200811,0.1554662,0.2268851,0.253457,0.1210962,0.1325188,0.1259153,0.1353339,0.1313476,0.1408097,0.2721713,0.278884,0.2434845,0.2141183,0.2402009,0.2461946,0.1913424,0.2223723,0.2750017,0.2900895,0.236618,0.218008,0.1626713,0.1537561,0.1706073,0.1454008,0.1736526,0.1607477,0.1327686,0.1621837,0.225358,0.222892,0.2590143,0.1942494,0.2445508,0.1767448,0.137056,0.143562,0.2188691,0.2584817,0.1815361,0.165345,0.164413,0.1411289,0.1341507,0.1461591,0.1362276,0.1440212,0.248924,0.2510211,0.2824719,0.2536515,0.1673194,0.1821395,0.1445877,0.1572166,0.1555184,0.1902991,0.2345321,0.2138218,0.2136845,0.2067299,0.2691343,0.1894488,0.2099158,0.1764489,0.1668473,0.2116267,0.375048,0.4067
0.1768232,0.1622305,0.1841463,0.1372158,0.2617636,0.2100942,0.1693867,0.1966484,0.1650765,0.2196855,0.1210388,0.1257827,0.1549822,0.1392262,0.1836167,0.169722,0.3629307,0.2692356,0.1313136,0.1240625,0.123054,0.1259958,0.1189199,0.1320548,0.1267861,0.1211572,0.1214781,0.1257034,0.1245518,0.1215765,0.1180076,0.1193773,0.165712,0.1516028,0.1709335,0.1448313,0.1684207,0.1497002,0.151129,0.1422345,0.2116559,0.1849734,0.1746045,0.1618751,0.201011,0.1496005,0.3056619,0.1979422,0.1193401,0.124104,0.1240506,0.1144868,0.14153,0.1364615,0.1401086,0.1375468,0.1609388,0.1535928,0.1323989,0.1322986,0.1697897,0.1482534,0.1791892,0.1271369,0.2144287,0.1567077,0.1502466,0.1264307,0.1352343,0.1203203,0.2315597,0.2054656,0.1372852,0.142509,0.1567063,0.1331309,0.12866,0.1168203,0.1484389,0.126878,0.1578616,0.158678,0.1467204,0.1443598,0.1450493,0.1573999,0.1356447,0.1425959,0.1454001,0.1387213,0.1486267,0.1436041
0.1542476,0.1860852,0.1288176,0.2122048,0.2183812,0.274669,0.1501026,0.1761079,0.2030528,0.1939684,0.1257077,0.1323099,0.1428695,0.1523242,0.1643774,0.155181,0.2692356,0.342577,0.1195863,0.1310662,0.1218894,0.1297298,0.1219537,0.1300671,0.1334782,0.1297129,0.1188102,0.1297604,0.1198205,0.1255714,0.1210392,0.1258016,0.1545347,0.1574196,0.1316339,0.1473455,0.14982,0.1625539,0.1338597,0.1501251,0.1919703,0.2097088,0.1660139,0.1722806,0.1414446,0.2193232,0.1912253,0.3039441,0.1239201,0.1222147,0.1243729,0.1232793,0.1384557,0.1368696,0.1370971,0.135364,0.1415373,0.163551,0.1237601,0.1355937,0.1508426,0.1495325,0.1394738,0.1830087,0.157081,0.2145395,0.1225241,0.1536634,0.1174171,0.1417845,0.1805585,0.2402871,0.1372238,0.1429951,0.1273644,0.1458255,0.1196756,0.1196698,0.1264572,0.1526808,0.1512102,0.1549455,0.1320303,0.1519896,0.1445628,0.1553787,0.1402052,0.1348792,0.1240449,0.1446586,0.1457306,0.1409977
0.2100799,0.1284908,0.1505987,0.1231318,0.1390153,0.1248316,0.2220118,0.1373711,0.1289702,0.1374853,0.2281463,0.1638756,0.1893152,0.1486306,0.1510513,0.137615,0.1313136,0.1195863,0.4151429,0.1312071,0.3085416,0.1724614,0.3591465,0.1471969,0.1963535,0.1659138,0.2510965,0.1475698,0.249387,0.1338742,0.1962946,0.1567094,0.145543,0.1253137,0.2338837,0.136862,0.1528105,0.1307135,0.2659822,0.1405605,0.1400464,0.1246176,0.1293521,0.1141237,0.1287887,0.1156673,0.1256855,0.1178743,0.2641769,0.1594844,0.224171,0.2061017,0.2209892,0.1379614,0.2082006,0.1649175,0.2135001,0.155676,0.1338825,0.1141348,0.1455091,0.1384527,0.1713878,0.1124429,0.1363737,0.1124143,0.2113491,0.1114661,0.2640468,0.1140825,0.1396862,0.1265316,0.1772616,0.1390554,0.3123824,0.1332594,0.1871705,0.1335554,0.2003307,0.1189803,0.1439598,0.1291168,0.1541813,0.1238917,0.19742,0.1327274,0.2086607,0.1415032,0.2111617,0.127887,0.1349802,0.1243775
0.1328919,0.2331731,0.1228291,0.1551131,0.1327771,0.1422859,0.1449465,0.1308846,0.1422988,0.1314676,0.1697406,0.218218,0.1480132,0.1978219,0.1396911,0.1472965,0.1240625,0.1310662,0.1312071,0.4067422,0.1668777,0.2822514,0.1512162,0.3708846,0.1971798,0.2210655,0.1710131,0.2695593,0.1648488,0.2610055,0.182074,0.2313531,0.127253,0.1749243,0.1395929,0.2315344,0.1277663,0.2075625,0.1348095,0.2825407,0.1312113,0.1456744,0.125732,0.1391143,0.123596,0.136764,0.1199569,0.1299285,0.1770011,0.2911505,0.1956284,0.2467565,0.1628984,0.2413817,0.1501614,0.2257998,0.1503679,0.2001901,0.1187659,0.1217147,0.1262294,0.1887832,0.1166636,0.156104,0.1250436,0.1301523,0.1178957,0.1842019,0.1221022,0.2345184,0.1281047,0.1416083,0.1601474,0.1978112,0.1250365,0.2915483,0.1491675,0.1903378,0.1228302,0.1870696,0.1338288,0.1740701,0.125531,0.1631564,0.1329088,0.2152438,0.1362016,0.2570593,0.1243512,0.1908978,0.1359058,0.1540237
0.2188796,0.1603367,0.1290213,0.1259105,0.1340859,0.1360026,0.2713001,0.1409429,0.1371626,0.12901,0.2299074,0.1966179,0.1722739,0.1543984,0.1815021,0.1641602,0.123054,0.1218894,0.3085416,0.1668777,0.4906843,0.2251707,0.360069,0.2084479,0.3349805,0.2258134,0.2583821,0.1945743,0.2545653,0.177383,0.2424984,0.2293164,0.1931076,0.1546339,0.195825,0.1325585,0.1873421,0.155504,0.2835423,0.1729088,0.1537763,0.1413735,0.1436436,0.1283971,0.1218868,0.1189485,0.1228764,0.1163831,0.3824839,0.2060919,0.4069219,0.2336189,0.3430144,0.1990355,0.3424109,0.1957456,0.3134041,0.2051809,0.1321602,0.1134153,0.1730441,0.166619,0.1278812,0.1239036,0.1115197,0.1129292,0.1442334,0.1208984,0.1612641,0.1280367,0.1273732,0.1218098,0.2656636,0.2163429,0.2137466,0.1304157,0.1612873,0.1390845,0.149022,0.1191723,0.2097844,0.1601508,0.183547,0.1440296,0.2447146,0.1714362,0.2617415,0.1657387,0.1786392,0.1344053,0.1813063,0.1644249
0.1922906,0.2322498,0.1370431,0.142206,0.1477579,0.167154,0.2209088,0.1616016,0.1574307,0.1369424,0.2126682,0.2258226,0.1410871,0.1823186,0.1425344,0.1948919,0.1259958,0.1297298,0.1724614,0.2822514,0.2251707,0.6019394,0.2291019,0.3928161,0.2221364,0.3454404,0.2079427,0.2767936,0.2149348,0.2321589,0.2662473,0.2939987,0.1848256,0.3035138,0.1283599,0.3464506,0.1699896,0.2839552,0.18038,0.3477572,0.1710575,0.2030537,0.1391135,0.1413906,0.133565,0.1275537,0.1260017,0.1234006,0.2525485,0.3974302,0.1923305,0.629301,0.2560659,0.3781973,0.2126182,0.4761794,0.2510537,0.3549654,0.1172341,0.110106,0.1978466,0.3366418,0.1300879,0.134503,0.1247797,0.1178879,0.1215615,0.1423328,0.1276988,0.1571787,0.130056,0.1454222,0.2167848,0.3305431,0.1425322,0.2741391,0.133676,0.1469579,0.118147,0.1874162,0.1834788,0.2844515,0.1486612,0.250313,0.195229,0.3390303,0.1961106,0.3401517,0.133315,0.2768179,0.171248,0.2426177
0.2460817,0.1687488,0.12465,0.1187068,0.1278451,0.132143,0.2099972,0.1417155,0.1309031,0.1335304,0.2352333,0.18665,0.1642524,0.1460613,0.1303163,0.1200811,0.1189199,0.1219537,0.3591465,0.1512162,0.360069,0.2291019,0.4191059,0.1928298,0.2560468,0.2159815,0.2981035,0.1875902,0.2769795,0.1678962,0.2356434,0.2090155,0.1682391,0.1430849,0.1636591,0.158543,0.1678905,0.1543104,0.2511164,0.170441,0.1375954,0.1257561,0.1439095,0.1235283,0.1225574,0.1186096,0.1169062,0.1194771,0.3055204,0.2062963,0.2874497,0.2683754,0.260959,0.1897844,0.2274127,0.204466,0.2199041,0.1635716,0.1255358,0.1122789,0.1642043,0.159686,0.1284836,0.1109838,0.1162324,0.1104408,0.1547172,0.1175971,0.1917261,0.1216343,0.120254,0.1191046,0.1937454,0.1646259,0.2163345,0.1418886,0.1679412,0.1407061,0.1405831,0.1180462,0.1677575,0.1555136,0.1445397,0.13857,0.2311169,0.1660839,0.2228599,0.1553874,0.1604278,0.1407858,0.1352601,0.1324266
0.1431594,0.2167832,0.1214529,0.1436099,0.141631,0.14589,0.1513213,0.1352366,0.142124,0.1301704,0.1951214,0.2406567,0.1438549,0.18723,0.1420881,0.1554662,0.1320548,0.1300671,0.1471969,0.3708846,0.2084479,0.3928161,0.1928298,0.4237214,0.2287035,0.2788273,0.1891844,0.3223532,0.2005164,0.2743783,0.2251196,0.2697247,0.1329858,0.1950978,0.1480216,0.2111773,0.1304708,0.2129612,0.1533763,0.292145,0.1354814,0.1504625,0.1283009,0.1442529,0.1322602,0.137334,0.129098,0.127843,0.2036376,0.3292626,0.2098591,0.375182,0.2135858,0.2867303,0.1684179,0.2917456,0.1688581,0.2236316,0.1215088,0.1168391,0.1319328,0.2161368,0.1191357,0.1311551,0.1300128,0.1220159,0.1244306,0.1590497,0.1306932,0.200469,0.1334266,0.1383469,0.1841258,0.2435812,0.1356139,0.2377037,0.1473335,0.1781198,0.122773,0.1711725,0.1443859,0.1968016,0.1323344,0.1733537,0.1414269,0.2352175,0.1530744,0.2848049,0.1269926,0.1855146,0.136118,0.1599005
0.2168276,0.2083149,0.1225145,0.1357116,0.146145,0.1575823,0.2371298,0.1528897,0.1464487,0.120583,0.2960431,0.2804691,0.2064552,0.2023641,0.2336401,0.2268851,0.1267861,0.1334782,0.1963535,0.1971798,0.3349805,0.2221364,0.2560468,0.2287035,0.4665521,0.3869302,0.2314063,0.2083169,0.2383237,0.2103117,0.2854992,0.2839135,0.2017963,0.1662307,0.1885093,0.140689,0.2312558,0.1727687,0.2504416,0.2130519,0.1653953,0.1639927,0.1332826,0.1274797,0.1203402,0.127581,0.1232179,0.131664,0.3869309,0.2334186,0.2623689,0.2476119,0.3823664,0.290788,0.3213319,0.2275581,0.2868702,0.2417958,0.141267,0.1149735,0.2059958,0.1784762,0.1236457,0.1395589,0.118017,0.1317631,0.1368545,0.1458703,0.1432699,0.158819,0.1385478,0.1369104,0.3888939,0.3497313,0.1741461,0.1443912,0.1705845,0.145243,0.1315128,0.12852,0.227369,0.1641667,0.1881754,0.1388115,0.2317593,0.2172619,0.3064777,0.2113669,0.1723205,0.1329358,0.2703734,0.2159939
0.1853812,0.2028769,0.1207555,0.136768,0.1404749,0.148548,0.1983101,0.1375117,0.1395675,0.1229624,0.2828848,0.3084742,0.1871732,0.2181375,0.2193549,0.253457,0.1211572,0.1297129,0.1659138,0.2210655,0.2258134,0.3454404,0.2159815,0.2788273,0.3869302,0.469581,0.1834425,0.2326706,0.1997951,0.2309602,0.2737236,0.3193704,0.1589469,0.2074296,0.1627219,0.1872997,0.1997735,0.2466484,0.2129365,0.2715981,0.1507349,0.1662824,0.1217457,0.1389685,0.1230685,0.1249111,0.1217111,0.1307208,0.2297387,0.3560392,0.2208069,0.3370702,0.257636,0.4009248,0.2064777,0.2854971,0.2410833,0.1944861,0.1279434,0.1177025,0.1969937,0.2416083,0.1206307,0.1400708,0.121645,0.1274081,0.1290924,0.1480965,0.1308579,0.1596573,0.1330608,0.1395637,0.3558491,0.3887325,0.1531256,0.1823517,0.1528144,0.1546429,0.1218944,0.1528952,0.1686047,0.2051414,0.1426089,0.1751872,0.1723361,0.2372054,0.2489474,0.2378387,0.1444504,0.1796802,0.2782174,0.2621214
0.1660293,0.1655566,0.1182496,0.1183992,0.1258337,0.1270734,0.1680467,0.1304009,0.1259557,0.1247254,0.2252597,0.1793523,0.1627371,0.1473791,0.1298109,0.1210962,0.1214781,0.1188102,0.2510965,0.1710131,0.2583821,0.2079427,0.2981035,0.1891844,0.2314063,0.1834425,0.3125952,0.1878901,0.2755603,0.1974062,0.2393387,0.2126273,0.142767,0.1502752,0.1526302,0.1451617,0.1448918,0.154199,0.1955471,0.1685991,0.1293375,0.1275855,0.1316096,0.1333471,0.1201483,0.118227,0.1183525,0.1168411,0.2828043,0.2158764,0.267934,0.2112677,0.2193618,0.1730873,0.2181975,0.1805502,0.1914828,0.1542848,0.1343494,0.1163259,0.1404452,0.1581918,0.1290948,0.1150311,0.1193493,0.1156558,0.1597975,0.1250133,0.2031915,0.1370449,0.1256238,0.1241133,0.1780361,0.1617247,0.1748301,0.1465156,0.1783723,0.1504962,0.1331272,0.1215517,0.1493864,0.158206,0.1391997,0.1382501,0.1798328,0.167006,0.167436,0.1563988,0.1456777,0.1362751,0.1308965,0.1335381
0.1558996,0.1650371,0.1158418,0.1399621,0.1321803,0.1403337,0.1371543,0.1264635,0.1444701,0.1231902,0.1910636,0.2323257,0.1463189,0.1879584,0.133825,0.1325188,0.1257034,0.1297604,0.1475698,0.2695593,0.1945743,0.2767936,0.1875902,0.3223532,0.2083169,0.2326706,0.1878901,0.3318688,0.2043982,0.2825842,0.2157733,0.2599707,0.1374184,0.1542918,0.1414618,0.1578327,0.1381901,0.1650232,0.1549608,0.2234726,0.1267723,0.1350089,0.1303249,0.1318673,0.1222436,0.1260636,0.1256068,0.1271131,0.2169242,0.2746544,0.1892513,0.2961179,0.2003766,0.2316957,0.1652632,0.2557903,0.143684,0.1701732,0.1312965,0.1319127,0.1416485,0.167877,0.1269804,0.1502024,0.1283387,0.1361447,0.1310689,0.1789896,0.1357278,0.2293038,0.1377996,0.1455267,0.1761374,0.2004057,0.1347444,0.1915153,0.1597544,0.1919238,0.1228171,0.1611958,0.1444615,0.1583544,0.1325578,0.144489,0.1637676,0.1807212,0.1569597,0.2145563,0.1290395,0.1541407,0.1404559,0.1443502
0.1695351,0.176836,0.1175576,0.1245895,0.1297203,0.1290963,0.1584635,0.1344068,0.1386263,0.1264443,0.2531001,0.1939478,0.1869675,0.1655278,0.1324463,0.1259153,0.1245518,0.1198205,0.249387,0.1648488,0.2545653,0.2149348,0.2769795,0.2005164,0.2383237,0.1997951,0.2755603,0.2043982,0.2987442,0.1936539,0.2765706,0.2199643,0.1459902,0.1541308,0.1456179,0.1441266,0.1460792,0.1589017,0.2057962,0.1751642,0.1358957,0.1338303,0.1375493,0.136225,0.1216502,0.1183557,0.1217664,0.1195521,0.2662425,0.1979169,0.2071182,0.2340522,0.2234387,0.1756768,0.2051922,0.1907164,0.1711893,0.1593839,0.1596358,0.1284734,0.1441076,0.1607189,0.1307552,0.1249539,0.1256296,0.1229747,0.1620388,0.135469,0.2036826,0.1481333,0.1339298,0.131548,0.1934284,0.1712573,0.1777683,0.1436847,0.224516,0.1756802,0.1297085,0.1284395,0.1483838,0.1645141,0.1368774,0.1400986,0.1698809,0.1750541,0.1615091,0.1670981,0.1366584,0.1372986,0.139689,0.1403156
0.1487002,0.1602232,0.1156436,0.1355218,0.1283156,0.1354523,0.1359999,0.1285916,0.1426108,0.1270446,0.1927316,0.2405417,0.1557052,0.1902169,0.1352194,0.1353339,0.1215765,0.1255714,0.1338742,0.2610055,0.177383,0.2321589,0.1678962,0.2743783,0.2103117,0.2309602,0.1974062,0.2825842,0.1936539,0.299476,0.2170321,0.2757846,0.1343812,0.152854,0.1405341,0.1477498,0.1384844,0.1605629,0.1480967,0.2098851,0.1261027,0.1351698,0.1293252,0.1355802,0.1186324,0.125515,0.1207783,0.1246431,0.1994003,0.2772666,0.1978832,0.2039883,0.1756386,0.2308962,0.1634722,0.2098026,0.1459399,0.1477336,0.1389368,0.1433831,0.1392011,0.1573206,0.1237904,0.1488752,0.1263968,0.1369177,0.1312681,0.1785022,0.1355714,0.2170803,0.1345993,0.1389166,0.1748316,0.1907377,0.1288293,0.1922417,0.1693568,0.2198137,0.1231176,0.1584231,0.1413523,0.1536087,0.1305908,0.1373574,0.163432,0.1729152,0.15022,0.1810342,0.1292458,0.1440246,0.143799,0.143727
0.1629198,0.1618109,0.1088046,0.1317788,0.1262021,0.1280748,0.1574283,0.1323599,0.1341313,0.1291631,0.3242963,0.2659957,0.1945954,0.1989932,0.1331718,0.1313476,0.1180076,0.1210392,0.1962946,0.182074,0.2424984,0.2662473,0.2356434,0.2251196,0.2854992,0.2737236,0.2393387,0.2157733,0.2765706,0.2170321,0.3636105,0.3146093,0.1449086,0.1573034,0.1287117,0.1345911,0.1448177,0.1703011,0.1859697,0.190887,0.1376664,0.1389024,0.1338708,0.1323078,0.1202498,0.1181959,0.1166451,0.1243962,0.2510563,0.2131383,0.1892567,0.2751519,0.2197883,0.212768,0.193059,0.2036439,0.1709418,0.1576625,0.1411472,0.127415,0.1458882,0.1704873,0.119207,0.1390859,0.1244505,0.1388282,0.1355968,0.1518387,0.1548683,0.1707862,0.1335779,0.1406245,0.2286614,0.2105988,0.1526342,0.1502523,0.2045525,0.1997211,0.1160297,0.1400338,0.1492696,0.1626449,0.1327821,0.1402888,0.1631628,0.1606395,0.1634689,0.1734853,0.1266911,0.1398619,0.1603366,0.1544722
0.1549248,0.1579282,0.1124657,0.1298434,0.1289969,0.1308707,0.1375732,0.1374115,0.1257414,0.1368428,0.2769395,0.3133234,0.1795309,0.2086053,0.1384611,0.1408097,0.1193773,0.1258016,0.1567094,0.2313531,0.2293164,0.2939987,0.2090155,0.2697247,0.2839135,0.3193704,0.2126273,0.2599707,0.2199643,0.2757846,0.3146093,0.3731407,0.1419629,0.1613216,0.1308655,0.1387277,0.1453629,0.1676509,0.1689691,0.2137354,0.1345864,0.1365288,0.1299446,0.1308124,0.1169179,0.1210756,0.1180141,0.1268133,0.2216124,0.2876131,0.2161408,0.2839859,0.1909563,0.2912585,0.1706736,0.214579,0.1665848,0.1392598,0.1416014,0.1315163,0.1524119,0.1702701,0.1235243,0.1382599,0.124038,0.1390189,0.1357713,0.1500784,0.1403833,0.169059,0.1342949,0.1438811,0.2108116,0.2284264,0.1355244,0.1590392,0.1905497,0.2052976,0.1232638,0.1354506,0.1504079,0.16006,0.129034,0.1453665,0.1575303,0.1782635,0.1646879,0.1595869,0.1254954,0.1452597,0.1689754,0.1634817
0.367065,0.2146524,0.1647526,0.1270851,0.2569605,0.2228595,0.286634,0.3428632,0.2822654,0.368994,0.1510203,0.1429684,0.1749449,0.1579308,0.299978,0.2721713,0.165712,0.1545347,0.145543,0.127253,0.1931076,0.1848256,0.1682391,0.1329858,0.2017963,0.1589469,0.142767,0.1374184,0.1459902,0.1343812,0.1449086,0.1419629,0.3964089,0.2190121,0.2581152,0.2122121,0.3772209,0.2049523,0.2577511,0.1808151,0.3599077,0.2718892,0.367617,0.2119801,0.2009475,0.1547247,0.1729402,0.1579451,0.2137053,0.1529182,0.1685015,0.1844086,0.2325369,0.1896441,0.2557741,0.2313766,0.2460057,0.244543,0.1196328,0.1161644,0.4059914,0.2307796,0.1481324,0.1301463,0.1420295,0.1340176,0.1294796,0.1259339,0.1215409,0.1289757,0.1731841,0.1572054,0.2221273,0.2058768,0.1713148,0.1517865,0.1350589,0.1367702,0.1453312,0.1280989,0.3549899,0.2203463,0.2658954,0.1873986,0.3373133,0.2197731,0.2618461,0.1933311,0.1990325,0.1715292,0.3495256,0.2369604
0.238289,0.3612244,0.132624,0.1587231,0.2088324,0.2402937,0.2530818,0.2495059,0.3424821,0.2195981,0.1499498,0.1525732,0.160395,0.169036,0.2267719,0.278884,0.1516028,0.1574196,0.1253137,0.1749243,0.1546339,0.3035138,0.1430849,0.1950978,0.1662307,0.2074296,0.1502752,0.1542918,0.1541308,0.152854,0.1573034,0.1613216,0.2190121,0.3898291,0.1582282,0.3078792,0.2178117,0.3699096,0.1810646,0.291046,0.236695,0.3254931,0.212384,0.3145117,0.1682143,0.1708735,0.1570203,0.1525925,0.1598113,0.2159401,0.146131,0.2630186,0.2107033,0.2478215,0.2028676,0.2868634,0.2381915,0.3078204,0.1142028,0.1156211,0.2400422,0.3981775,0.1284425,0.132751,0.1277636,0.1354636,0.1186158,0.1352557,0.1213972,0.1439872,0.1453412,0.1734593,0.2106795,0.2455025,0.1276596,0.2170849,0.1281295,0.1318824,0.1184313,0.161853,0.2003282,0.3512064,0.1652233,0.2857084,0.2013192,0.3433446,0.1778893,0.2733259,0.1335329,0.2730621,0.2741418,0.3684858
0.2262741,0.183168,0.2397919,0.1282144,0.1825737,0.1573603,0.207133,0.1954628,0.1736696,0.2157235,0.1511091,0.1479667,0.1709602,0.1387508,0.2754973,0.2434845,0.1709335,0.1316339,0.2338837,0.1395929,0.195825,0.1283599,0.1636591,0.1480216,0.1885093,0.1627219,0.1526302,0.1414618,0.1456179,0.1405341,0.1287117,0.1308655,0.2581152,0.1582282,0.3621597,0.140816,0.2973548,0.1609515,0.2566367,0.1553001,0.221564,0.1749898,0.2333676,0.1594148,0.1857649,0.1342768,0.171058,0.133554,0.1764718,0.1465968,0.1784627,0.1283082,0.1803189,0.1508909,0.2120775,0.1529121,0.1869817,0.181076,0.1309364,0.1174576,0.2794539,0.1676058,0.1852205,0.112668,0.177063,0.1259409,0.2291842,0.1183099,0.2110286,0.1244239,0.1946168,0.1522102,0.1806395,0.1675641,0.3462991,0.1265556,0.1367796,0.1205232,0.2573967,0.1237216,0.2611712,0.1679106,0.2858961,0.142399,0.2239782,0.183515,0.2100843,0.152194,0.3305434,0.1288977,0.2987542,0.1858546
0.2269226,0.298593,0.1427519,0.176274,0.1804588,0.2110901,0.1925782,0.2135147,0.2055109,0.2094732,0.1366486,0.1654894,0.1506862,0.1651199,0.1808498,0.2141183,0.1448313,0.1473455,0.136862,0.2315344,0.1325585,0.3464506,0.158543,0.2111773,0.140689,0.1872997,0.1451617,0.1578327,0.1441266,0.1477498,0.1345911,0.1387277,0.2122121,0.3078792,0.140816,0.417661,0.191809,0.309184,0.147488,0.3230775,0.2313775,0.2373881,0.1996436,0.2095297,0.1352336,0.140801,0.1395164,0.1447283,0.1787543,0.2313771,0.1659397,0.3042939,0.1904824,0.2585325,0.1960719,0.3323763,0.21582,0.3192348,0.116503,0.1264935,0.2120574,0.284441,0.1382583,0.1968678,0.1251874,0.150223,0.1191117,0.1800926,0.1180167,0.1642935,0.1419136,0.1732183,0.1847668,0.2751826,0.1258269,0.3949484,0.1316743,0.1504044,0.1198719,0.2381287,0.2024221,0.3283374,0.1501488,0.3258911,0.2248959,0.3693384,0.1942472,0.3418853,0.1264995,0.4012987,0.1680163,0.2703487
0.3794191,0.220782,0.1552641,0.1244957,0.236016,0.2104668,0.2880683,0.3041804,0.241119,0.3311365,0.1580751,0.1579564,0.1805567,0.1604272,0.2776552,0.2402009,0.1684207,0.14982,0.1528105,0.1277663,0.1873421,0.1699896,0.1678905,0.1304708,0.2312558,0.1997735,0.1448918,0.1381901,0.1460792,0.1384844,0.1448177,0.1453629,0.3772209,0.2178117,0.2973548,0.191809,0.4129236,0.2130003,0.2931719,0.1854823,0.3177367,0.2564993,0.313131,0.2118059,0.183426,0.1482709,0.1722165,0.1503156,0.2035807,0.1457318,0.1755841,0.1624834,0.2291313,0.1955588,0.2433726,0.2189645,0.2410453,0.2508162,0.1238661,0.1168197,0.4298515,0.2421962,0.1559772,0.1264221,0.15157,0.1336555,0.1439865,0.1279863,0.1291019,0.1330192,0.1701701,0.1523167,0.2418532,0.2203709,0.2213425,0.1433902,0.1349142,0.1362181,0.1576503,0.1245231,0.3496771,0.2116269,0.2609397,0.1788336,0.3118518,0.2164284,0.2898779,0.1847768,0.2296009,0.1639664,0.4030927,0.2666859
0.2425144,0.4057551,0.1284449,0.1511977,0.1928787,0.2113778,0.2234288,0.2232975,0.2693646,0.2207866,0.1685369,0.1638185,0.1619141,0.1784126,0.2269597,0.2461946,0.1497002,0.1625539,0.1307135,0.2075625,0.155504,0.2839552,0.1543104,0.2129612,0.1727687,0.2466484,0.154199,0.1650232,0.1589017,0.1605629,0.1703011,0.1676509,0.2049523,0.3699096,0.1609515,0.309184,0.2130003,0.4478705,0.1866144,0.3134321,0.2227973,0.2783008,0.2103319,0.2959744,0.1586926,0.1476916,0.1470512,0.1582585,0.1477863,0.227228,0.1519678,0.2543955,0.1880859,0.2233261,0.1854346,0.2469447,0.2052016,0.2563675,0.1159817,0.1167551,0.220554,0.406464,0.1253551,0.1399129,0.1234227,0.147605,0.1199789,0.150917,0.122938,0.1583241,0.1386147,0.1688635,0.2037617,0.2305431,0.1325762,0.2522417,0.1317638,0.1382061,0.1191697,0.163891,0.1884596,0.3608558,0.1580305,0.2768843,0.20027,0.3038489,0.1514393,0.2771882,0.1305199,0.2817946,0.2923928,0.4212891
0.3453282,0.1938353,0.1526532,0.1236323,0.1864385,0.1609904,0.3661252,0.2008763,0.1791582,0.2160413,0.2170894,0.1827024,0.2066134,0.1738643,0.2170874,0.1913424,0.151129,0.1338597,0.2659822,0.1348095,0.2835423,0.18038,0.2511164,0.1533763,0.2504416,0.2129365,0.1955471,0.1549608,0.2057962,0.1480967,0.1859697,0.1689691,0.2577511,0.1810646,0.2566367,0.147488,0.2931719,0.1866144,0.3477405,0.1879378,0.2283628,0.1921432,0.2049735,0.149687,0.1492162,0.129757,0.1526239,0.1347201,0.255927,0.1702522,0.231488,0.1948594,0.2719207,0.1958606,0.283565,0.2090705,0.3078722,0.2601261,0.1362576,0.1192683,0.3094651,0.2334837,0.1558593,0.1223415,0.1424951,0.1236175,0.1713647,0.1250538,0.172847,0.1300728,0.1554539,0.1405784,0.2617002,0.2123661,0.2730259,0.1335132,0.1640595,0.1432039,0.1704533,0.1208036,0.2427178,0.1682937,0.2018077,0.1474324,0.2743695,0.187367,0.2796707,0.1739165,0.2208365,0.1419973,0.3063793,0.2206431
0.2162302,0.3735219,0.1316317,0.1552733,0.1789187,0.1998636,0.2317443,0.1923731,0.2134864,0.1866906,0.1906823,0.2139175,0.1848373,0.2166804,0.210867,0.2223723,0.1422345,0.1501251,0.1405605,0.2825407,0.1729088,0.3477572,0.170441,0.292145,0.2130519,0.2715981,0.1685991,0.2234726,0.1751642,0.2098851,0.190887,0.2137354,0.1808151,0.291046,0.1553001,0.3230775,0.1854823,0.3134321,0.1879378,0.3473801,0.2043621,0.2385465,0.171721,0.2206176,0.1433728,0.1372786,0.1402102,0.1462252,0.1790429,0.272625,0.1742932,0.3133231,0.2093484,0.2889901,0.1990571,0.3065236,0.214101,0.3231584,0.1294398,0.1262096,0.196229,0.3196726,0.1276354,0.1637216,0.1268081,0.1430525,0.1226556,0.1658899,0.1273106,0.1821076,0.1428436,0.164803,0.2229097,0.2583429,0.1348759,0.2828144,0.1496748,0.1706796,0.1212288,0.189114,0.1786252,0.2871692,0.1527023,0.2340101,0.193642,0.34463,0.1828879,0.3091655,0.131241,0.2518779,0.2651075,0.2790661
0.3469248,0.2716589,0.1647846,0.1387997,0.3273913,0.2747666,0.2985339,0.3943096,0.2984889,0.4463757,0.1437286,0.1421565,0.183656,0.165678,0.2867793,0.2750017,0.2116559,0.1919703,0.1400464,0.1312113,0.1537763,0.1710575,0.1375954,0.1354814,0.1653953,0.1507349,0.1293375,0.1267723,0.1358957,0.1261027,0.1376664,0.1345864,0.3599077,0.236695,0.221564,0.2313775,0.3177367,0.2227973,0.2283628,0.2043621,0.4004887,0.3085116,0.3811915,0.2443429,0.2144179,0.1619431,0.198969,0.1766031,0.1647815,0.1473701,0.1427934,0.1519294,0.2077923,0.1996236,0.2259751,0.2247495,0.2598794,0.2637333,0.1265954,0.1181771,0.3528901,0.2402874,0.168004,0.1429731,0.1578964,0.1404397,0.1390636,0.1285343,0.1311208,0.1277692,0.1936203,0.1834283,0.2088742,0.2169282,0.160651,0.1632429,0.1368194,0.1315943,0.1365404,0.1368497,0.3001703,0.2405667,0.2233176,0.2048667,0.2894962,0.2510082,0.2168468,0.2098297,0.170805,0.1813729,0.2966717,0.2351374
0.2843559,0.3123687,0.1396853,0.1636787,0.2686433,0.3174303,0.2740507,0.2949651,0.4056469,0.2944157,0.1420194,0.1435745,0.1851039,0.1852607,0.272062,0.2900895,0.1849734,0.2097088,0.1246176,0.1456744,0.1413735,0.2030537,0.1257561,0.1504625,0.1639927,0.1662824,0.1275855,0.1350089,0.1338303,0.1351698,0.1389024,0.1365288,0.2718892,0.3254931,0.1749898,0.2373881,0.2564993,0.2783008,0.1921432,0.2385465,0.3085116,0.3611484,0.2734283,0.312743,0.1861055,0.1880049,0.1775362,0.1859235,0.1528009,0.1539822,0.1319554,0.1744561,0.2061024,0.2023479,0.2054481,0.2310484,0.2417022,0.2769236,0.123714,0.1263697,0.2855196,0.322103,0.1467591,0.1416734,0.1447772,0.1408761,0.1250311,0.1394117,0.1218474,0.1468994,0.1744462,0.197064,0.2109412,0.2170202,0.1372619,0.1789075,0.1307695,0.1369973,0.1250209,0.1467701,0.2337451,0.2758157,0.1843139,0.2297197,0.2281287,0.2710893,0.1896542,0.2194546,0.143216,0.2112686,0.2831081,0.296853
0.3316146,0.2583337,0.150585,0.1283714,0.2810719,0.2439937,0.2241887,0.3787268,0.2972152,0.4784257,0.1361121,0.1273837,0.1587889,0.1467978,0.2587262,0.236618,0.1746045,0.1660139,0.1293521,0.125732,0.1436436,0.1391135,0.1439095,0.1283009,0.1332826,0.1217457,0.1316096,0.1303249,0.1375493,0.1293252,0.1338708,0.1299446,0.367617,0.212384,0.2333676,0.1996436,0.313131,0.2103319,0.2049735,0.171721,0.3811915,0.2734283,0.4391739,0.2692684,0.2316508,0.1505987,0.1778567,0.1581089,0.1547398,0.1350884,0.1332536,0.1407906,0.1661412,0.1536114,0.1790537,0.180031,0.1906398,0.1776695,0.1144599,0.1096694,0.3206744,0.1814378,0.1374717,0.1290345,0.1355259,0.1298189,0.1237706,0.1191852,0.1203491,0.1229713,0.1643935,0.1596969,0.1532284,0.1513379,0.1474837,0.1443142,0.1293348,0.1331084,0.1315704,0.1245492,0.3152995,0.2326951,0.2434347,0.1870708,0.2529072,0.2162084,0.1790223,0.1734682,0.1747671,0.1602625,0.2463498,0.1899103
