0.5389783,0.3514443,0.3289331,0.3324582,0.367295,0.3488931,0.5665944,0.3818373,0.3633213,0.3119213,0.3542683,0.3354673,0.3442157,0.3364879,0.3462986,0.3437919,0.3225234,0.3261999,0.3884871,0.319985,0.3935798,0.3404974,0.3952244,0.3168958,0.3382088,0.3358828,0.3573722,0.3160633,0.3559244,0.3245822,0.3586866,0.3350201,0.4347806,0.3792148,0.422842,0.3387735,0.4503312,0.3620619,0.462789,0.3491381,0.4094175,0.36375,0.396196,0.3369067,0.3458134,0.3317161,0.3311291,0.3348272,0.3699057,0.3412863,0.3827964,0.3422295,0.4134036,0.347784,0.4727382,0.3496004,0.493763,0.3731132,0.3197077,0.3247308,0.4711971,0.3918121,0.3119804,0.3305559,0.3182446,0.3315458,0.3330518,0.3225546,0.347552,0.3184358,0.3372811,0.3338275,0.3829983,0.3559199,0.3769243,0.3211165,0.3290636,0.3166906,0.3341163,0.3225937,0.4333336,0.3622198,0.3815493,0.3521293,0.49099,0.3667663,0.4598016,0.3504921,0.3754458,0.3346106,0.4194412,0.3785535
0.3514443,0.7114956,0.3145258,0.3275695,0.3433966,0.3908425,0.3501121,0.3436853,0.4161907,0.4385491,0.3219036,0.3324552,0.3176601,0.3326378,0.3453743,0.3605744,0.3185994,0.3192416,0.3277222,0.335952,0.3389812,0.3778693,0.3351968,0.3240239,0.3328946,0.3284791,0.3200917,0.3344787,0.3259612,0.3319878,0.3291456,0.3334036,0.3619428,0.4408852,0.3397163,0.3521712,0.3658974,0.4973113,0.333373,0.4791325,0.3603056,0.4046087,0.3263103,0.4057417,0.3190815,0.3276269,0.3140728,0.3232741,0.3472548,0.3695663,0.3357331,0.3361672,0.3293821,0.3930081,0.3302145,0.4135757,0.3999516,0.5972062,0.3221462,0.3361394,0.3848373,0.4734838,0.3100533,0.3307804,0.3159223,0.3411619,0.3084083,0.3306451,0.3120759,0.3233854,0.3381928,0.3549662,0.3581832,0.396809,0.3388859,0.3603061,0.3169861,0.328151,0.3161418,0.3177596,0.343739,0.4596359,0.3469281,0.4033524,0.3350787,0.5230672,0.3407562,0.4541937,0.3376636,0.3751889,0.393184,0.3603062
0.3289331,0.3145258,0.4899983,0.3372261,0.3455693,0.3253614,0.3074486,0.337294,0.304456,0.2980713,0.3311706,0.3305502,0.3520661,0.3356528,0.3556074,0.3404469,0.381896,0.3588559,0.3377875,0.3106646,0.3188688,0.3235201,0.3254985,0.3115077,0.313765,0.3252039,0.3177018,0.3145247,0.3209579,0.3243016,0.3241226,0.3256638,0.3517089,0.3227992,0.370627,0.3134528,0.3344575,0.3281552,0.3275981,0.3206173,0.3441671,0.3161944,0.3609524,0.3148238,0.3927043,0.3354245,0.3836425,0.3432487,0.3086978,0.3264457,0.3205158,0.3318212,0.3105035,0.3290354,0.3214802,0.3284798,0.3132456,0.3124104,0.3471224,0.33699,0.3332785,0.3255457,0.4527183,0.3345728,0.4054048,0.3299177,0.3730443,0.3237039,0.3516219,0.3248162,0.381951,0.3431806,0.313984,0.3235572,0.3563443,0.3127508,0.33133,0.3294649,0.4182148,0.3193757,0.3353704,0.3171032,0.3573221,0.312965,0.3306671,0.3174088,0.3356614,0.3191381,0.3616349,0.3146233,0.3271762,0.3302828
0.3324582,0.3275695,0.3372261,0.4866857,0.3370895,0.3578131,0.32579,0.3248082,0.3383085,0.3476816,0.324582,0.3282766,0.3345531,0.3471676,0.3562345,0.3547744,0.3568856,0.367342,0.3273999,0.3171519,0.3180171,0.3227781,0.3206515,0.3173856,0.3151925,0.3161746,0.3278371,0.3197277,0.3278719,0.3237211,0.3262186,0.3220385,0.3270705,0.3445925,0.3355796,0.3555607,0.3325784,0.3383687,0.3277943,0.3333723,0.3278232,0.3516308,0.3291532,0.3587766,0.3301383,0.4029855,0.3443298,0.3930435,0.3257676,0.3221731,0.3243434,0.3316485,0.3219884,0.3271329,0.3291667,0.3270662,0.327635,0.3351075,0.3311879,0.3490141,0.3333527,0.3391957,0.3378916,0.4509784,0.3391111,0.4006464,0.329213,0.3599226,0.3268001,0.3386492,0.3458225,0.3808064,0.3243588,0.3267642,0.3352186,0.3503674,0.3281536,0.3297835,0.3342068,0.3962651,0.3300871,0.3396388,0.3265932,0.3615085,0.3348345,0.3333725,0.3323726,0.3359704,0.3297219,0.3618377,0.3378656,0.3313466
0.367295,0.3433966,0.3455693,0.3370895,0.4506631,0.3972379,0.3822117,0.4489111,0.4014087,0.3394043,0.3216972,0.3216147,0.336354,0.3324112,0.3676933,0.3520491,0.4119393,0.388245,0.3309988,0.3153703,0.3270986,0.3259799,0.3267568,0.3105614,0.3255269,0.3191969,0.3250863,0.3176379,0.3278185,0.322168,0.3243153,0.3189586,0.3904381,0.3545038,0.3601707,0.3290371,0.3751943,0.3552478,0.3575467,0.3449904,0.4351679,0.3835005,0.3864883,0.357337,0.3739331,0.3510812,0.4004596,0.3614717,0.3323904,0.3270593,0.3196947,0.3205841,0.3416823,0.3307077,0.3405949,0.3339984,0.3553454,0.3507285,0.3235039,0.3213437,0.3867629,0.36445,0.3427654,0.3310075,0.3416868,0.3316368,0.3282806,0.3222001,0.3273202,0.3209043,0.3658416,0.351733,0.3343085,0.3368678,0.3386782,0.3283024,0.3264986,0.3210619,0.3404213,0.3215396,0.3549788,0.3350734,0.3531089,0.3305807,0.3533749,0.3388992,0.3368294,0.3412701,0.3420942,0.331245,0.3928052,0.3974707
0.3488931,0.3908425,0.3253614,0.3578131,0.3972379,0.4669704,0.3409013,0.3677584,0.4632517,0.4610066,0.3173458,0.3208769,0.3297597,0.3389713,0.3694492,0.388218,0.373117,0.4134641,0.3334054,0.3232433,0.3170179,0.3400914,0.3292176,0.317428,0.3088413,0.316064,0.3292828,0.3213347,0.3273796,0.3234731,0.3233314,0.3187663,0.3476703,0.3925919,0.3300779,0.3429052,0.3445257,0.3705077,0.3353884,0.3581381,0.3619224,0.4677339,0.3349618,0.4298226,0.3398937,0.3961193,0.3545722,0.4080587,0.3264453,0.3363121,0.3188529,0.3351798,0.324043,0.336033,0.3215802,0.3458588,0.3442543,0.3599917,0.3288899,0.3380671,0.3560951,0.37312,0.3245929,0.3404563,0.3311304,0.3493493,0.3189143,0.3288772,0.3222623,0.3229844,0.3447542,0.3803807,0.3343091,0.3326876,0.3340004,0.336354,0.3229695,0.3243198,0.3254873,0.327128,0.3315036,0.3636804,0.3281552,0.3607201,0.3448076,0.3630175,0.3281552,0.348568,0.3240167,0.3469662,0.3626476,0.3658173
0.5665944,0.3501121,0.3074486,0.32579,0.3822117,0.3409013,0.3764534,0.3823397,0.3971167,0.314714,0.3788007,0.3534659,0.3366042,0.3272767,0.3413177,0.3214218,0.3112438,0.3198232,0.3785993,0.3199877,0.417766,0.3563572,0.4008559,0.3156857,0.4150921,0.3563723,0.3656818,0.3181168,0.3577694,0.3242952,0.3586648,0.3450454,0.4261139,0.3928357,0.4221363,0.3304844,0.3998996,0.3697486,0.4727644,0.3507651,0.424969,0.3614965,0.3817038,0.3338341,0.3289436,0.3362289,0.3248885,0.3353223,0.4076754,0.3447542,0.3911426,0.3377421,0.5471497,0.4024768,0.5300485,0.363681,0.6558,0.4676927,0.3195584,0.3068403,0.4252394,0.4431185,0.2967579,0.3199486,0.3044179,0.3238618,0.3171571,0.310303,0.3370466,0.3095863,0.3378104,0.3262171,0.4529209,0.4654012,0.3460016,0.3176063,0.3277592,0.3209022,0.317603,0.3253863,0.4118973,0.3800845,0.3801747,0.3583023,0.4667683,0.3850839,0.4099971,0.3863898,0.3591655,0.3379946,0.3474329,0.3817849
0.3818373,0.3436853,0.337294,0.3248082,0.4489111,0.3677584,0.3823397,0.1646097,0.4383018,0.3251289,0.3158903,0.3133047,0.3207507,0.3168693,0.3353667,0.3192365,0.3493461,0.3493774,0.3308258,0.30497,0.3197805,0.3218603,0.3279109,0.3113873,0.323263,0.3229689,0.3213443,0.3162091,0.3221449,0.3241069,0.3211241,0.3176506,0.405328,0.3718106,0.3476894,0.3162729,0.3963464,0.3668708,0.3479542,0.3371363,0.4967785,0.3872591,0.4460939,0.3828744,0.3867198,0.3663327,0.3524266,0.3523064,0.3145629,0.3273578,0.3113998,0.3087013,0.3265914,0.3304389,0.3230155,0.3217117,0.3470268,0.3239322,0.3188308,0.3058279,0.4199295,0.381743,0.3265999,0.3159545,0.3327011,0.3232338,0.321746,0.3088627,0.3184253,0.3139709,0.3428358,0.3264033,0.328159,0.3352556,0.3324808,0.3075618,0.3240975,0.3217297,0.325685,0.3101821,0.3701393,0.3440084,0.3582038,0.3327601,0.3470161,0.3259797,0.333912,0.3269915,0.3412236,0.3214094,0.3988155,0.3961269
0.3633213,0.4161907,0.304456,0.3383085,0.4014087,0.4632517,0.3971167,0.4383018,0.3291512,0.6097456,0.3195022,0.320511,0.3216693,0.3341174,0.3652437,0.3815236,0.3506937,0.3740591,0.338177,0.3199288,0.3130947,0.3389873,0.3277173,0.315838,0.3090158,0.307831,0.319352,0.3213687,0.3145933,0.3261512,0.3195023,0.3209903,0.3650333,0.4100507,0.3278471,0.3324122,0.3691662,0.3835743,0.3478608,0.3486883,0.4000655,0.521403,0.3950542,0.4550419,0.3477024,0.3906806,0.3415455,0.3883046,0.3073064,0.3319628,0.3175073,0.3312609,0.3214387,0.3380517,0.3120613,0.3354896,0.3564098,0.3575165,0.3283474,0.3218112,0.3930599,0.4032914,0.319281,0.3303226,0.3223148,0.3468399,0.3179163,0.3271063,0.3211952,0.3271689,0.3332534,0.3626617,0.3248485,0.3325279,0.3346892,0.3241431,0.3088628,0.3192437,0.3168422,0.3246875,0.3435163,0.3945235,0.33355,0.3800444,0.3395675,0.3791294,0.3234226,0.3562622,0.3295562,0.3480693,0.3967324,0.3751737
0.3119213,0.4385491,0.2980713,0.3476816,0.3394043,0.4610066,0.314714,0.3251289,0.6097456,0,0.3246444,0.3207541,0.316555,0.3270775,0.3723954,0.4308149,0.3415007,0.3397006,0.3557965,0.3195334,0.3231632,0.3341421,0.3287649,0.3217816,0.3083866,0.2996691,0.3214852,0.3213497,0.3158558,0.3240552,0.3188883,0.3168727,0.3669121,0.4337831,0.3274996,0.3537144,0.3358008,0.380348,0.334005,0.3385627,0.3495699,0.5624961,0.3751819,0.5554333,0.3603983,0.4161121,0.3431096,0.354008,0.3279576,0.3163321,0.3066002,0.3319254,0.3247556,0.3184257,0.3253857,0.3449775,0.3237145,0.3336285,0.3107683,0.3222656,0.3368886,0.3602342,0.3134037,0.3375758,0.3059456,0.3464973,0.3077623,0.3388233,0.3121568,0.3274268,0.3252994,0.3723914,0.3127063,0.3048104,0.3381242,0.3476516,0.3018946,0.3172063,0.3235019,0.3347313,0.3310611,0.4181941,0.3274694,0.4053188,0.3242503,0.3953837,0.3286269,0.3526486,0.3316007,0.3598369,0.3302853,0.3632649
0.3542683,0.3219036,0.3311706,0.324582,0.3216972,0.3173458,0.3788007,0.3158903,0.3195022,0.3246444,0.4631236,0.4323902,0.3600736,0.3580397,0.3282928,0.3260525,0.3283358,0.320632,0.3655246,0.3284497,0.3546849,0.3386056,0.3810642,0.3328174,0.4133,0.4060709,0.3722149,0.3339272,0.391807,0.3517575,0.4353858,0.3992779,0.3289645,0.3286097,0.341294,0.3334121,0.3372134,0.3271132,0.3588654,0.3325874,0.3267466,0.3252681,0.3192071,0.3209272,0.3230922,0.3169678,0.3243872,0.3241798,0.3766051,0.3514204,0.3369091,0.3341147,0.3877062,0.3796215,0.363074,0.3522139,0.3681437,0.3328263,0.3359008,0.3350461,0.338146,0.3355793,0.3299823,0.3310488,0.3288942,0.3345373,0.3297825,0.3261442,0.3350345,0.3292754,0.3303452,0.3292563,0.3896953,0.3855444,0.3529543,0.3229374,0.3536964,0.3504843,0.34163,0.3157907,0.3372605,0.3274226,0.3265877,0.3203715,0.3566546,0.3382989,0.3462643,0.3333435,0.3338206,0.3198447,0.3355602,0.3363687
0.3354673,0.3324552,0.3305502,0.3282766,0.3216147,0.3208769,0.3534659,0.3133047,0.320511,0.3207541,0.4323902,0.477194,0.3473516,0.3570789,0.3330451,0.3299774,0.3245793,0.3216833,0.330844,0.3422079,0.3297675,0.3548525,0.3368791,0.352584,0.376324,0.3920773,0.3353598,0.3726344,0.3548411,0.3959668,0.4209726,0.4385574,0.3251638,0.32349,0.3360307,0.335839,0.3276322,0.3227961,0.334,0.3354492,0.325052,0.3228557,0.3200203,0.3200869,0.3227216,0.3207458,0.3283727,0.3278611,0.3457477,0.3777704,0.3264674,0.3365962,0.3626048,0.3813846,0.3361599,0.3608506,0.3532471,0.3502533,0.3337873,0.3254773,0.3295348,0.330091,0.3326076,0.3348853,0.3319726,0.3278072,0.3268407,0.3213087,0.3300578,0.3319269,0.3302326,0.3270847,0.3749051,0.3801657,0.3343075,0.3249859,0.349436,0.3579828,0.3369602,0.3187717,0.3292368,0.3257255,0.3246986,0.3252587,0.3344412,0.3408347,0.3186428,0.3385165,0.3272956,0.3260815,0.3210766,0.3269343
0.3442157,0.3176601,0.3520661,0.3345531,0.336354,0.3297597,0.3366042,0.3207507,0.3216693,0.316555,0.3600736,0.3473516,0.4519689,0.4209593,0.4086604,0.3829726,0.3467742,0.3279807,0.3673858,0.3234803,0.3379411,0.3202535,0.3500087,0.3164516,0.3403899,0.3498372,0.3523867,0.3227224,0.3539554,0.3367183,0.3434247,0.3371499,0.325357,0.3286688,0.334574,0.3265086,0.336025,0.3276926,0.3581826,0.3274697,0.3316721,0.3296947,0.3206436,0.3231442,0.3304835,0.3232767,0.3369204,0.3250388,0.3306194,0.3316797,0.3343042,0.3183287,0.3343146,0.3357875,0.3461549,0.3245249,0.3406118,0.3197611,0.402419,0.3764475,0.332128,0.3280432,0.3611837,0.3357043,0.363165,0.3376099,0.3544593,0.3354571,0.3664112,0.3389266,0.3826261,0.3624009,0.3410713,0.33811,0.3575473,0.3256398,0.4043057,0.3883348,0.3540893,0.3266831,0.322936,0.3270371,0.3254828,0.3260956,0.3367742,0.3266833,0.3315337,0.3217958,0.3374834,0.3277618,0.342993,0.335985
0.3364879,0.3326378,0.3356528,0.3471676,0.3324112,0.3389713,0.3272767,0.3168693,0.3341174,0.3270775,0.3580397,0.3570789,0.4209593,0.42278,0.3962172,0.3854793,0.3395534,0.3328742,0.3367209,0.3444397,0.3200385,0.3235439,0.3314486,0.3310241,0.3321122,0.34431,0.3355185,0.3412968,0.3409991,0.3544336,0.3463567,0.3499676,0.3234051,0.3362293,0.319381,0.3495564,0.3274716,0.3394511,0.3360477,0.3410063,0.3277237,0.3393641,0.3177135,0.3362271,0.3228871,0.3323285,0.3297616,0.3321392,0.3229078,0.3322863,0.3211315,0.3166517,0.3205454,0.3340111,0.328464,0.3283451,0.3290391,0.323412,0.387111,0.3901813,0.3258213,0.3344754,0.3400934,0.3538381,0.3420421,0.359052,0.3388951,0.3551207,0.3406918,0.3565153,0.3681012,0.3756368,0.330849,0.333124,0.3339376,0.3519672,0.3789463,0.3929169,0.3355039,0.3391476,0.3217802,0.331802,0.3198673,0.3328694,0.3315724,0.3296817,0.3249982,0.3273094,0.3234553,0.3417333,0.3282089,0.3364551
0.3462986,0.3453743,0.3556074,0.3562345,0.3676933,0.3694492,0.3413177,0.3353667,0.3652437,0.3723954,0.3282928,0.3330451,0.4086604,0.3962172,0.5835299,0.5927006,0.3588723,0.3503755,0.3416018,0.3248825,0.3477082,0.3244968,0.3350658,0.313834,0.3397225,0.3502028,0.3213028,0.3191921,0.3311581,0.325835,0.3250147,0.3270079,0.3650756,0.3532479,0.3779888,0.3352079,0.3520661,0.346498,0.3630896,0.3457571,0.3671354,0.3775306,0.3514518,0.3662275,0.3469376,0.3563565,0.3553059,0.3553855,0.3386359,0.329446,0.3165317,0.3119,0.3577074,0.3529442,0.3506578,0.344679,0.3632335,0.3246543,0.3394159,0.3396703,0.3547662,0.3435294,0.3673756,0.3355246,0.3723148,0.3544171,0.3411326,0.3285285,0.334509,0.3230784,0.441834,0.4293623,0.3705911,0.3682133,0.343054,0.3427942,0.3308852,0.3328764,0.3470433,0.3265615,0.341199,0.3405837,0.3506719,0.3450641,0.3561451,0.3515736,0.3257563,0.3447858,0.3454738,0.3399567,0.3712013,0.4111348
0.3437919,0.3605744,0.3404469,0.3547744,0.3520491,0.388218,0.3214218,0.3192365,0.3815236,0.4308149,0.3260525,0.3299774,0.3829726,0.3854793,0.5927006,0.5072481,0.3458526,0.3414406,0.3300827,0.3355177,0.3374611,0.3377934,0.3282737,0.330255,0.3499184,0.3738024,0.316894,0.3258106,0.3233545,0.3274642,0.3258262,0.3273426,0.3523107,0.3871749,0.3613946,0.3673908,0.3416646,0.3632541,0.3496385,0.354291,0.3564412,0.411356,0.3399919,0.3992874,0.3403824,0.3547876,0.3419112,0.3478973,0.3374327,0.3384071,0.3143491,0.328759,0.3572574,0.3714521,0.3456143,0.3654072,0.3696601,0.3442352,0.3347861,0.3371472,0.3414371,0.3532756,0.3402052,0.3447571,0.3370123,0.3382762,0.3269554,0.3304297,0.3190335,0.3279204,0.4046867,0.415103,0.3956029,0.3871118,0.329452,0.346097,0.3219372,0.3290102,0.3349317,0.3330239,0.3323007,0.3630936,0.3419773,0.365101,0.349612,0.380388,0.3269602,0.3492503,0.3356642,0.348671,0.3475419,0.4529011
0.3225234,0.3185994,0.381896,0.3568856,0.4119393,0.373117,0.3112438,0.3493461,0.3506937,0.3415007,0.3283358,0.3245793,0.3467742,0.3395534,0.3588723,0.3458526,0.500484,0.4502873,0.3308425,0.3125154,0.3157613,0.3141387,0.3239723,0.3104905,0.3151188,0.3152007,0.3249648,0.3164167,0.3257176,0.3213244,0.3201959,0.3185122,0.3443407,0.3378111,0.3436773,0.3326967,0.3351112,0.3415806,0.329016,0.3266588,0.3581518,0.3514862,0.3453329,0.3436395,0.3891256,0.3665962,0.45853,0.3848004,0.3263313,0.3155715,0.3203878,0.325743,0.3189704,0.3134302,0.3276601,0.3230365,0.3123484,0.3119584,0.3312216,0.3344952,0.3311229,0.337501,0.3745841,0.3483452,0.382863,0.3506778,0.3404117,0.326566,0.33301,0.3227566,0.3893528,0.3671683,0.315966,0.3122949,0.3362373,0.3255689,0.332084,0.3306157,0.3481659,0.3304443,0.3310979,0.3278126,0.3355423,0.3265534,0.3372011,0.3313046,0.3389057,0.3335575,0.3322495,0.3262102,0.3438677,0.3608207
0.3261999,0.3192416,0.3588559,0.367342,0.388245,0.4134641,0.3198232,0.3493774,0.3740591,0.3397006,0.320632,0.3216833,0.3279807,0.3328742,0.3503755,0.3414406,0.4502873,0.5065279,0.317535,0.3136586,0.3083215,0.3208755,0.3127819,0.3127863,0.3116193,0.3078867,0.3235479,0.3163786,0.3237176,0.3191673,0.3190894,0.3176522,0.3378514,0.3404006,0.3305968,0.3414866,0.3273661,0.3447742,0.3187746,0.3271458,0.3483496,0.3667864,0.3350055,0.3554083,0.354158,0.4049598,0.3840185,0.4694976,0.3269371,0.3176054,0.3183578,0.3329244,0.3205519,0.3128775,0.3212007,0.3248533,0.3208338,0.3227602,0.3273925,0.343034,0.327223,0.3403186,0.352601,0.3650968,0.376401,0.3850521,0.3275908,0.3377005,0.3245734,0.3273444,0.3733372,0.399023,0.3175036,0.3143063,0.331632,0.327307,0.3281608,0.3245344,0.3323883,0.3395651,0.3304065,0.3275614,0.3333486,0.3352941,0.3384716,0.333635,0.3335774,0.3359744,0.3261323,0.3325946,0.3313398,0.3478273
0.3884871,0.3277222,0.3377875,0.3273999,0.3309988,0.3334054,0.3785993,0.3308258,0.338177,0.3557965,0.3655246,0.330844,0.3673858,0.3367209,0.3416018,0.3300827,0.3308425,0.317535,0.4946053,0.3204611,0.4110576,0.3299587,0.4745725,0.3161798,0.3365624,0.328104,0.4107695,0.3193396,0.3792596,0.3267691,0.3508245,0.3276693,0.3348308,0.3361672,0.4038454,0.3110078,0.3453631,0.3210602,0.4208686,0.3285513,0.3304594,0.3428013,0.3153749,0.3317221,0.3378741,0.3183162,0.3357454,0.3190961,0.3759291,0.3256864,0.3712462,0.3255485,0.3672391,0.3284035,0.3905855,0.323931,0.3673934,0.3287998,0.3192836,0.3154358,0.3418602,0.3299943,0.3432728,0.3231761,0.3179041,0.3208836,0.3609271,0.3210225,0.392679,0.3267879,0.3287068,0.3248944,0.3451589,0.3281858,0.42444,0.3128807,0.3472652,0.3307439,0.3573363,0.3130707,0.3415726,0.332247,0.3436687,0.3234331,0.3845465,0.3280448,0.3865419,0.3289889,0.3731252,0.3168451,0.3360749,0.3264631
0.319985,0.335952,0.3106646,0.3171519,0.3153703,0.3232433,0.3199877,0.30497,0.3199288,0.3195334,0.3284497,0.3422079,0.3234803,0.3444397,0.3248825,0.3355177,0.3125154,0.3136586,0.3204611,0.4638267,0.3111604,0.3919333,0.3131328,0.4390801,0.3170685,0.3322485,0.3158316,0.3853219,0.3207443,0.3532692,0.3250558,0.3297676,0.3260118,0.3242272,0.3165871,0.3561379,0.3288152,0.3277736,0.3220196,0.3928613,0.3186031,0.3233315,0.3110566,0.3182303,0.310306,0.3157595,0.3137484,0.3155706,0.3179816,0.3549924,0.3025829,0.3794105,0.3176805,0.3481243,0.3089072,0.3667449,0.3282093,0.3791338,0.3231375,0.326695,0.3266011,0.3237081,0.319058,0.3229454,0.3172589,0.3187378,0.3228717,0.343311,0.3129376,0.373997,0.3190519,0.3262418,0.3256621,0.3405062,0.3219557,0.3848444,0.3197835,0.337721,0.3165018,0.3308295,0.3220812,0.3229442,0.3177553,0.3251326,0.3075758,0.3341111,0.3099637,0.3526461,0.3195687,0.3410258,0.3250412,0.3227777
0.3935798,0.3389812,0.3188688,0.3180171,0.3270986,0.3170179,0.417766,0.3197805,0.3130947,0.3231632,0.3546849,0.3297675,0.3379411,0.3200385,0.3477082,0.3374611,0.3157613,0.3083215,0.4110576,0.3111604,0.5330505,0.3315029,0.4884827,0.3177773,0.4048648,0.3574713,0.410331,0.3174377,0.3667821,0.3267356,0.3580323,0.3397789,0.3621461,0.3315525,0.3783413,0.3194421,0.3610295,0.3358798,0.4384769,0.332042,0.3400795,0.3218508,0.3185144,0.3153188,0.3255921,0.3080036,0.3278072,0.30901,0.4581699,0.3427383,0.5546603,0.3178295,0.4579858,0.3519235,0.5433954,0.3271722,0.4293999,0.3562696,0.3078541,0.3088837,0.3565944,0.3391732,0.3117886,0.3132872,0.3099869,0.3100353,0.3294936,0.3133948,0.3472189,0.3141266,0.321889,0.3128911,0.4061632,0.3732268,0.3578362,0.3105025,0.3335848,0.3238208,0.3313067,0.3173227,0.3656508,0.3301522,0.3621885,0.32018,0.4057167,0.3380443,0.4310683,0.337689,0.3575092,0.3227309,0.3568325,0.3625933
0.3404974,0.3778693,0.3235201,0.3227781,0.3259799,0.3400914,0.3563572,0.3218603,0.3389873,0.3341421,0.3386056,0.3548525,0.3202535,0.3235439,0.3244968,0.3377934,0.3141387,0.3208755,0.3299587,0.3919333,0.3315029,0.4948391,0.3175027,0.405435,0.3381623,0.3795693,0.3190517,0.3744052,0.334569,0.3621782,0.3396225,0.3470677,0.3378135,0.3661707,0.3337682,0.3479995,0.3389209,0.3494276,0.3381618,0.4269115,0.3332184,0.3490338,0.3176053,0.3384572,0.3188703,0.3296539,0.3222106,0.3326923,0.3354683,0.4501091,0.3204423,0.5154892,0.3456649,0.4256893,0.3370063,0.4805282,0.3683918,0.4509756,0.3142186,0.3155321,0.3385902,0.3574161,0.3294713,0.3188505,0.3205122,0.3187379,0.3264149,0.3189171,0.3224449,0.3278684,0.3242422,0.3299045,0.3539186,0.3928763,0.327447,0.3525441,0.3220299,0.3273468,0.3335896,0.3220239,0.3334115,0.3711838,0.3323661,0.3627243,0.3306933,0.3986326,0.3317595,0.4112884,0.3296287,0.3614657,0.3316796,0.3369843
0.3952244,0.3351968,0.3254985,0.3206515,0.3267568,0.3292176,0.4008559,0.3279109,0.3277173,0.3287649,0.3810642,0.3368791,0.3500087,0.3314486,0.3350658,0.3282737,0.3239723,0.3127819,0.4745725,0.3131328,0.4884827,0.3175027,0.538169,0.3109144,0.3512437,0.328176,0.4383316,0.3125035,0.3944916,0.3243054,0.3734534,0.3375143,0.3351214,0.3239672,0.3626128,0.3085215,0.3450278,0.3120289,0.4137681,0.3239452,0.3274017,0.3318993,0.3181783,0.3193609,0.3343878,0.3159875,0.3337694,0.3185638,0.3964446,0.3289961,0.4586787,0.3137496,0.3922587,0.3329621,0.4522592,0.3173455,0.3954546,0.3396068,0.3182852,0.3130524,0.3443653,0.323056,0.322096,0.3156482,0.311185,0.3182902,0.3390923,0.3150855,0.3675761,0.317672,0.3188064,0.3166317,0.3579073,0.3335334,0.3749122,0.3076669,0.3470598,0.3298326,0.3383805,0.3158968,0.340606,0.3251826,0.3309864,0.3165591,0.3950371,0.3321298,0.4005496,0.3272345,0.350534,0.3158687,0.3377458,0.3229863
0.3168958,0.3240239,0.3115077,0.3173856,0.3105614,0.317428,0.3156857,0.3113873,0.315838,0.3217816,0.3328174,0.352584,0.3164516,0.3310241,0.313834,0.330255,0.3104905,0.3127863,0.3161798,0.4390801,0.3177773,0.405435,0.3109144,0.4649917,0.3292186,0.3432526,0.310915,0.4082252,0.321766,0.3647465,0.3302688,0.3478637,0.3234707,0.3196159,0.3187118,0.3360486,0.3238073,0.3192882,0.31997,0.3724454,0.3154695,0.3191814,0.314601,0.3177138,0.3095155,0.3158647,0.3155974,0.3177555,0.3231956,0.369538,0.3025918,0.4274713,0.326648,0.359598,0.3153641,0.3808167,0.3248608,0.3617685,0.3118867,0.313537,0.3232433,0.3154461,0.3199776,0.3218999,0.3153473,0.3132416,0.3167693,0.3292722,0.3104897,0.3502474,0.3125578,0.3169945,0.332351,0.3447136,0.3182625,0.3525089,0.3213503,0.3329142,0.323801,0.3198978,0.3203242,0.320226,0.3204181,0.3247373,0.3080525,0.3357176,0.3102667,0.3518769,0.3183949,0.3328845,0.3140201,0.3165863
0.3382088,0.3328946,0.313765,0.3151925,0.3255269,0.3088413,0.4150921,0.323263,0.3090158,0.3083866,0.4133,0.376324,0.3403899,0.3321122,0.3397225,0.3499184,0.3151188,0.3116193,0.3365624,0.3170685,0.4048648,0.3381623,0.3512437,0.3292186,0.567108,0.5403099,0.3669788,0.3315634,0.3785505,0.3493873,0.388126,0.3770961,0.3637597,0.3465858,0.3491931,0.3353885,0.3710409,0.3633275,0.3815922,0.3421595,0.3456677,0.3190599,0.3194336,0.317978,0.3210956,0.3115552,0.3177011,0.3121262,0.4890144,0.3721187,0.3685378,0.3284117,0.5196432,0.4447422,0.4266286,0.3713332,0.4326626,0.3490147,0.312329,0.3116217,0.3636872,0.3689991,0.3075571,0.3095814,0.2991037,0.3173355,0.3167329,0.3108531,0.3191657,0.3141691,0.3220624,0.319736,0.5346185,0.5020919,0.3386901,0.3214427,0.3330902,0.3338787,0.3177528,0.3185632,0.3691714,0.3375887,0.3547051,0.3235043,0.3631473,0.3429016,0.3489434,0.3465878,0.3356394,0.3290498,0.3741927,0.4082429
0.3358828,0.3284791,0.3252039,0.3161746,0.3191969,0.316064,0.3563723,0.3229689,0.307831,0.2996691,0.4060709,0.3920773,0.3498372,0.34431,0.3502028,0.3738024,0.3152007,0.3078867,0.328104,0.3322485,0.3574713,0.3795693,0.328176,0.3432526,0.5403099,0.5531961,0.3411955,0.3433794,0.3618406,0.3722138,0.3825573,0.3898159,0.3443391,0.3582427,0.3451403,0.3436337,0.3656055,0.3620016,0.3574103,0.3605362,0.3341931,0.3297912,0.3177289,0.3208882,0.3215048,0.3152818,0.3183114,0.3155876,0.4070726,0.4448538,0.3384477,0.3509081,0.4328319,0.5012815,0.3630097,0.4225465,0.3981993,0.3617062,0.3208392,0.3228548,0.3590291,0.3661528,0.3227628,0.3112187,0.3075623,0.3170246,0.3253536,0.312406,0.3271831,0.3168415,0.3263983,0.3277417,0.5085847,0.5172723,0.3420754,0.3230633,0.3407196,0.3423684,0.3291319,0.3147567,0.3469423,0.3452111,0.3380293,0.3327697,0.3421353,0.361656,0.3430141,0.357827,0.3352269,0.3312784,0.3798816,0.4054588
0.3573722,0.3200917,0.3177018,0.3278371,0.3250863,0.3292828,0.3656818,0.3213443,0.319352,0.3214852,0.3722149,0.3353598,0.3523867,0.3355185,0.3213028,0.316894,0.3249648,0.3235479,0.4107695,0.3158316,0.410331,0.3190517,0.4383316,0.310915,0.3669788,0.3411955,0.4383384,0.3168225,0.4099271,0.3282678,0.3726657,0.3394864,0.3351096,0.3253536,0.3400366,0.3194853,0.3400354,0.323463,0.3706754,0.3270822,0.3264239,0.3285237,0.317607,0.3196895,0.327891,0.3154486,0.3283177,0.3242983,0.4095562,0.3320437,0.4188901,0.3133265,0.3812188,0.3363031,0.4014277,0.3248729,0.360837,0.3379633,0.3339176,0.330933,0.3396222,0.3286162,0.3197529,0.3238061,0.3170968,0.3248456,0.3352778,0.3214385,0.3652034,0.3201936,0.3259081,0.3259813,0.3614736,0.3412177,0.3590526,0.3199568,0.3641881,0.3391218,0.3294457,0.3171871,0.339301,0.324621,0.3293738,0.3170735,0.3710002,0.327523,0.3605316,0.3291779,0.3341594,0.3207712,0.3355195,0.3295778
0.3160633,0.3344787,0.3145247,0.3197277,0.3176379,0.3213347,0.3181168,0.3162091,0.3213687,0.3213497,0.3339272,0.3726344,0.3227224,0.3412968,0.3191921,0.3258106,0.3164167,0.3163786,0.3193396,0.3853219,0.3174377,0.3744052,0.3125035,0.4082252,0.3315634,0.3433794,0.3168225,0.4171295,0.3281378,0.3877998,0.3386035,0.3607628,0.3252133,0.3214656,0.3176366,0.3332394,0.3200731,0.3207686,0.3205552,0.3476566,0.3214358,0.3203059,0.3180229,0.320117,0.3188489,0.3122476,0.3225872,0.3193969,0.3320485,0.3697167,0.3179293,0.3691477,0.3240775,0.3481638,0.3173587,0.3571809,0.321109,0.3497979,0.31945,0.3152308,0.3177858,0.3206518,0.3210258,0.3247902,0.3172727,0.3159812,0.3178248,0.3303305,0.3188584,0.3556473,0.3178203,0.3205351,0.3313389,0.3416288,0.3194306,0.3404066,0.3332887,0.3463014,0.3195403,0.3216695,0.3195124,0.3239763,0.3195235,0.3225867,0.3135208,0.3313597,0.3129705,0.3382694,0.3162419,0.3285171,0.3097917,0.3165321
0.3559244,0.3259612,0.3209579,0.3278719,0.3278185,0.3273796,0.3577694,0.3221449,0.3145933,0.3158558,0.391807,0.3548411,0.3539554,0.3409991,0.3311581,0.3233545,0.3257176,0.3237176,0.3792596,0.3207443,0.3667821,0.334569,0.3944916,0.321766,0.3785505,0.3618406,0.4099271,0.3281378,0.4145049,0.3396544,0.4045052,0.3605186,0.3365575,0.3251324,0.3317017,0.3227284,0.3381712,0.3250457,0.3588331,0.3314088,0.3303142,0.3266429,0.3246758,0.321212,0.326062,0.3187629,0.3262222,0.3259507,0.3958475,0.3387623,0.3651289,0.3315254,0.37661,0.3469636,0.3703029,0.3352917,0.3529717,0.337803,0.3448497,0.3351437,0.3383126,0.3284379,0.3222764,0.3241796,0.3224754,0.3264991,0.3328632,0.3211387,0.3555038,0.3226435,0.3303134,0.3279295,0.3653196,0.3495294,0.345712,0.3206479,0.3833785,0.3513712,0.3331362,0.3154652,0.3372146,0.3240086,0.3260594,0.3176942,0.3668336,0.3274516,0.3491456,0.3282821,0.3288674,0.3213688,0.332214,0.3309599
0.3245822,0.3319878,0.3243016,0.3237211,0.322168,0.3234731,0.3242952,0.3241069,0.3261512,0.3240552,0.3517575,0.3959668,0.3367183,0.3544336,0.325835,0.3274642,0.3213244,0.3191673,0.3267691,0.3532692,0.3267356,0.3621782,0.3243054,0.3647465,0.3493873,0.3722138,0.3282678,0.3877998,0.3396544,0.4030929,0.3614327,0.3921403,0.3234625,0.3273574,0.3254371,0.331038,0.325738,0.3276025,0.3297152,0.338727,0.3236469,0.3237874,0.3188636,0.3240994,0.3226942,0.3158275,0.3277501,0.3241692,0.3374565,0.3927236,0.3325323,0.3495297,0.3313647,0.3682207,0.3258913,0.3538529,0.3269065,0.3371345,0.3358025,0.329557,0.3233612,0.3273343,0.3260717,0.3283079,0.3223003,0.3243137,0.3220809,0.332109,0.3264611,0.3514943,0.3256444,0.3248792,0.3437876,0.3524028,0.3255313,0.3304206,0.3522186,0.3753938,0.3250153,0.3205814,0.3211833,0.3273835,0.318868,0.3245975,0.3240184,0.3320459,0.3220298,0.3351996,0.3211569,0.3270864,0.3233441,0.3274734
0.3586866,0.3291456,0.3241226,0.3262186,0.3243153,0.3233314,0.3586648,0.3211241,0.3195023,0.3188883,0.4353858,0.4209726,0.3434247,0.3463567,0.3250147,0.3258262,0.3201959,0.3190894,0.3508245,0.3250558,0.3580323,0.3396225,0.3734534,0.3302688,0.388126,0.3825573,0.3726657,0.3386035,0.4045052,0.3614327,0.4551863,0.4235143,0.3346653,0.3240648,0.3296065,0.3343952,0.3351147,0.3256041,0.3525722,0.3298114,0.330182,0.3256129,0.3261515,0.3206423,0.3248431,0.3214135,0.3236215,0.3292571,0.3700866,0.3553333,0.3437805,0.3371814,0.3803384,0.3633572,0.3618443,0.3431364,0.356128,0.3400717,0.3476491,0.3389237,0.3375837,0.3300092,0.3216874,0.3302347,0.325528,0.3331884,0.3281789,0.3215602,0.3358839,0.3270129,0.3282182,0.3271068,0.3796505,0.3628213,0.3349657,0.323746,0.3601733,0.3520944,0.3380527,0.3149621,0.3375909,0.3228388,0.3251681,0.3202379,0.3645772,0.3298792,0.3385637,0.3262334,0.326019,0.3250573,0.3289845,0.3285543
0.3350201,0.3334036,0.3256638,0.3220385,0.3189586,0.3187663,0.3450454,0.3176506,0.3209903,0.3168727,0.3992779,0.4385574,0.3371499,0.3499676,0.3270079,0.3273426,0.3185122,0.3176522,0.3276693,0.3297676,0.3397789,0.3470677,0.3375143,0.3478637,0.3770961,0.3898159,0.3394864,0.3607628,0.3605186,0.3921403,0.4235143,0.4409266,0.3241586,0.3253347,0.3286141,0.3242731,0.3253982,0.3273908,0.3357295,0.3278089,0.3224625,0.3216091,0.3195332,0.3211855,0.319754,0.315543,0.3253146,0.3253497,0.3468337,0.3673535,0.3404441,0.348254,0.3563535,0.3720256,0.3409115,0.3495901,0.3437014,0.3297014,0.3429418,0.3315983,0.3281851,0.3295819,0.3251497,0.3270345,0.3252612,0.3261943,0.3246187,0.318991,0.3286189,0.3277549,0.3264576,0.3241477,0.362697,0.364444,0.3255976,0.3175851,0.3512172,0.3523938,0.3314421,0.3130577,0.3267343,0.3225722,0.3215379,0.320341,0.3374131,0.3322328,0.325439,0.3257758,0.322438,0.3199931,0.3233379,0.3279652
0.4347806,0.3619428,0.3517089,0.3270705,0.3904381,0.3476703,0.4261139,0.405328,0.3650333,0.3669121,0.3289645,0.3251638,0.325357,0.3234051,0.3650756,0.3523107,0.3443407,0.3378514,0.3348308,0.3260118,0.3621461,0.3378135,0.3351214,0.3234707,0.3637597,0.3443391,0.3351096,0.3252133,0.3365575,0.3234625,0.3346653,0.3241586,0.5001139,0.3651369,0.392505,0.3288464,0.4645784,0.3722515,0.3987677,0.3654704,0.4608476,0.3664587,0.4626576,0.3550745,0.3801191,0.3391857,0.3561654,0.3423147,0.3621307,0.3409421,0.3374361,0.3317329,0.3878891,0.3621316,0.3908615,0.3658551,0.3976386,0.3984438,0.3119635,0.3145538,0.4739727,0.3810676,0.335302,0.3186128,0.3303043,0.3258478,0.3253267,0.3216581,0.3271215,0.3259752,0.3444452,0.3295076,0.3697856,0.3815177,0.3480071,0.3323734,0.3249556,0.3173124,0.3430768,0.3142821,0.4567253,0.3477163,0.4234225,0.3331119,0.4096131,0.3657882,0.3854361,0.367518,0.3679545,0.3309105,0.4719526,0.442029
0.3792148,0.4408852,0.3227992,0.3445925,0.3545038,0.3925919,0.3928357,0.3718106,0.4100507,0.4337831,0.3286097,0.32349,0.3286688,0.3362293,0.3532479,0.3871749,0.3378111,0.3404006,0.3361672,0.3242272,0.3315525,0.3661707,0.3239672,0.3196159,0.3465858,0.3582427,0.3253536,0.3214656,0.3251324,0.3273574,0.3240648,0.3253347,0.3651369,0.4785012,0.3429742,0.3767208,0.3757564,0.46565,0.3608461,0.3950866,0.3700078,0.4423922,0.343794,0.4397073,0.3312937,0.3636917,0.3278711,0.3438729,0.3367071,0.353951,0.3205327,0.3515852,0.3505154,0.3826561,0.3542816,0.3922121,0.3838955,0.4133044,0.3255283,0.3344398,0.388553,0.4684182,0.3217598,0.3371766,0.3253835,0.3353579,0.3199136,0.3251022,0.3204935,0.3181737,0.3367058,0.357779,0.366761,0.3818651,0.3387277,0.3421023,0.3198295,0.3224643,0.3217472,0.3292128,0.3522149,0.4559421,0.3407094,0.4157631,0.3670962,0.4310193,0.3549037,0.3992858,0.3342619,0.373588,0.4005436,0.4344116
0.422842,0.3397163,0.370627,0.3355796,0.3601707,0.3300779,0.4221363,0.3476894,0.3278471,0.3274996,0.341294,0.3360307,0.334574,0.319381,0.3779888,0.3613946,0.3436773,0.3305968,0.4038454,0.3165871,0.3783413,0.3337682,0.3626128,0.3187118,0.3491931,0.3451403,0.3400366,0.3176366,0.3317017,0.3254371,0.3296065,0.3286141,0.392505,0.3429742,0.3572121,0.3322605,0.410597,0.3239923,0.4410624,0.329448,0.3646234,0.3408657,0.3419309,0.3341075,0.3587494,0.3238845,0.3463246,0.3198901,0.3587288,0.3365147,0.3455382,0.3448621,0.3788789,0.3499855,0.3841442,0.3506756,0.3926971,0.3509793,0.3250402,0.318829,0.3961661,0.3387919,0.3583239,0.3316688,0.3262477,0.3332319,0.3697698,0.3166214,0.3609824,0.3097714,0.3549772,0.3381406,0.3582697,0.3566272,0.4684146,0.3184127,0.3183762,0.3123286,0.380365,0.3286263,0.3972538,0.3377461,0.4424784,0.337334,0.3754952,0.3487942,0.3764648,0.3441874,0.497423,0.3322449,0.3951083,0.3477139
0.3387735,0.3521712,0.3134528,0.3555607,0.3290371,0.3429052,0.3304844,0.3162729,0.3324122,0.3537144,0.3334121,0.335839,0.3265086,0.3495564,0.3352079,0.3673908,0.3326967,0.3414866,0.3110078,0.3561379,0.3194421,0.3479995,0.3085215,0.3360486,0.3353885,0.3436337,0.3194853,0.3332394,0.3227284,0.331038,0.3343952,0.3242731,0.3288464,0.3767208,0.3322605,0.5734073,0.3347379,0.3975021,0.3261339,0.394653,0.325866,0.3556782,0.3224066,0.346736,0.3193781,0.3389834,0.3227046,0.3422953,0.3404771,0.3550125,0.3104309,0.3322073,0.345629,0.3634377,0.3396021,0.3620938,0.3545845,0.365239,0.3284815,0.3589065,0.3359779,0.3689342,0.3215578,0.3373348,0.3324701,0.3431918,0.3364984,0.3871712,0.3282908,0.3719438,0.3303866,0.3493712,0.3559585,0.3558579,0.3289407,0.5290601,0.312544,0.3297924,0.33847,0.377542,0.3269418,0.376653,0.3234141,0.4226621,0.3279126,0.357378,0.3261247,0.3550412,0.3245041,0.4940777,0.3301124,0.3966474
0.4503312,0.3658974,0.3344575,0.3325784,0.3751943,0.3445257,0.3998996,0.3963464,0.3691662,0.3358008,0.3372134,0.3276322,0.336025,0.3274716,0.3520661,0.3416646,0.3351112,0.3273661,0.3453631,0.3288152,0.3610295,0.3389209,0.3450278,0.3238073,0.3710409,0.3656055,0.3400354,0.3200731,0.3381712,0.325738,0.3351147,0.3253982,0.4645784,0.3757564,0.410597,0.3347379,0.5148937,0.3825172,0.4315156,0.3683207,0.4153233,0.3725215,0.4049556,0.3373862,0.3529259,0.3316608,0.3380409,0.3325782,0.3530237,0.3563349,0.3429402,0.33343,0.3723073,0.3778049,0.3743173,0.3713385,0.375773,0.3807113,0.3164505,0.3173825,0.5295482,0.3935215,0.3270639,0.3242943,0.3241104,0.3353787,0.3302107,0.3214909,0.3341573,0.3250388,0.3368048,0.3362204,0.3692118,0.3827024,0.3927419,0.3331753,0.3248007,0.3203427,0.3362876,0.3114072,0.4526893,0.3486206,0.4049024,0.3365613,0.3797934,0.3673455,0.3898182,0.3670279,0.3883803,0.3335828,0.5882469,0.4463149
0.3620619,0.4973113,0.3281552,0.3383687,0.3552478,0.3705077,0.3697486,0.3668708,0.3835743,0.380348,0.3271132,0.3227961,0.3276926,0.3394511,0.346498,0.3632541,0.3415806,0.3447742,0.3210602,0.3277736,0.3358798,0.3494276,0.3120289,0.3192882,0.3633275,0.3620016,0.323463,0.3207686,0.3250457,0.3276025,0.3256041,0.3273908,0.3722515,0.46565,0.3239923,0.3975021,0.3825172,0.5082121,0.3528844,0.4144451,0.3748547,0.3966005,0.3475763,0.3833762,0.3253004,0.3428358,0.3243653,0.3417141,0.3470902,0.350823,0.3313746,0.3341288,0.3510204,0.370074,0.3530333,0.3775138,0.362096,0.4189728,0.3277982,0.3356801,0.3941007,0.4954871,0.3217066,0.3377087,0.3309858,0.334768,0.3185022,0.3289142,0.3190235,0.3216999,0.3429368,0.3515441,0.3646577,0.3757738,0.3312501,0.3638269,0.3235183,0.3241976,0.319219,0.3274757,0.3568641,0.4397906,0.3478731,0.3930578,0.3658839,0.4084048,0.3576885,0.391645,0.3283294,0.3700194,0.4263818,0.4655633
0.462789,0.333373,0.3275981,0.3277943,0.3575467,0.3353884,0.4727644,0.3479542,0.3478608,0.334005,0.3588654,0.334,0.3581826,0.3360477,0.3630896,0.3496385,0.329016,0.3187746,0.4208686,0.3220196,0.4384769,0.3381618,0.4137681,0.31997,0.3815922,0.3574103,0.3706754,0.3205552,0.3588331,0.3297152,0.3525722,0.3357295,0.3987677,0.3608461,0.4410624,0.3261339,0.4315156,0.3528844,0.4611869,0.345678,0.374572,0.3549184,0.3540628,0.3332045,0.3396432,0.3207768,0.337445,0.3177907,0.3977876,0.344322,0.3929238,0.334137,0.4256902,0.3527146,0.4549252,0.3448631,0.4303716,0.3501802,0.3232444,0.3188167,0.4249776,0.3691256,0.3229198,0.3210121,0.3166765,0.3245207,0.3375403,0.3189902,0.350791,0.3213713,0.3343491,0.3292793,0.3842941,0.3665713,0.3967378,0.3195388,0.337342,0.3275276,0.3469591,0.3161055,0.3949271,0.3434213,0.3794439,0.3325378,0.4161293,0.3491711,0.4148519,0.347459,0.3890977,0.3282095,0.449445,0.4056347
0.3491381,0.4791325,0.3206173,0.3333723,0.3449904,0.3581381,0.3507651,0.3371363,0.3486883,0.3385627,0.3325874,0.3354492,0.3274697,0.3410063,0.3457571,0.354291,0.3266588,0.3271458,0.3285513,0.3928613,0.332042,0.4269115,0.3239452,0.3724454,0.3421595,0.3605362,0.3270822,0.3476566,0.3314088,0.338727,0.3298114,0.3278089,0.3654704,0.3950866,0.329448,0.394653,0.3683207,0.4144451,0.345678,0.4510683,0.3585037,0.3672149,0.3349808,0.3590603,0.3223401,0.3337364,0.3207818,0.3294696,0.3399453,0.3876897,0.3236671,0.392985,0.3376744,0.4047942,0.3365497,0.4296539,0.3683182,0.5023344,0.3178391,0.3269521,0.3743717,0.4021108,0.3213643,0.3285437,0.325005,0.3292596,0.3220163,0.3376102,0.3187052,0.3397316,0.3334351,0.3441039,0.3517815,0.3913745,0.326805,0.3999175,0.3175484,0.3275506,0.3191255,0.3343212,0.3466828,0.3910831,0.3397457,0.3703971,0.3401234,0.4235632,0.3389871,0.4197685,0.3263967,0.3790324,0.4021915,0.3951025
0.4094175,0.3603056,0.3441671,0.3278232,0.4351679,0.3619224,0.424969,0.4967785,0.4000655,0.3495699,0.3267466,0.325052,0.3316721,0.3277237,0.3671354,0.3564412,0.3581518,0.3483496,0.3304594,0.3186031,0.3400795,0.3332184,0.3274017,0.3154695,0.3456677,0.3341931,0.3264239,0.3214358,0.3303142,0.3236469,0.330182,0.3224625,0.4608476,0.3700078,0.3646234,0.325866,0.4153233,0.3748547,0.374572,0.3585037,0.4883321,0.3773933,0.4538319,0.3683279,0.3819101,0.3518779,0.3590556,0.3492513,0.3371905,0.3389843,0.3233206,0.3208821,0.3641775,0.3523676,0.3604182,0.3521602,0.3888645,0.381178,0.3159662,0.3113718,0.4366397,0.3896175,0.3317503,0.3221396,0.3307889,0.3249373,0.3228357,0.3177394,0.326112,0.3199655,0.3556475,0.3371516,0.3581014,0.3698903,0.3348128,0.3249708,0.3305435,0.3207089,0.3360974,0.3189648,0.3983887,0.3452242,0.3832471,0.332892,0.3822468,0.3559022,0.3537326,0.3591096,0.3484654,0.3303627,0.4235338,0.4452307
0.36375,0.4046087,0.3161944,0.3516308,0.3835005,0.4677339,0.3614965,0.3872591,0.521403,0.5624961,0.3252681,0.3228557,0.3296947,0.3393641,0.3775306,0.411356,0.3514862,0.3667864,0.3428013,0.3233315,0.3218508,0.3490338,0.3318993,0.3191814,0.3190599,0.3297912,0.3285237,0.3203059,0.3266429,0.3237874,0.3256129,0.3216091,0.3664587,0.4423922,0.3408657,0.3556782,0.3725215,0.3966005,0.3549184,0.3672149,0.3773933,0.5099121,0.3537827,0.4755583,0.3457407,0.3968005,0.3433699,0.3761431,0.3264185,0.3409966,0.3182171,0.3408937,0.3356502,0.3537479,0.3332635,0.364439,0.3607233,0.372219,0.3228528,0.3282477,0.3872674,0.4058805,0.3188749,0.3341849,0.3214642,0.3441235,0.3181554,0.324913,0.3200299,0.3193266,0.3379881,0.3759562,0.3483473,0.3485122,0.3402643,0.3401935,0.3187917,0.3204955,0.324596,0.327515,0.3426673,0.3999477,0.3336297,0.3879741,0.3561998,0.3934581,0.3385157,0.3652837,0.3321361,0.359018,0.3988085,0.4040665
0.396196,0.3263103,0.3609524,0.3291532,0.3864883,0.3349618,0.3817038,0.4460939,0.3950542,0.3751819,0.3192071,0.3200203,0.3206436,0.3177135,0.3514518,0.3399919,0.3453329,0.3350055,0.3153749,0.3110566,0.3185144,0.3176053,0.3181783,0.314601,0.3194336,0.3177289,0.317607,0.3180229,0.3246758,0.3188636,0.3261515,0.3195332,0.4626576,0.343794,0.3419309,0.3224066,0.4049556,0.3475763,0.3540628,0.3349808,0.4538319,0.3537827,0.5130881,0.3501559,0.4130597,0.3460774,0.3778732,0.3430888,0.3106672,0.3184021,0.3044802,0.3203416,0.3227618,0.3252078,0.3261792,0.3347193,0.3407834,0.3329134,0.3091873,0.3046641,0.4316124,0.3515157,0.3416677,0.3232773,0.3406678,0.3220884,0.3181551,0.3230645,0.3177871,0.3263523,0.3378249,0.321325,0.3180199,0.3313651,0.3168503,0.3236983,0.3266829,0.3152341,0.3402598,0.3252634,0.4038633,0.3363446,0.3827404,0.3302352,0.3542714,0.3356767,0.3366142,0.3333404,0.3402424,0.3232927,0.4127549,0.3944477
