0.4997251,0.2859149,0.2502522,0.2155481,0.2933225,0.2606959,0.5522264,0.2881273,0.283899,0.2495595,0.2477319,0.2248829,0.2424985,0.231693,0.2621427,0.2651649,0.22803,0.2155594,0.2922637,0.2285852,0.3235443,0.2918478,0.2890741,0.2264465,0.2770749,0.2511486,0.2524949,0.22369,0.2380287,0.2193052,0.2306882,0.215872,0.3746394,0.3062742,0.3945727,0.2592502,0.3931059,0.2837105,0.4115464,0.2811259,0.3382028,0.2856986,0.3270734,0.2451306,0.2609107,0.2106059,0.2356835,0.2069159,0.306375,0.2665191,0.2963882,0.2815781,0.3719603,0.2915824,0.4214806,0.3149448,0.465958,0.3623317,0.2198719,0.2130159,0.410138,0.3275151,0.2273456,0.2195381,0.2246614,0.2109848,0.2269294,0.2203533,0.2376399,0.2218889,0.2479497,0.2322178,0.3240535,0.3171843,0.2890018,0.2390777,0.2099401,0.2087899,0.2231934,0.2219064,0.3784338,0.2948272,0.3320707,0.274615,0.4332877,0.3234634,0.3998604,0.301328,0.3073918,0.2603857,0.3232575,0.3010657
0.2859149,0.6966655,0.2381125,0.2265789,0.2856112,0.3083225,0.3051558,0.2455914,0.3269981,0.3783836,0.2425881,0.2404038,0.2355242,0.2409424,0.2458741,0.2971363,0.246948,0.2381639,0.2178758,0.2635008,0.2642292,0.3321585,0.2198583,0.2541696,0.2864631,0.2775931,0.2300619,0.2286272,0.2312245,0.2260457,0.2335889,0.2366772,0.3203631,0.3835739,0.2417867,0.2879889,0.3029589,0.4502977,0.2560768,0.4403709,0.308015,0.3230767,0.2646628,0.3184869,0.2448255,0.2385722,0.2320034,0.2324972,0.2687705,0.2922775,0.2582025,0.3077691,0.2900527,0.3624006,0.2893288,0.3860427,0.3770229,0.603907,0.2343451,0.2228753,0.3224872,0.4205113,0.2354004,0.2151118,0.2256795,0.2168647,0.2213548,0.222094,0.2173028,0.2185106,0.2499287,0.2524567,0.3160139,0.3711829,0.2334746,0.2967324,0.2401325,0.2250236,0.2120307,0.224024,0.2928471,0.4167071,0.2851761,0.3471301,0.2795105,0.499393,0.2878735,0.4209869,0.2375619,0.306955,0.3263108,0.3187437
0.2502522,0.2381125,0.4427645,0.2182977,0.2605582,0.2306584,0.2436963,0.2390001,0.2220927,0.2228802,0.2241176,0.2218191,0.2459424,0.2292139,0.2670019,0.2467905,0.2825627,0.2495879,0.2517974,0.2211593,0.2344529,0.2213088,0.2392789,0.2263867,0.2192499,0.2131343,0.230446,0.2165204,0.2256004,0.2149731,0.2155986,0.2131536,0.2772743,0.2220859,0.3009254,0.2261047,0.263551,0.2321152,0.2579445,0.231845,0.2609729,0.223748,0.2826996,0.2166654,0.3176129,0.2228535,0.289399,0.2275398,0.2286242,0.2135999,0.2283315,0.2219161,0.2344308,0.2202549,0.2440939,0.2220334,0.2458032,0.249159,0.2338742,0.2244573,0.2545148,0.2264223,0.3875143,0.2130565,0.3340157,0.2164066,0.2917121,0.2182904,0.2558776,0.2209149,0.2918644,0.2321904,0.2239094,0.2238551,0.2845091,0.2234981,0.2276605,0.2229852,0.3496166,0.2136587,0.2657614,0.2201159,0.2849517,0.2143056,0.2473355,0.2233713,0.252641,0.2236606,0.2888008,0.2149536,0.2527172,0.2441682
0.2155481,0.2265789,0.2182977,0.4387349,0.2329499,0.2627827,0.2217583,0.2302393,0.2469969,0.2389804,0.2258839,0.2249134,0.237214,0.2558446,0.2573093,0.2633475,0.2534803,0.2776746,0.2121205,0.2347187,0.2145661,0.226538,0.2128987,0.2306161,0.222573,0.218233,0.220532,0.2287876,0.2228331,0.221985,0.222839,0.2183771,0.2239943,0.2569735,0.2098978,0.2527276,0.2249077,0.2435074,0.2165867,0.2363183,0.2290697,0.2589152,0.2166083,0.2832222,0.2230982,0.3279817,0.2326881,0.3139757,0.2216586,0.2214332,0.2203544,0.2169951,0.2243881,0.2244542,0.2259109,0.2216149,0.2219185,0.2310548,0.2272752,0.2552835,0.2198856,0.2395989,0.2180431,0.3881259,0.2336172,0.3341152,0.2213978,0.2782336,0.2219479,0.2463075,0.2535964,0.3052897,0.2205375,0.2259612,0.2216354,0.2604461,0.220341,0.2223456,0.2165259,0.3256886,0.2232478,0.2438319,0.2195768,0.2779624,0.2203889,0.2263759,0.2208494,0.2244898,0.2160707,0.2715895,0.2293531,0.2495321
0.2933225,0.2856112,0.2605582,0.2329499,0.3884091,0.3222139,0.3174338,0.3786774,0.3357962,0.2627301,0.2250972,0.2217982,0.2368996,0.2405853,0.2768741,0.2693523,0.3428957,0.3019627,0.2308241,0.2284968,0.2511634,0.2465435,0.2270842,0.2286577,0.2527881,0.2385891,0.2256708,0.2216294,0.2212298,0.2196219,0.2163348,0.2151225,0.3368759,0.275413,0.2779468,0.2282827,0.3262458,0.2837867,0.2835353,0.2752821,0.3711674,0.3099613,0.3279427,0.2733327,0.3147382,0.2600871,0.3365496,0.2691373,0.2466862,0.2455573,0.2418042,0.2366058,0.2694617,0.2563896,0.2663603,0.2587769,0.2894661,0.308113,0.2135616,0.2312216,0.3358636,0.2944354,0.2530873,0.2242345,0.2557986,0.2332476,0.2268077,0.2288627,0.2213956,0.2198744,0.2776949,0.2587075,0.2564062,0.269844,0.2504736,0.2346202,0.2161715,0.2173358,0.2239411,0.2259106,0.2924781,0.2538889,0.2831108,0.2397486,0.2685975,0.2579997,0.2548403,0.258914,0.2513984,0.2327157,0.3594027,0.3368024
0.2606959,0.3083225,0.2306584,0.2627827,0.3222139,0.4099059,0.2684175,0.2877721,0.4036784,0.4118161,0.224937,0.2229188,0.2392264,0.2494832,0.2703923,0.3220613,0.2903142,0.337533,0.219369,0.2274667,0.2251607,0.2475339,0.2214228,0.2295362,0.2279101,0.2384422,0.2219344,0.2225019,0.2206675,0.2206079,0.2193312,0.2183202,0.2606697,0.3308565,0.237412,0.2735656,0.280672,0.2991382,0.2518866,0.2774152,0.2777435,0.4107202,0.2458078,0.3709651,0.2403019,0.3257019,0.2643557,0.3314832,0.2245338,0.2397808,0.2290429,0.2414211,0.2378668,0.2552883,0.2369282,0.2621303,0.269985,0.2896639,0.2307748,0.2343828,0.28534,0.3045495,0.2375888,0.2399607,0.2323686,0.2563849,0.2222495,0.2360427,0.2214783,0.2264944,0.2481967,0.2912553,0.2503817,0.256064,0.2371856,0.243726,0.2204556,0.2274712,0.217792,0.239633,0.2432884,0.2962207,0.2342039,0.2890046,0.2464109,0.2789414,0.2351084,0.2610446,0.2275902,0.2638266,0.316267,0.3131046
0.5522264,0.3051558,0.2436963,0.2217583,0.3174338,0.2684175,0.3715318,0.2849436,0.2971012,0.2627378,0.2841967,0.2575411,0.2382489,0.2386817,0.259285,0.2389089,0.2261235,0.2231814,0.2821714,0.2346389,0.3572626,0.3297398,0.2790141,0.2347592,0.3812156,0.2869009,0.2473171,0.2247687,0.2390977,0.220587,0.2331582,0.2183661,0.3954382,0.3433987,0.419464,0.2645955,0.3675735,0.3010553,0.439439,0.3073453,0.3643054,0.2944104,0.3251498,0.2685569,0.2520951,0.2207216,0.2282447,0.2171559,0.3540534,0.2826328,0.2849063,0.3022522,0.5231352,0.3700997,0.474472,0.3416268,0.6303129,0.489305,0.2248287,0.2222134,0.3860869,0.3935123,0.2329287,0.2137677,0.2279883,0.2155446,0.2222283,0.2263701,0.2207808,0.2203886,0.2571493,0.229285,0.4064775,0.44883,0.2701018,0.2452047,0.2099268,0.205177,0.2254438,0.2225939,0.3776361,0.3358601,0.3656826,0.2964034,0.4204882,0.3624313,0.3671685,0.3528435,0.3247193,0.2801445,0.2866291,0.3136009
0.2881273,0.2455914,0.2390001,0.2302393,0.3786774,0.2877721,0.2849436,0.1384595,0.3614301,0.2409796,0.2099858,0.2112927,0.2220226,0.2242646,0.2486995,0.2592897,0.2713438,0.2651108,0.2256111,0.2198517,0.2317228,0.228565,0.2244706,0.2166687,0.2204899,0.2192765,0.2253948,0.2167503,0.2150965,0.2166518,0.2098927,0.2100319,0.3236196,0.2894241,0.2447391,0.2253369,0.3204854,0.2839148,0.2529258,0.2545587,0.4266054,0.3113427,0.3881645,0.3047821,0.33274,0.2871558,0.2860718,0.2588371,0.2308971,0.2377133,0.2490327,0.2235591,0.2200469,0.224982,0.2225986,0.2407248,0.2404429,0.2460718,0.2066895,0.2116624,0.3497784,0.3009544,0.2221117,0.2153251,0.2222091,0.2107709,0.2175993,0.2186372,0.2180893,0.2163998,0.2240264,0.2138178,0.2195521,0.2246859,0.237332,0.2262651,0.2041102,0.2114015,0.225211,0.2249702,0.2893657,0.2579029,0.2576702,0.2507823,0.2542853,0.2416867,0.2287342,0.2411628,0.2378668,0.2350687,0.3298236,0.3234757
0.283899,0.3269981,0.2220927,0.2469969,0.3357962,0.4036784,0.2971012,0.3614301,0.2796277,0.606227,0.2190614,0.2195018,0.2245437,0.2351727,0.2601226,0.305715,0.2696153,0.2784633,0.2067238,0.2171292,0.2259775,0.2371257,0.216862,0.2186577,0.2331574,0.2276615,0.216773,0.2152536,0.2185109,0.219734,0.2229506,0.2193402,0.2867218,0.3315227,0.2349583,0.2550927,0.3161366,0.3075893,0.2628744,0.2566771,0.3259011,0.4720842,0.3197034,0.3825341,0.2665912,0.3015169,0.2608115,0.2924852,0.2281014,0.2255896,0.233199,0.2305925,0.2327514,0.2460102,0.2288043,0.2583102,0.2607016,0.2691493,0.2169978,0.2256072,0.3355841,0.3199002,0.2237977,0.2292915,0.2231819,0.2302251,0.2159105,0.2248377,0.2144168,0.2179609,0.2329551,0.259492,0.2405498,0.2528214,0.2274885,0.2361254,0.2139941,0.2194202,0.2042085,0.2349609,0.2585597,0.3096047,0.2353499,0.2989247,0.2285264,0.2976828,0.2167129,0.2653783,0.2246441,0.2588004,0.3646591,0.3142667
0.2495595,0.3783836,0.2228802,0.2389804,0.2627301,0.4118161,0.2627378,0.2409796,0.606227,0,0.2371475,0.2245246,0.2266916,0.2340193,0.2919188,0.4203594,0.2645541,0.2322306,0.2133482,0.2098163,0.2279949,0.2468817,0.2233612,0.2171239,0.2432803,0.2297444,0.2247996,0.2113206,0.2299145,0.2161697,0.2340375,0.2199481,0.2783076,0.3825445,0.2173626,0.2838024,0.2803648,0.3209516,0.2462112,0.257868,0.2732494,0.5386977,0.2874214,0.516664,0.2663281,0.3334951,0.2681558,0.2488207,0.2392827,0.2223438,0.2386833,0.2320048,0.2385909,0.2525112,0.2384718,0.2872064,0.2569452,0.2769789,0.2309064,0.2266192,0.2756968,0.3043837,0.2323716,0.2240908,0.2222808,0.2251244,0.2205982,0.2239805,0.2210256,0.2222386,0.2460223,0.2879537,0.2494721,0.2604367,0.2326513,0.2364364,0.2240885,0.2279985,0.2097743,0.2276973,0.2368803,0.3528106,0.2335946,0.3396991,0.2229873,0.3606607,0.2169323,0.2904424,0.220824,0.2677853,0.3149692,0.3471755
0.2477319,0.2425881,0.2241176,0.2258839,0.2250972,0.224937,0.2841967,0.2099858,0.2190614,0.2371475,0.3960512,0.3629613,0.2753664,0.2693338,0.2474476,0.2529121,0.2210328,0.2164091,0.2660455,0.2344813,0.2630851,0.2450948,0.2804956,0.2421345,0.3351866,0.3209001,0.2802863,0.2411446,0.3039952,0.2575633,0.3522028,0.3156096,0.2395711,0.240422,0.2507661,0.2357146,0.2429814,0.2453182,0.265131,0.2467245,0.2301483,0.228805,0.2259849,0.2265607,0.2191875,0.2168507,0.2155743,0.2142033,0.29507,0.2490119,0.2460336,0.2511456,0.3032947,0.2861876,0.274559,0.2536169,0.2841117,0.2575686,0.2439744,0.2370014,0.2404848,0.2478114,0.2275828,0.2254305,0.227191,0.228121,0.231899,0.2309168,0.2417847,0.2292661,0.2355348,0.2366841,0.305523,0.3014217,0.2508174,0.2277293,0.2543503,0.2432813,0.2216304,0.2231874,0.2374397,0.2370594,0.2379191,0.2283684,0.2496879,0.2380487,0.2415268,0.239486,0.2379908,0.2245061,0.2453064,0.2510848
0.2248829,0.2404038,0.2218191,0.2249134,0.2217982,0.2229188,0.2575411,0.2112927,0.2195018,0.2245246,0.3629613,0.4161204,0.255751,0.2668776,0.2403751,0.2457577,0.2152084,0.213039,0.2283758,0.2602033,0.2409329,0.2685317,0.2330366,0.2732597,0.2929622,0.3090653,0.2382493,0.2884108,0.2621684,0.3069472,0.3362537,0.36066,0.233886,0.2360006,0.2297852,0.2433014,0.2314884,0.2392725,0.236341,0.2589292,0.2283481,0.2271282,0.2245373,0.2217215,0.2152223,0.2183871,0.2119627,0.2172665,0.2593156,0.2868306,0.2381817,0.2597211,0.277036,0.2982568,0.2446267,0.2668765,0.2660448,0.2742506,0.2383054,0.225573,0.2306623,0.2425123,0.2262104,0.2261653,0.2209328,0.2209166,0.2310978,0.2254397,0.2340458,0.230543,0.2282121,0.2275348,0.2877156,0.295016,0.2277192,0.2357709,0.248385,0.2471042,0.2273884,0.2248142,0.2309193,0.2384639,0.2306354,0.2296882,0.2320082,0.2466572,0.2293205,0.2490564,0.2265871,0.2284573,0.2341011,0.2462368
0.2424985,0.2355242,0.2459424,0.237214,0.2368996,0.2392264,0.2382489,0.2220226,0.2245437,0.2266916,0.2753664,0.255751,0.3856532,0.3484224,0.3266373,0.2960263,0.2313571,0.2266701,0.283401,0.2376436,0.23343,0.2227453,0.2582882,0.2301312,0.2356681,0.2300778,0.2639275,0.2268492,0.2675663,0.2368486,0.2559395,0.2440925,0.230181,0.2246248,0.2330967,0.2335747,0.2407861,0.2281869,0.261221,0.2374972,0.2303547,0.2326468,0.223782,0.2271339,0.2251375,0.2243703,0.2205756,0.2261664,0.225906,0.2211986,0.2180394,0.2202579,0.2337826,0.2289888,0.2406564,0.2272469,0.2392519,0.240819,0.3303161,0.296718,0.2317079,0.2256311,0.2743264,0.2377713,0.2779086,0.242022,0.2655279,0.2470333,0.288136,0.2452695,0.2976113,0.2767669,0.2289386,0.2322585,0.2699246,0.2353417,0.3307162,0.3006165,0.2453799,0.2353655,0.2253223,0.2241262,0.2255999,0.222005,0.2317749,0.2263443,0.2269759,0.2226511,0.2343446,0.2204756,0.2399161,0.2301662
0.231693,0.2409424,0.2292139,0.2558446,0.2405853,0.2494832,0.2386817,0.2242646,0.2351727,0.2340193,0.2693338,0.2668776,0.3484224,0.3592912,0.3152707,0.3061839,0.2356893,0.2378246,0.2399129,0.2596973,0.226246,0.2299402,0.2368547,0.2448875,0.2325673,0.2349399,0.2398815,0.2490916,0.2490363,0.2585125,0.2544747,0.2565194,0.2258657,0.2384575,0.2185483,0.2596933,0.2284444,0.2477171,0.2379313,0.2535299,0.2348537,0.2441141,0.2211685,0.2413109,0.219736,0.2365301,0.2194564,0.2372665,0.2285725,0.2267503,0.2218041,0.2253477,0.2287788,0.2298704,0.233961,0.2363076,0.2315693,0.2379284,0.3018653,0.3140187,0.2258387,0.2385754,0.2399973,0.2598875,0.248447,0.276357,0.2361698,0.2712234,0.2430452,0.2694885,0.2855457,0.2991857,0.2267736,0.2320983,0.2362499,0.2625776,0.2987715,0.3112133,0.2210262,0.2495258,0.2229306,0.230175,0.2238456,0.2313895,0.2307066,0.2307582,0.2225693,0.2265436,0.2220474,0.2353218,0.229025,0.2469613
0.2621427,0.2458741,0.2670019,0.2573093,0.2768741,0.2703923,0.259285,0.2486995,0.2601226,0.2919188,0.2474476,0.2403751,0.3266373,0.3152707,0.5434407,0.5419239,0.241047,0.2456735,0.256643,0.2365959,0.2746707,0.2367739,0.2479946,0.235385,0.2690579,0.2621344,0.2360287,0.2246697,0.2318354,0.2201487,0.2268317,0.2210459,0.2974434,0.2481337,0.309524,0.2409876,0.2808973,0.2551537,0.2894114,0.2538151,0.2796637,0.2759561,0.2713063,0.250386,0.2526024,0.2450438,0.2576071,0.2493225,0.25636,0.2331939,0.2329459,0.236074,0.2743525,0.2503912,0.2814992,0.2633713,0.2709259,0.2382567,0.2404781,0.2566689,0.2795689,0.252057,0.2878123,0.2478324,0.2923661,0.26814,0.2395115,0.2450884,0.2365893,0.2376834,0.3740472,0.358697,0.2791776,0.2789218,0.2675331,0.247517,0.227619,0.2267273,0.2500803,0.2397031,0.2745172,0.2376405,0.2768711,0.2306789,0.2765156,0.2597956,0.2493053,0.2526369,0.2583173,0.2295107,0.3130938,0.3277034
0.2651649,0.2971363,0.2467905,0.2633475,0.2693523,0.3220613,0.2389089,0.2592897,0.305715,0.4203594,0.2529121,0.2457577,0.2960263,0.3061839,0.5419239,0.4870976,0.2453519,0.2439204,0.2435682,0.2480906,0.2498986,0.263312,0.2401645,0.2400701,0.2722552,0.2978831,0.2303064,0.2283801,0.2311306,0.2267285,0.2303762,0.2263677,0.2730821,0.338332,0.2783964,0.3073503,0.2792274,0.3129753,0.2747657,0.2821068,0.2798181,0.3576206,0.2581591,0.3293694,0.2421596,0.2595581,0.2493744,0.2479995,0.2533955,0.2561437,0.222641,0.2521337,0.274176,0.2881642,0.2703432,0.3121669,0.2896764,0.2660486,0.2391142,0.2527189,0.2775314,0.3049553,0.2521394,0.2558613,0.2505962,0.264202,0.2310535,0.2522015,0.2323957,0.2497311,0.3272578,0.3510884,0.3190359,0.308361,0.2563088,0.2648688,0.2256566,0.2341248,0.2315888,0.2451163,0.2593968,0.3032095,0.2563531,0.2877553,0.280117,0.3348834,0.2557836,0.2904071,0.2434654,0.2625239,0.3199739,0.4197795
0.22803,0.246948,0.2825627,0.2534803,0.3428957,0.2903142,0.2261235,0.2713438,0.2696153,0.2645541,0.2210328,0.2152084,0.2313571,0.2356893,0.241047,0.2453519,0.4393663,0.372227,0.2240988,0.2257927,0.2257611,0.2312796,0.2235818,0.2294498,0.2269859,0.2246232,0.2237367,0.2216197,0.2207652,0.2177255,0.2142966,0.2106035,0.2667742,0.2450438,0.2382371,0.2295758,0.2595576,0.2507261,0.234859,0.2476206,0.2817721,0.2634717,0.2567889,0.2544615,0.3091877,0.2717435,0.3909976,0.2892756,0.225179,0.2331346,0.2334249,0.2240418,0.2290716,0.2329323,0.2313853,0.2317418,0.2284775,0.2521801,0.2137234,0.2278734,0.2559245,0.2443919,0.2695986,0.2317674,0.2868086,0.2518283,0.2301528,0.2259058,0.224365,0.2164381,0.2935445,0.2763865,0.2237112,0.2327203,0.2394873,0.2268239,0.220161,0.2197146,0.2233785,0.225247,0.2440533,0.2338986,0.2454487,0.2331566,0.233762,0.2318804,0.2347612,0.232964,0.2297486,0.2248437,0.2843617,0.2825024
0.2155594,0.2381639,0.2495879,0.2776746,0.3019627,0.337533,0.2231814,0.2651108,0.2784633,0.2322306,0.2164091,0.213039,0.2266701,0.2378246,0.2456735,0.2439204,0.372227,0.4534573,0.2169143,0.2196662,0.2210536,0.2261151,0.2190607,0.2248764,0.2124064,0.214004,0.221456,0.2191793,0.2157313,0.2143203,0.2151527,0.2133308,0.2316293,0.2523071,0.2245042,0.2367339,0.2230837,0.2515676,0.2177567,0.2397606,0.2538653,0.2731244,0.2324246,0.2761908,0.2419344,0.3426133,0.2728267,0.4121719,0.2174728,0.2281535,0.2299038,0.2228272,0.2172512,0.2278615,0.2171495,0.2255819,0.2174448,0.238778,0.2123207,0.2307298,0.2260732,0.2461414,0.2498347,0.2594281,0.2685899,0.3052925,0.2218755,0.234505,0.2183339,0.2155446,0.2721872,0.3153847,0.2144367,0.2219514,0.2205987,0.2293845,0.214998,0.2140158,0.2202459,0.2398563,0.2209493,0.240553,0.2211418,0.2522473,0.223641,0.2289831,0.2179042,0.2285734,0.2145405,0.2379925,0.2342488,0.25676
0.2922637,0.2178758,0.2517974,0.2121205,0.2308241,0.219369,0.2821714,0.2256111,0.2067238,0.2133482,0.2660455,0.2283758,0.283401,0.2399129,0.256643,0.2435682,0.2240988,0.2169143,0.4448777,0.2243733,0.3374391,0.231481,0.4050799,0.221933,0.2447012,0.2284001,0.3331907,0.2228083,0.2900803,0.2250081,0.249877,0.2270156,0.2474446,0.2226812,0.3305801,0.2112232,0.2512732,0.2225979,0.3478177,0.2274744,0.2346853,0.2151797,0.2266611,0.2195635,0.2269856,0.2141987,0.2193187,0.2115046,0.2850364,0.2241228,0.2872832,0.2323756,0.2800982,0.2269723,0.3103514,0.234895,0.2724669,0.2387889,0.2452476,0.2245382,0.237812,0.2263944,0.2563071,0.2178325,0.2336878,0.2131223,0.2805964,0.2246772,0.3247929,0.22572,0.2378295,0.2215071,0.242304,0.2313279,0.3563676,0.2143601,0.2605544,0.2327094,0.2718425,0.2181923,0.2515227,0.223813,0.257142,0.2198305,0.300797,0.225814,0.3144967,0.2251353,0.2897037,0.2120265,0.232055,0.2350477
0.2285852,0.2635008,0.2211593,0.2347187,0.2284968,0.2274667,0.2346389,0.2198517,0.2171292,0.2098163,0.2344813,0.2602033,0.2376436,0.2596973,0.2365959,0.2480906,0.2257927,0.2196662,0.2243733,0.4123627,0.2326919,0.3215427,0.220981,0.3834766,0.2368819,0.2527028,0.2216935,0.3218486,0.2250705,0.2758709,0.2311094,0.2424583,0.2370053,0.2432988,0.2170788,0.2756062,0.2356311,0.2595647,0.2298848,0.3326649,0.2329446,0.225528,0.2262849,0.2200364,0.222398,0.2237459,0.2193729,0.2208088,0.2344089,0.2737556,0.2316325,0.3009514,0.2427636,0.265882,0.2358084,0.2853611,0.2497654,0.307085,0.2268583,0.2165315,0.2325471,0.2524014,0.2196604,0.2463748,0.2191928,0.2229393,0.2231894,0.2615944,0.2204915,0.2988931,0.2281999,0.2297724,0.2464712,0.2574635,0.2225413,0.3234554,0.226216,0.2519019,0.2231812,0.2587669,0.229838,0.2397415,0.22725,0.2378547,0.230309,0.2557248,0.2350203,0.2785707,0.2200943,0.2568105,0.2436545,0.2517062
0.3235443,0.2642292,0.2344529,0.2145661,0.2511634,0.2251607,0.3572626,0.2317228,0.2259775,0.2279949,0.2630851,0.2409329,0.23343,0.226246,0.2746707,0.2498986,0.2257611,0.2210536,0.3374391,0.2326919,0.4925398,0.2639733,0.4188879,0.2349179,0.3411093,0.27766,0.3311631,0.2304063,0.281004,0.2411606,0.2664768,0.24861,0.3151413,0.2401003,0.3367101,0.2181255,0.2994282,0.2484929,0.3853249,0.2642227,0.270813,0.2287211,0.2589166,0.2278317,0.2421427,0.2152517,0.2297957,0.2134983,0.4106621,0.2697091,0.5215636,0.2486128,0.3969878,0.2711753,0.4866367,0.2570707,0.355201,0.3073833,0.2100872,0.2162188,0.2937666,0.2571694,0.2200068,0.2207032,0.2166587,0.2135284,0.2371521,0.226803,0.2556294,0.2300408,0.2312313,0.2195206,0.3300942,0.3030295,0.2831369,0.229704,0.2169869,0.2237338,0.2264644,0.2169225,0.3201475,0.2422386,0.3170364,0.2264278,0.3608289,0.2580643,0.4003335,0.2624463,0.2945511,0.2273366,0.3008317,0.2952387
0.2918478,0.3321585,0.2213088,0.226538,0.2465435,0.2475339,0.3297398,0.228565,0.2371257,0.2468817,0.2450948,0.2685317,0.2227453,0.2299402,0.2367739,0.263312,0.2312796,0.2261151,0.231481,0.3215427,0.2639733,0.4823175,0.2325543,0.350486,0.2551013,0.3036625,0.2322364,0.3072501,0.23683,0.2748851,0.2401483,0.2546901,0.280224,0.3104232,0.2319706,0.2733124,0.2737036,0.282638,0.2708329,0.3977847,0.2619953,0.2654001,0.2445756,0.2456895,0.2332469,0.2274713,0.2283773,0.2234394,0.2599907,0.4031065,0.2665864,0.5055553,0.2901516,0.3884685,0.2770485,0.459798,0.3298275,0.4373756,0.2114869,0.2143071,0.2718667,0.3020141,0.2199479,0.2136231,0.2183765,0.2132774,0.2188005,0.2292006,0.2260331,0.2374438,0.2290092,0.2332307,0.2904824,0.3439847,0.2221698,0.2912005,0.2120614,0.2225595,0.2257075,0.2254158,0.269365,0.3175586,0.2552783,0.2987264,0.2748049,0.3691397,0.2805365,0.3853602,0.2311556,0.2925878,0.2715862,0.2780881
0.2890741,0.2198583,0.2392789,0.2128987,0.2270842,0.2214228,0.2790141,0.2244706,0.216862,0.2233612,0.2804956,0.2330366,0.2582882,0.2368547,0.2479946,0.2401645,0.2235818,0.2190607,0.4050799,0.220981,0.4188879,0.2325543,0.4730258,0.2206785,0.260723,0.2385774,0.3629254,0.2214892,0.3068469,0.2337046,0.2714386,0.2413714,0.2389701,0.2236708,0.277561,0.2036806,0.2427587,0.2211476,0.3295979,0.224509,0.2265175,0.2210054,0.225254,0.2240357,0.2281868,0.2145849,0.2219948,0.2134078,0.302061,0.2422834,0.3964244,0.2355717,0.2926897,0.237426,0.3651298,0.2367461,0.2806115,0.2334839,0.2267943,0.2157826,0.23519,0.2231076,0.2332532,0.217427,0.2312885,0.2133162,0.2571494,0.2238243,0.2926784,0.2271465,0.2278112,0.2184296,0.2560334,0.2325191,0.2886449,0.2119733,0.2536521,0.2311455,0.2323816,0.2180935,0.2459486,0.2229328,0.2431106,0.218469,0.305836,0.2274966,0.3301075,0.22737,0.2589884,0.213496,0.2239812,0.2308514
0.2264465,0.2541696,0.2263867,0.2306161,0.2286577,0.2295362,0.2347592,0.2166687,0.2186577,0.2171239,0.2421345,0.2732597,0.2301312,0.2448875,0.235385,0.2400701,0.2294498,0.2248764,0.221933,0.3834766,0.2349179,0.350486,0.2206785,0.428613,0.2515096,0.2646463,0.2240946,0.3536292,0.2313134,0.2848634,0.2405337,0.2637169,0.2357175,0.237961,0.2206466,0.2455305,0.2368031,0.2444087,0.2290929,0.3202244,0.2308112,0.2268925,0.2214625,0.2227047,0.222299,0.2277141,0.2230414,0.2278489,0.2415628,0.288881,0.2346586,0.3715885,0.2515346,0.2818547,0.2332973,0.3024811,0.2449671,0.2895901,0.2211098,0.2179319,0.2333095,0.2423109,0.223672,0.2339125,0.2254429,0.2239716,0.228396,0.2469457,0.2270315,0.2657064,0.2262115,0.2244322,0.2494211,0.2628655,0.2214274,0.2854073,0.225195,0.2369096,0.2254393,0.2383251,0.2324957,0.2369049,0.2288077,0.2331451,0.2276447,0.2610733,0.2334646,0.28607,0.2198146,0.2436389,0.2432818,0.2440213
0.2770749,0.2864631,0.2192499,0.222573,0.2527881,0.2279101,0.3812156,0.2204899,0.2331574,0.2432803,0.3351866,0.2929622,0.2356681,0.2325673,0.2690579,0.2722552,0.2269859,0.2124064,0.2447012,0.2368819,0.3411093,0.2551013,0.260723,0.2515096,0.5435702,0.4997201,0.2713641,0.2457449,0.297063,0.2602707,0.3202639,0.3006603,0.3243291,0.280672,0.2882324,0.2419595,0.3274003,0.3164667,0.3148497,0.2732064,0.2773817,0.2398602,0.2581148,0.2341208,0.2384247,0.2158502,0.2249113,0.209165,0.4501435,0.2800546,0.2898148,0.2541169,0.4969486,0.3829778,0.387044,0.2900009,0.399177,0.31209,0.2195914,0.2154187,0.3232561,0.3177738,0.219483,0.2164019,0.2136042,0.2118752,0.2175357,0.2218251,0.2189146,0.2198878,0.2311178,0.2219868,0.5101937,0.4644762,0.2603096,0.228697,0.2135491,0.2116209,0.2199791,0.2208096,0.3251603,0.2706085,0.3110256,0.2431044,0.3164383,0.2776483,0.2949574,0.2840682,0.2715044,0.2325828,0.353762,0.3664504
0.2511486,0.2775931,0.2131343,0.218233,0.2385891,0.2384422,0.2869009,0.2192765,0.2276615,0.2297444,0.3209001,0.3090653,0.2300778,0.2349399,0.2621344,0.2978831,0.2246232,0.214004,0.2284001,0.2527028,0.27766,0.3036625,0.2385774,0.2646463,0.4997201,0.5127827,0.2401449,0.2594419,0.2738587,0.2847045,0.3096648,0.3114311,0.2766203,0.305149,0.2386079,0.2744544,0.2975355,0.3189504,0.2647789,0.2949522,0.2546626,0.2556702,0.2367866,0.2375951,0.2228483,0.2163572,0.2213274,0.2117223,0.3404286,0.3738014,0.2612637,0.2804291,0.3801682,0.454399,0.2921556,0.3593599,0.3435404,0.3111857,0.2195047,0.2171558,0.2930863,0.3194043,0.2158217,0.213382,0.2111721,0.2126502,0.214778,0.2212909,0.220282,0.2220017,0.2235301,0.2280433,0.4764776,0.4778426,0.2386427,0.2408279,0.2213192,0.2221598,0.2147636,0.21992,0.2777814,0.2874922,0.2606748,0.2643288,0.2788814,0.3100825,0.280351,0.3086923,0.2401608,0.2500462,0.3277458,0.3588917
0.2524949,0.2300619,0.230446,0.220532,0.2256708,0.2219344,0.2473171,0.2253948,0.216773,0.2247996,0.2802863,0.2382493,0.2639275,0.2398815,0.2360287,0.2303064,0.2237367,0.221456,0.3331907,0.2216935,0.3311631,0.2322364,0.3629254,0.2240946,0.2713641,0.2401449,0.3653995,0.2266342,0.3336308,0.2386238,0.2839578,0.2462684,0.2335785,0.2224719,0.2575065,0.2123751,0.2311026,0.2245457,0.2777609,0.230076,0.2256044,0.2197279,0.2252973,0.2249815,0.225168,0.2169168,0.2221328,0.2178366,0.3219129,0.2376872,0.3407776,0.2342903,0.2812928,0.2340198,0.3108727,0.2312327,0.2521169,0.2385624,0.2400553,0.2305926,0.229235,0.2245387,0.2365295,0.222463,0.2317545,0.2209283,0.2522625,0.2286135,0.2927376,0.2271675,0.2294772,0.2234911,0.2603345,0.2389256,0.2707059,0.218258,0.2818437,0.2427348,0.2293863,0.2211875,0.2359323,0.2244507,0.2323299,0.2184644,0.270853,0.2281818,0.2667073,0.2266468,0.2390776,0.2170037,0.2216557,0.228064
0.22369,0.2286272,0.2165204,0.2287876,0.2216294,0.2225019,0.2247687,0.2167503,0.2152536,0.2113206,0.2411446,0.2884108,0.2268492,0.2490916,0.2246697,0.2283801,0.2216197,0.2191793,0.2228083,0.3218486,0.2304063,0.3072501,0.2214892,0.3536292,0.2457449,0.2594419,0.2266342,0.3545858,0.2362904,0.3101987,0.2481331,0.2777855,0.2269692,0.2273499,0.2179596,0.2354766,0.2289677,0.2285241,0.2267825,0.2711988,0.2221538,0.2224425,0.2176935,0.2180025,0.2170256,0.2230387,0.2180323,0.224064,0.2449491,0.2887027,0.2320994,0.2998634,0.2398017,0.2614579,0.2286426,0.2760412,0.2313301,0.2514609,0.2194257,0.2211423,0.2267103,0.2285513,0.2158631,0.2332295,0.2193396,0.2222014,0.2207752,0.2462648,0.2236071,0.2738237,0.2193485,0.2205711,0.2416032,0.2515211,0.2200618,0.2565487,0.2308023,0.2507184,0.2217966,0.2319305,0.226334,0.2253962,0.2226463,0.2218334,0.2246509,0.2389985,0.2293949,0.2451656,0.2191933,0.2266603,0.2293902,0.2320994
0.2380287,0.2312245,0.2256004,0.2228331,0.2212298,0.2206675,0.2390977,0.2150965,0.2185109,0.2299145,0.3039952,0.2621684,0.2675663,0.2490363,0.2318354,0.2311306,0.2207652,0.2157313,0.2900803,0.2250705,0.281004,0.23683,0.3068469,0.2313134,0.297063,0.2738587,0.3336308,0.2362904,0.345394,0.2498512,0.3269075,0.2751063,0.2293424,0.2264181,0.2373158,0.213104,0.2269192,0.2307797,0.2579319,0.2310713,0.2226756,0.2210375,0.22235,0.2253185,0.2200441,0.2151337,0.2178844,0.2148637,0.3162296,0.2410716,0.277835,0.2397263,0.28405,0.2498814,0.2742242,0.2352485,0.2429835,0.2346042,0.2511718,0.2357246,0.2261831,0.2293874,0.2316325,0.2219675,0.2272248,0.2244377,0.2420578,0.2284181,0.2770442,0.2276068,0.2271915,0.2246073,0.27223,0.254472,0.2487969,0.2180527,0.3048219,0.2600453,0.2256185,0.2239354,0.230951,0.2267335,0.2280081,0.2174316,0.2584524,0.2256325,0.2430934,0.2226103,0.2274572,0.2158483,0.2219082,0.2291236
0.2193052,0.2260457,0.2149731,0.221985,0.2196219,0.2206079,0.220587,0.2166518,0.219734,0.2161697,0.2575633,0.3069472,0.2368486,0.2585125,0.2201487,0.2267285,0.2177255,0.2143203,0.2250081,0.2758709,0.2411606,0.2748851,0.2337046,0.2848634,0.2602707,0.2847045,0.2386238,0.3101987,0.2498512,0.3235645,0.2726008,0.3097469,0.222711,0.2270057,0.2141255,0.2318673,0.2232172,0.2264764,0.225098,0.2515861,0.2194191,0.2220164,0.2175657,0.2194305,0.2149327,0.2193719,0.2151376,0.2182681,0.2489881,0.3069105,0.2520836,0.2582863,0.2398002,0.2777919,0.2311992,0.259967,0.2314043,0.2411802,0.231751,0.2313639,0.2225066,0.2283426,0.2159565,0.2231137,0.2174433,0.2229892,0.2201423,0.2397609,0.2255154,0.2639291,0.2179743,0.2205002,0.2523979,0.2592868,0.2189185,0.2384711,0.2492432,0.2807507,0.2206796,0.2254323,0.2236057,0.2277578,0.2194878,0.2214178,0.2263909,0.2339221,0.2288789,0.2356693,0.2173626,0.2215417,0.2234842,0.229729
0.2306882,0.2335889,0.2155986,0.222839,0.2163348,0.2193312,0.2331582,0.2098927,0.2229506,0.2340375,0.3522028,0.3362537,0.2559395,0.2544747,0.2268317,0.2303762,0.2142966,0.2151527,0.249877,0.2311094,0.2664768,0.2401483,0.2714386,0.2405337,0.3202639,0.3096648,0.2839578,0.2481331,0.3269075,0.2726008,0.3815966,0.3488199,0.227322,0.2266104,0.2207882,0.2229876,0.2268878,0.2314448,0.2450057,0.2314122,0.2205774,0.2225008,0.2209511,0.2254947,0.2152098,0.2178456,0.2128864,0.2168667,0.2975568,0.2523172,0.252929,0.2390533,0.2925344,0.2701424,0.2598086,0.2364899,0.2424895,0.2324035,0.245483,0.2377855,0.2311162,0.2309042,0.2199692,0.217752,0.2215714,0.2247843,0.2275516,0.2260832,0.2418281,0.2269374,0.2245039,0.2259069,0.2973014,0.2753699,0.2301828,0.2200774,0.2669503,0.2570934,0.2188718,0.2200332,0.2304056,0.2259293,0.225264,0.2183839,0.249904,0.2259914,0.2290049,0.2221439,0.2206835,0.2177269,0.2286666,0.2298044
0.215872,0.2366772,0.2131536,0.2183771,0.2151225,0.2183202,0.2183661,0.2100319,0.2193402,0.2199481,0.3156096,0.36066,0.2440925,0.2565194,0.2210459,0.2263677,0.2106035,0.2133308,0.2270156,0.2424583,0.24861,0.2546901,0.2413714,0.2637169,0.3006603,0.3114311,0.2462684,0.2777855,0.2751063,0.3097469,0.3488199,0.3725703,0.2214819,0.2234342,0.2132911,0.2229073,0.2221327,0.2291013,0.227688,0.236234,0.217252,0.2185723,0.2185926,0.2211339,0.2116191,0.2181918,0.2096874,0.2168823,0.2675437,0.2771594,0.2506126,0.2602114,0.2683697,0.284249,0.239663,0.2489245,0.2342361,0.2300566,0.2413707,0.2317702,0.2246011,0.2282755,0.2182986,0.215217,0.2176613,0.2198839,0.224683,0.2222049,0.2322085,0.2271228,0.2183982,0.2187387,0.2802691,0.2740686,0.2181822,0.2193836,0.2544849,0.2545904,0.2158181,0.2187416,0.2249976,0.2250073,0.2199031,0.2180699,0.2291091,0.2300967,0.2250837,0.2265762,0.2145141,0.2172021,0.2266421,0.2287407
0.3746394,0.3203631,0.2772743,0.2239943,0.3368759,0.2606697,0.3954382,0.3236196,0.2867218,0.2783076,0.2395711,0.233886,0.230181,0.2258657,0.2974434,0.2730821,0.2667742,0.2316293,0.2474446,0.2370053,0.3151413,0.280224,0.2389701,0.2357175,0.3243291,0.2766203,0.2335785,0.2269692,0.2293424,0.222711,0.227322,0.2214819,0.4759537,0.2737153,0.3681712,0.2342769,0.4375134,0.2955368,0.3540054,0.3059874,0.4035925,0.2817067,0.4126435,0.2483332,0.3321225,0.230839,0.2965291,0.2253268,0.3137243,0.2620704,0.2757759,0.2613708,0.369276,0.304326,0.3602609,0.2954445,0.3659338,0.3877978,0.2107803,0.222484,0.4421738,0.3142267,0.2484087,0.2218036,0.2360102,0.2225666,0.2224496,0.228842,0.2143023,0.2245452,0.2632645,0.2317967,0.3256382,0.3467228,0.2913718,0.244066,0.216685,0.2158739,0.2483057,0.2254264,0.4326286,0.2640889,0.4053096,0.2371465,0.3654804,0.2961901,0.343788,0.3003357,0.3281824,0.2366817,0.4672611,0.3961078
0.3062742,0.3835739,0.2220859,0.2569735,0.275413,0.3308565,0.3433987,0.2894241,0.3315227,0.3825445,0.240422,0.2360006,0.2246248,0.2384575,0.2481337,0.338332,0.2450438,0.2523071,0.2226812,0.2432988,0.2401003,0.3104232,0.2236708,0.237961,0.280672,0.305149,0.2224719,0.2273499,0.2264181,0.2270057,0.2266104,0.2234342,0.2737153,0.4407199,0.2352817,0.33975,0.3013069,0.4207597,0.2777672,0.3364077,0.2839321,0.386447,0.2541357,0.3783316,0.231793,0.2817826,0.2331517,0.2557502,0.2502837,0.2944071,0.2377956,0.2993663,0.2895287,0.3440163,0.2769822,0.3601413,0.3300526,0.3642559,0.2271024,0.228535,0.3103163,0.4219259,0.2203572,0.2381611,0.2159309,0.2307689,0.2170474,0.2303698,0.2219953,0.2247718,0.2366175,0.2657046,0.3156118,0.3386221,0.2331055,0.272325,0.2169998,0.2158616,0.2160294,0.2475548,0.2616745,0.4153874,0.2432322,0.3710683,0.2899517,0.3989228,0.2756417,0.3593682,0.2342594,0.315179,0.3399998,0.3997334
0.3945727,0.2417867,0.3009254,0.2098978,0.2779468,0.237412,0.419464,0.2447391,0.2349583,0.2173626,0.2507661,0.2297852,0.2330967,0.2185483,0.309524,0.2783964,0.2382371,0.2245042,0.3305801,0.2170788,0.3367101,0.2319706,0.277561,0.2206466,0.2882324,0.2386079,0.2575065,0.2179596,0.2373158,0.2141255,0.2207882,0.2132911,0.3681712,0.2352817,0.3360933,0.2284018,0.3658419,0.2489022,0.4030647,0.2336691,0.3020544,0.2326604,0.2849492,0.2130961,0.2810851,0.2145649,0.2566583,0.2131867,0.3037599,0.2249544,0.2802663,0.2296834,0.3471096,0.2478161,0.3546803,0.2483687,0.3572771,0.2789177,0.2285773,0.2115465,0.343125,0.2603113,0.265233,0.2080188,0.2424761,0.2116754,0.2753564,0.2119711,0.2639072,0.2148296,0.2641504,0.2222874,0.289686,0.2896831,0.4082656,0.2207674,0.218115,0.2209033,0.2876142,0.2147743,0.3750951,0.2344347,0.4132795,0.2254641,0.3472517,0.2465698,0.3409611,0.2389002,0.4482135,0.2264613,0.3187779,0.2823289
0.2592502,0.2879889,0.2261047,0.2527276,0.2282827,0.2735656,0.2645955,0.2253369,0.2550927,0.2838024,0.2357146,0.2433014,0.2335747,0.2596933,0.2409876,0.3073503,0.2295758,0.2367339,0.2112232,0.2756062,0.2181255,0.2733124,0.2036806,0.2455305,0.2419595,0.2744544,0.2123751,0.2354766,0.213104,0.2318673,0.2229876,0.2229073,0.2342769,0.33975,0.2284018,0.5424882,0.2486336,0.3530281,0.2320182,0.334634,0.2316754,0.2943841,0.2255825,0.2729276,0.2134977,0.2402891,0.2206973,0.2387731,0.224088,0.2775097,0.2146436,0.2488716,0.2541258,0.29446,0.2470061,0.2909801,0.293139,0.3139992,0.2349273,0.2403746,0.2498036,0.3125053,0.2119823,0.2482191,0.213508,0.2401081,0.2128854,0.283832,0.212173,0.2765285,0.226335,0.2577059,0.2813081,0.2843086,0.212782,0.4603453,0.2223215,0.2358304,0.2162063,0.2914303,0.2299998,0.3345383,0.2218573,0.377049,0.2381228,0.3000407,0.2378223,0.2920624,0.2196602,0.4270786,0.2421323,0.3376155
0.3931059,0.3029589,0.263551,0.2249077,0.3262458,0.280672,0.3675735,0.3204854,0.3161366,0.2803648,0.2429814,0.2314884,0.2407861,0.2284444,0.2808973,0.2792274,0.2595576,0.2230837,0.2512732,0.2356311,0.2994282,0.2737036,0.2427587,0.2368031,0.3274003,0.2975355,0.2311026,0.2289677,0.2269192,0.2232172,0.2268878,0.2221327,0.4375134,0.3013069,0.3658419,0.2486336,0.4861649,0.3152518,0.3824649,0.3041347,0.3615066,0.315461,0.3678357,0.2510715,0.3131357,0.2204354,0.2806618,0.2159167,0.3018484,0.2671885,0.2592231,0.2585076,0.3462115,0.3086207,0.3328577,0.3027906,0.3389509,0.3460499,0.2225497,0.2197074,0.4995357,0.3332938,0.2449517,0.2235894,0.232773,0.2215418,0.229405,0.2266477,0.2240534,0.2241645,0.2563493,0.2398288,0.3262993,0.3366221,0.3335902,0.2397516,0.2108271,0.2136475,0.2395962,0.2269586,0.4227844,0.2743716,0.3729062,0.2495214,0.3307,0.2989146,0.3335892,0.299946,0.3374338,0.2442892,0.5682002,0.4057354
0.2837105,0.4502977,0.2321152,0.2435074,0.2837867,0.2991382,0.3010553,0.2839148,0.3075893,0.3209516,0.2453182,0.2392725,0.2281869,0.2477171,0.2551537,0.3129753,0.2507261,0.2515676,0.2225979,0.2595647,0.2484929,0.282638,0.2211476,0.2444087,0.3164667,0.3189504,0.2245457,0.2285241,0.2307797,0.2264764,0.2314448,0.2291013,0.2955368,0.4207597,0.2489022,0.3530281,0.3152518,0.4783131,0.2773985,0.3596272,0.3014981,0.3320389,0.2582988,0.3128511,0.2375834,0.2604523,0.2328847,0.2469942,0.2693456,0.2758252,0.2398145,0.2743753,0.2958104,0.3267187,0.2788657,0.3367669,0.3026157,0.3700522,0.229592,0.2361298,0.3231683,0.4539215,0.2287782,0.2337188,0.2289757,0.2291374,0.2195757,0.2372535,0.2226389,0.2318831,0.2516224,0.2589249,0.3238681,0.3381855,0.243665,0.3044873,0.2258229,0.2193873,0.2178426,0.2432985,0.2782454,0.393885,0.2629059,0.3411172,0.2954513,0.3680017,0.2817228,0.347504,0.241745,0.3016275,0.3726225,0.4423247
0.4115464,0.2560768,0.2579445,0.2165867,0.2835353,0.2518866,0.439439,0.2529258,0.2628744,0.2462112,0.265131,0.236341,0.261221,0.2379313,0.2894114,0.2747657,0.234859,0.2177567,0.3478177,0.2298848,0.3853249,0.2708329,0.3295979,0.2290929,0.3148497,0.2647789,0.2777609,0.2267825,0.2579319,0.225098,0.2450057,0.227688,0.3540054,0.2777672,0.4030647,0.2320182,0.3824649,0.2773985,0.4151475,0.2733999,0.3045242,0.2705372,0.2917134,0.2396633,0.2644767,0.2156641,0.2441007,0.2112836,0.3346003,0.2486632,0.3183838,0.2611445,0.3788934,0.2720592,0.4011929,0.2781293,0.3791625,0.3089916,0.2280727,0.2199107,0.3715812,0.3011231,0.2439972,0.2188137,0.2310562,0.2140038,0.2504009,0.2244415,0.2614652,0.2257133,0.2499133,0.2294801,0.3158629,0.3058754,0.3323022,0.2291629,0.2245793,0.2217028,0.2511954,0.2223279,0.3490748,0.2656967,0.3380726,0.243391,0.3643534,0.2784536,0.3678676,0.2743869,0.3334128,0.2362323,0.3861061,0.3380875
0.2811259,0.4403709,0.231845,0.2363183,0.2752821,0.2774152,0.3073453,0.2545587,0.2566771,0.257868,0.2467245,0.2589292,0.2374972,0.2535299,0.2538151,0.2821068,0.2476206,0.2397606,0.2274744,0.3326649,0.2642227,0.3977847,0.224509,0.3202244,0.2732064,0.2949522,0.230076,0.2711988,0.2310713,0.2515861,0.2314122,0.236234,0.3059874,0.3364077,0.2336691,0.334634,0.3041347,0.3596272,0.2733999,0.4152661,0.292151,0.2865327,0.2649941,0.2726386,0.2421821,0.2369274,0.2353066,0.2319253,0.2639968,0.3300371,0.2632212,0.3644114,0.2921895,0.3610688,0.2793559,0.386483,0.329747,0.478642,0.2259002,0.2253481,0.3105066,0.3495776,0.2268307,0.2293245,0.2227553,0.2244402,0.2214609,0.2457781,0.2223959,0.2485659,0.2404028,0.2463743,0.3005156,0.3423082,0.2311435,0.3432553,0.2236342,0.2349497,0.2208166,0.250313,0.2784864,0.3358546,0.2679945,0.3098305,0.2766081,0.3744012,0.2814915,0.3801648,0.2339434,0.3117361,0.3449607,0.3480198
0.3382028,0.308015,0.2609729,0.2290697,0.3711674,0.2777435,0.3643054,0.4266054,0.3259011,0.2732494,0.2301483,0.2283481,0.2303547,0.2348537,0.2796637,0.2798181,0.2817721,0.2538653,0.2346853,0.2329446,0.270813,0.2619953,0.2265175,0.2308112,0.2773817,0.2546626,0.2256044,0.2221538,0.2226756,0.2194191,0.2205774,0.217252,0.4035925,0.2839321,0.3020544,0.2316754,0.3615066,0.3014981,0.3045242,0.292151,0.422244,0.2984536,0.3972766,0.2747315,0.3245545,0.2551551,0.2902702,0.2448389,0.2700384,0.2580757,0.2573899,0.2445491,0.3006665,0.2789429,0.2948866,0.2779324,0.323565,0.3451831,0.2087917,0.2262347,0.3821172,0.3211533,0.242732,0.2223371,0.2379408,0.2256693,0.2224743,0.2273624,0.2172423,0.2210654,0.2634892,0.2380038,0.2826473,0.3039885,0.2545047,0.2425985,0.215472,0.2153393,0.2319729,0.2231714,0.3433394,0.2580809,0.3230407,0.2392903,0.31042,0.2793224,0.2858078,0.2808487,0.2733519,0.2347579,0.3867337,0.3856683
0.2856986,0.3230767,0.223748,0.2589152,0.3099613,0.4107202,0.2944104,0.3113427,0.4720842,0.5386977,0.228805,0.2271282,0.2326468,0.2441141,0.2759561,0.3576206,0.2634717,0.2731244,0.2151797,0.225528,0.2287211,0.2654001,0.2210054,0.2268925,0.2398602,0.2556702,0.2197279,0.2224425,0.2210375,0.2220164,0.2225008,0.2185723,0.2817067,0.386447,0.2326604,0.2943841,0.315461,0.3320389,0.2705372,0.2865327,0.2984536,0.4606217,0.2738107,0.4155408,0.2497292,0.310569,0.2588044,0.283635,0.2338547,0.252127,0.2328242,0.2577964,0.2507369,0.2756444,0.2495958,0.295727,0.2872103,0.2937338,0.2297247,0.2314235,0.3222243,0.3428789,0.2290615,0.2365942,0.2210279,0.2372244,0.2203356,0.2310869,0.2206973,0.2258281,0.2412552,0.2802425,0.2708416,0.2762353,0.2393985,0.2478587,0.2150485,0.2222426,0.2141091,0.2414581,0.2538546,0.3359152,0.2371679,0.3216294,0.259095,0.3253432,0.2443058,0.2898206,0.229602,0.2796361,0.3655942,0.3663521
0.3270734,0.2646628,0.2826996,0.2166083,0.3279427,0.2458078,0.3251498,0.3881645,0.3197034,0.2874214,0.2259849,0.2245373,0.223782,0.2211685,0.2713063,0.2581591,0.2567889,0.2324246,0.2266611,0.2262849,0.2589166,0.2445756,0.225254,0.2214625,0.2581148,0.2367866,0.2252973,0.2176935,0.22235,0.2175657,0.2209511,0.2185926,0.4126435,0.2541357,0.2849492,0.2255825,0.3678357,0.2582988,0.2917134,0.2649941,0.3972766,0.2738107,0.4580326,0.2518056,0.3594179,0.2342939,0.3050859,0.2283507,0.2564318,0.2362526,0.2480712,0.2314731,0.2718008,0.2518812,0.2673873,0.2587628,0.2833346,0.2985528,0.2056304,0.214826,0.3970158,0.2752252,0.246647,0.2232994,0.2333801,0.2168865,0.218255,0.2217594,0.2149557,0.2186283,0.2438221,0.221831,0.2545865,0.2700458,0.2491204,0.230999,0.2180698,0.2175507,0.2502143,0.2240991,0.3514609,0.2465397,0.324231,0.2356699,0.283599,0.2603019,0.2680389,0.2562943,0.2792247,0.2287813,0.4010112,0.3309153
