0.5350162,0.3246542,0.2645569,0.234837,0.2974229,0.2780482,0.6188737,0.3132921,0.3185161,0.2998481,0.2776231,0.2624198,0.2510286,0.2466093,0.259387,0.2801525,0.2257803,0.2180717,0.3176208,0.2414841,0.3447244,0.3540048,0.2953609,0.2441625,0.310593,0.2869142,0.2601264,0.2375821,0.2478698,0.2387645,0.2412598,0.2336297,0.3873429,0.3478171,0.4191299,0.2682933,0.4021767,0.3119204,0.4416423,0.3181066,0.3589358,0.3210387,0.3534611,0.2713455,0.2639003,0.2350395,0.2319903,0.227058,0.333654,0.3150638,0.3170196,0.3474217,0.4218587,0.3558924,0.4532973,0.3687775,0.5115049,0.4215418,0.2363462,0.2326838,0.4226184,0.3671906,0.241342,0.2213162,0.2328472,0.2282884,0.2450745,0.2264067,0.2518739,0.2253879,0.2571635,0.2473239,0.3630351,0.3743944,0.301535,0.2511538,0.2283671,0.2344902,0.2494147,0.2263198,0.4005486,0.3382833,0.3537138,0.3095757,0.4592739,0.3661711,0.4249813,0.3429414,0.3284287,0.2816628,0.3185425,0.3078326
0.3246542,0.6987419,0.239364,0.2330575,0.2633255,0.3129351,0.355142,0.2543942,0.358967,0.3930226,0.2602886,0.264171,0.2456612,0.2409122,0.2294045,0.2918248,0.2134168,0.2114399,0.2614581,0.2831817,0.3334355,0.3977191,0.2585746,0.2622332,0.3127718,0.3041061,0.2542459,0.2455647,0.2455058,0.2358909,0.2438301,0.2419313,0.3204449,0.3974639,0.2665654,0.304751,0.3095871,0.4351104,0.2922856,0.4705196,0.2964759,0.3504601,0.257516,0.3373613,0.2330135,0.2440823,0.2090437,0.2246945,0.3019876,0.352412,0.286705,0.391507,0.350688,0.4224744,0.3479193,0.4395012,0.4420365,0.6510758,0.2386079,0.2227509,0.3249415,0.4058275,0.2340428,0.2188013,0.2191439,0.2065105,0.2322045,0.2392861,0.2366717,0.2380776,0.235479,0.2466485,0.3604922,0.4063649,0.2420145,0.3072876,0.2342738,0.2243362,0.2345193,0.2444582,0.3094765,0.4389656,0.3027826,0.3695174,0.2942756,0.5412518,0.3243212,0.4651272,0.2576525,0.3302373,0.3104256,0.3019046
0.2645569,0.239364,0.473366,0.2438137,0.2829809,0.2460267,0.2612606,0.2610707,0.2280599,0.2164503,0.2392017,0.2348848,0.2915182,0.2564195,0.2819373,0.2521416,0.316707,0.2718227,0.2610819,0.2266811,0.2414897,0.235685,0.2337725,0.2214122,0.2449425,0.2442733,0.2289741,0.2264368,0.2289705,0.226889,0.2236135,0.2230865,0.2853895,0.2339249,0.2910472,0.2428121,0.2622401,0.2427469,0.26781,0.2368306,0.2786837,0.2313316,0.3142171,0.2307722,0.3602586,0.2491627,0.3263735,0.2561602,0.2345576,0.2326979,0.236445,0.2233167,0.2510437,0.240742,0.2556555,0.2340139,0.2562733,0.2485245,0.2911453,0.2849216,0.2532355,0.2360109,0.4143811,0.2481584,0.376581,0.2611194,0.3330884,0.2375886,0.2939552,0.2335251,0.3268805,0.2596058,0.2405163,0.2444694,0.2963982,0.2321585,0.2406461,0.2392689,0.3898539,0.2423351,0.2804026,0.2394069,0.2996856,0.2409696,0.2531971,0.2304115,0.2620003,0.2274391,0.2977772,0.2367034,0.2314348,0.2351059
0.234837,0.2330575,0.2438137,0.4600484,0.2615791,0.3083785,0.2393371,0.2283957,0.287495,0.2678058,0.2354205,0.2308822,0.2627091,0.2863685,0.285844,0.3015007,0.2749941,0.3152418,0.2170699,0.2419631,0.2165615,0.2242463,0.2188417,0.2270404,0.2234526,0.2273021,0.2209946,0.2295018,0.225615,0.2315708,0.2292521,0.22271,0.2278004,0.2643483,0.2291441,0.2617724,0.2324004,0.2475493,0.2293843,0.2389629,0.235015,0.2867483,0.2293603,0.311486,0.2413951,0.3624573,0.2602969,0.3597514,0.2244995,0.2274887,0.2213894,0.2254867,0.2286706,0.2301824,0.2263086,0.2342011,0.2334937,0.2408164,0.2738493,0.3060589,0.2283068,0.242044,0.2324463,0.4261983,0.2477518,0.3852643,0.23224,0.3067949,0.225778,0.2797875,0.2784852,0.3533898,0.2288415,0.2325189,0.2302076,0.2676407,0.2268184,0.2465664,0.2334522,0.3561538,0.2272537,0.2603869,0.2247683,0.2927708,0.2261325,0.2364084,0.226141,0.2321713,0.2239435,0.2804506,0.2296125,0.2391713
0.2974229,0.2633255,0.2829809,0.2615791,0.3980662,0.3383348,0.3193754,0.3799416,0.3489744,0.2732582,0.2426494,0.2400082,0.2657033,0.2657215,0.2879552,0.2894433,0.3488741,0.3141805,0.2430853,0.2368178,0.2473223,0.2391158,0.2324063,0.2299813,0.2614243,0.2536409,0.2282592,0.2239856,0.226478,0.2262986,0.2236982,0.2244677,0.3161601,0.2719344,0.2823792,0.2272023,0.3119961,0.2833164,0.2902832,0.2634709,0.3704072,0.3179253,0.314828,0.2800004,0.3154794,0.2713259,0.3366293,0.293328,0.249028,0.2422244,0.2381693,0.2249099,0.2709712,0.256234,0.26504,0.2499816,0.2890337,0.2746844,0.2405653,0.2441117,0.3169055,0.289582,0.2630408,0.2608564,0.2660663,0.2628566,0.2430554,0.2396748,0.2396621,0.2341999,0.2877931,0.2796931,0.2654066,0.2705251,0.2599304,0.242108,0.2344511,0.2338135,0.2387916,0.2469798,0.2781921,0.2474675,0.273463,0.2392416,0.2662794,0.2470387,0.2521654,0.2462371,0.2593364,0.2375207,0.3371252,0.331898
0.2780482,0.3129351,0.2460267,0.3083785,0.3383348,0.4276579,0.2900888,0.2884687,0.4209524,0.4305957,0.2448967,0.2418336,0.2673452,0.274863,0.2800394,0.3447543,0.3048105,0.3618068,0.2324953,0.2406775,0.2290212,0.2582305,0.2258415,0.2311509,0.2468168,0.2698774,0.2246239,0.2302319,0.2256414,0.2319913,0.2258574,0.2267037,0.258634,0.3425763,0.2486108,0.276666,0.2890455,0.3070543,0.2734553,0.2870825,0.2798228,0.423932,0.2431798,0.3872506,0.2506138,0.3553466,0.2816713,0.3718913,0.2326602,0.2586791,0.2311447,0.2532841,0.2571927,0.2826847,0.2477058,0.2853562,0.2912458,0.3069638,0.2505384,0.2542319,0.2928289,0.3119514,0.2439773,0.3039677,0.246946,0.3093083,0.2349339,0.2597071,0.231852,0.2450279,0.2646861,0.3222117,0.2753118,0.2825478,0.2509346,0.2558222,0.2332045,0.2366032,0.2367332,0.2800729,0.2450701,0.3102588,0.2339366,0.3022742,0.2551763,0.2955624,0.247572,0.2772455,0.2369339,0.2798587,0.3313746,0.3222609
0.6188737,0.355142,0.2612606,0.2393371,0.3193754,0.2900888,0.3898379,0.3024638,0.333046,0.3347547,0.320446,0.303879,0.2554058,0.2612861,0.2604443,0.263224,0.2317969,0.2180163,0.3346286,0.2637333,0.4081378,0.4195416,0.3052814,0.2635567,0.40385,0.317066,0.2695536,0.2495743,0.2601126,0.2528479,0.2546211,0.2426674,0.4085944,0.3975092,0.4739153,0.278407,0.3881232,0.3420795,0.4906529,0.3643375,0.3819316,0.3410904,0.3525212,0.2963384,0.2535759,0.242069,0.2284528,0.2278494,0.3877976,0.3773933,0.3148067,0.3890953,0.5681166,0.4541033,0.520411,0.4276867,0.6490666,0.5595166,0.2348162,0.2354882,0.4103591,0.439102,0.2454907,0.2233552,0.2360468,0.2238271,0.2408407,0.2300632,0.2425203,0.2302459,0.2637736,0.2424698,0.4314616,0.4891371,0.2887767,0.2633573,0.2378492,0.2419299,0.2498508,0.2319185,0.4082415,0.3891062,0.3826624,0.3378,0.460446,0.4114012,0.4079325,0.3923051,0.34448,0.3018355,0.2851136,0.3161862
0.3132921,0.2543942,0.2610707,0.2283957,0.3799416,0.2884687,0.3024638,0.1443996,0.3570006,0.2433119,0.2293003,0.2312831,0.2429457,0.2489534,0.239657,0.2422189,0.2589096,0.2625028,0.2285792,0.2401895,0.2321043,0.2405658,0.2272075,0.2296583,0.2416019,0.2459714,0.2256619,0.2208312,0.2235532,0.2292267,0.2342927,0.2354423,0.3337308,0.2910874,0.2639005,0.2393958,0.3329435,0.315344,0.267055,0.2617211,0.4348201,0.3075223,0.3802986,0.2647488,0.336965,0.2670041,0.2712596,0.2641017,0.2279829,0.23994,0.2317142,0.2267014,0.238121,0.2426917,0.2338137,0.2464845,0.2621076,0.2462061,0.2279349,0.2228491,0.3554779,0.3212108,0.2337357,0.2319184,0.2404284,0.2147184,0.2186775,0.2307529,0.2221168,0.2367918,0.2384078,0.2223368,0.2458068,0.2494227,0.2364392,0.2322509,0.2244218,0.2365742,0.2281781,0.2351618,0.3046,0.2558774,0.2751757,0.2497857,0.2722442,0.2390195,0.2416351,0.237437,0.2494024,0.2361213,0.3362936,0.3538352
0.3185161,0.358967,0.2280599,0.287495,0.3489744,0.4209524,0.333046,0.3570006,0.2868986,0.5962006,0.2440703,0.2367954,0.2507352,0.2604786,0.2637763,0.3204386,0.2677653,0.2952098,0.2333526,0.2315989,0.2299378,0.2637078,0.226594,0.226269,0.2555704,0.2642433,0.2209382,0.2261944,0.2235351,0.2258742,0.2289008,0.2272847,0.2812693,0.3477561,0.2492142,0.2602578,0.3348886,0.3238907,0.2878715,0.283748,0.3226528,0.4841048,0.3002171,0.4047297,0.2609457,0.3246146,0.2597138,0.3214743,0.2265889,0.2502163,0.2211098,0.2520912,0.2577775,0.2844218,0.2459956,0.295753,0.3102514,0.3281381,0.2345995,0.2355428,0.3500409,0.3334667,0.2291097,0.2659926,0.2344002,0.259596,0.2280788,0.2420688,0.2311279,0.2343069,0.2446575,0.2804202,0.2784383,0.29115,0.2493799,0.2428203,0.2223924,0.2252006,0.2281073,0.2619008,0.2653032,0.3118065,0.2386893,0.3061394,0.244674,0.3212158,0.2369453,0.2902074,0.2405379,0.2769502,0.3895405,0.3287096
0.2998481,0.3930226,0.2164503,0.2678058,0.2732582,0.4305957,0.3347547,0.2433119,0.5962006,0,0.2393693,0.239462,0.2349128,0.2374871,0.2677035,0.4151191,0.2576043,0.2505049,0.2366869,0.2196501,0.2318786,0.2953644,0.2290332,0.2188103,0.2582446,0.2754942,0.2253485,0.2256636,0.2266176,0.2330303,0.2317885,0.2292373,0.2755209,0.4012733,0.2490246,0.2805389,0.3191862,0.3220288,0.2879563,0.298487,0.2670055,0.554884,0.2804298,0.535839,0.2473425,0.3683976,0.2552492,0.2711247,0.2344332,0.278852,0.2075972,0.2804557,0.2831806,0.3215545,0.2593101,0.3459956,0.3199534,0.3737212,0.2303076,0.2269219,0.3176785,0.3170171,0.226267,0.2292699,0.2228957,0.2496053,0.2238398,0.2328809,0.2334577,0.2288356,0.236679,0.3011939,0.2964663,0.3123466,0.2499788,0.2405779,0.2260541,0.223998,0.2309521,0.2396299,0.2417559,0.3509551,0.2245564,0.3494596,0.248491,0.3846834,0.2433174,0.3195793,0.2369141,0.2933384,0.3719846,0.3480383
0.2776231,0.2602886,0.2392017,0.2354205,0.2426494,0.2448967,0.320446,0.2293003,0.2440703,0.2393693,0.4248237,0.3896289,0.2917308,0.2811781,0.2506646,0.2645918,0.2362067,0.235977,0.2788641,0.2388472,0.2791052,0.2560531,0.2915201,0.242906,0.3480448,0.3245305,0.2848223,0.2433038,0.3046592,0.2641874,0.3591391,0.3238117,0.2588778,0.2504981,0.2786408,0.2431341,0.2672655,0.2550339,0.2864409,0.2599961,0.2501967,0.2466478,0.2383955,0.2333849,0.2323069,0.2284185,0.225622,0.2331497,0.3021722,0.2607433,0.2524962,0.2537312,0.3218662,0.2961897,0.2968217,0.2650762,0.3174591,0.2958713,0.2548802,0.241286,0.2619954,0.261006,0.2375742,0.2286971,0.2421457,0.230894,0.2347712,0.2314513,0.2434146,0.2360941,0.2479683,0.2450534,0.3161297,0.3115343,0.2655229,0.2325873,0.2664073,0.2642311,0.2295933,0.224709,0.2546902,0.2473775,0.2563973,0.2381679,0.2615443,0.2541731,0.2691403,0.2563173,0.2563924,0.2335419,0.2540543,0.2674036
0.2624198,0.264171,0.2348848,0.2308822,0.2400082,0.2418336,0.303879,0.2312831,0.2367954,0.239462,0.3896289,0.4193957,0.275977,0.280573,0.2450008,0.2617831,0.2301019,0.2326663,0.2402822,0.2553392,0.2507567,0.2739335,0.2444146,0.2650347,0.310187,0.3217291,0.2441472,0.2788602,0.2679679,0.3030677,0.339155,0.3574144,0.2544099,0.2529756,0.249782,0.2562627,0.253882,0.2542407,0.2595883,0.2752102,0.2501546,0.2450581,0.2365627,0.2336866,0.2316507,0.2254067,0.2179067,0.2306433,0.2653096,0.2959813,0.2343918,0.2605849,0.2984263,0.3129337,0.2719406,0.2853723,0.3037252,0.3119277,0.2486911,0.2352016,0.2519851,0.2609183,0.2325864,0.2235002,0.2323353,0.2253985,0.2267204,0.2284971,0.2320188,0.2339978,0.2393823,0.2395191,0.3022536,0.3109771,0.2353728,0.2431484,0.2666423,0.2625575,0.2245774,0.2231163,0.2466132,0.2526577,0.249379,0.2416168,0.247989,0.2670137,0.2543412,0.2710357,0.2396971,0.2388394,0.2457969,0.2699735
0.2510286,0.2456612,0.2915182,0.2627091,0.2657033,0.2673452,0.2554058,0.2429457,0.2507352,0.2349128,0.2917308,0.275977,0.4088858,0.3617175,0.3331617,0.3004738,0.2631086,0.2540176,0.2754245,0.237613,0.234406,0.237809,0.2436219,0.2336559,0.2428439,0.2392088,0.261572,0.2361087,0.2663856,0.2488195,0.2589147,0.2516161,0.2410055,0.2427694,0.2525175,0.263811,0.2503401,0.2491795,0.2670667,0.2506583,0.249556,0.2544774,0.2377207,0.241497,0.2493733,0.2419221,0.2512215,0.2518675,0.2316501,0.2377033,0.2291946,0.2346026,0.2423567,0.2436976,0.2460039,0.2401129,0.2528783,0.2617153,0.3653851,0.3302784,0.247053,0.240268,0.3068027,0.2628703,0.3233449,0.2735592,0.2983457,0.2616972,0.3087013,0.2564844,0.3315269,0.3036912,0.2343447,0.2420574,0.2850916,0.2468326,0.3411624,0.3194115,0.2909218,0.2554182,0.2415528,0.2423376,0.2435898,0.2468325,0.2345727,0.2374251,0.2380818,0.2373594,0.2548681,0.2463104,0.2499389,0.2500486
0.2466093,0.2409122,0.2564195,0.2863685,0.2657215,0.274863,0.2612861,0.2489534,0.2604786,0.2374871,0.2811781,0.280573,0.3617175,0.3708692,0.3158381,0.3017718,0.2584315,0.264903,0.2347302,0.2605339,0.2279015,0.2349369,0.2274707,0.2470686,0.2434312,0.2425298,0.2379597,0.256114,0.2490085,0.2691036,0.2582775,0.2619281,0.2408139,0.2494925,0.2333725,0.2874571,0.2401937,0.2649285,0.2445844,0.2613196,0.2552226,0.2588952,0.2396694,0.2510637,0.2419242,0.2583516,0.2433403,0.2721113,0.2315194,0.2374788,0.226639,0.2280446,0.2404792,0.2433192,0.2397838,0.241836,0.2468386,0.2550685,0.3306397,0.3450102,0.240704,0.2515662,0.2605555,0.2929857,0.2743621,0.3092358,0.2511941,0.2904059,0.2499625,0.2860567,0.305788,0.3213158,0.2353602,0.2445299,0.2420093,0.2761178,0.3068042,0.3257106,0.2426947,0.2780512,0.236836,0.2437132,0.2380096,0.2511832,0.2358208,0.2326708,0.2349383,0.2333049,0.2338177,0.2566922,0.2399554,0.2676902
0.259387,0.2294045,0.2819373,0.285844,0.2879552,0.2800394,0.2604443,0.239657,0.2637763,0.2677035,0.2506646,0.2450008,0.3331617,0.3158381,0.5540146,0.5274028,0.2511452,0.259521,0.241893,0.2323063,0.2645966,0.2299122,0.2280499,0.2251737,0.291232,0.2787738,0.2325472,0.2324049,0.2323083,0.2305786,0.2312889,0.2300956,0.2873192,0.2428277,0.2993603,0.2394239,0.2746059,0.2412624,0.2759201,0.2417885,0.2710212,0.2768065,0.2539571,0.2581038,0.2574742,0.2589487,0.2740345,0.2721898,0.2747852,0.2352076,0.2394139,0.2181843,0.2918219,0.2654647,0.286071,0.2565545,0.2789832,0.2322353,0.2559846,0.2474935,0.2752526,0.2417299,0.2984374,0.2733519,0.313711,0.2756408,0.2537796,0.2419402,0.2471846,0.2371631,0.3857825,0.362736,0.3066026,0.2993163,0.2573991,0.2437471,0.2428198,0.2409237,0.2524911,0.2544948,0.2803853,0.2409727,0.2733747,0.2458466,0.282803,0.2534071,0.2600719,0.2470561,0.2557801,0.2465743,0.3029172,0.3026533
0.2801525,0.2918248,0.2521416,0.3015007,0.2894433,0.3447543,0.263224,0.2422189,0.3204386,0.4151191,0.2645918,0.2617831,0.3004738,0.3017718,0.5274028,0.4773031,0.2600558,0.2719298,0.2450546,0.2475895,0.2476356,0.2801813,0.2364806,0.2298713,0.2924387,0.3320202,0.235695,0.2389879,0.2343531,0.2433095,0.2350849,0.2381107,0.2700615,0.3425841,0.2683893,0.3092459,0.2794637,0.3045739,0.2777241,0.2900722,0.2767995,0.3706916,0.2576076,0.343034,0.2482136,0.2834243,0.2678087,0.2849865,0.2661932,0.2826387,0.2432634,0.2623287,0.2955099,0.3243977,0.2874767,0.3297099,0.3144343,0.28446,0.2526582,0.2440857,0.2807604,0.2995002,0.2466491,0.2867883,0.2521327,0.276487,0.2294755,0.252353,0.2373944,0.2507575,0.3248919,0.3602606,0.3517598,0.3411575,0.2491588,0.2725116,0.2448872,0.2475549,0.231532,0.2651194,0.2593674,0.3140862,0.2510406,0.3027109,0.2952161,0.3406839,0.2812726,0.3035502,0.2393368,0.287646,0.3186971,0.400627
0.2257803,0.2134168,0.316707,0.2749941,0.3488741,0.3048105,0.2317969,0.2589096,0.2677653,0.2576043,0.2362067,0.2301019,0.2631086,0.2584315,0.2511452,0.2600558,0.455852,0.3853827,0.2330203,0.2276788,0.2236068,0.21974,0.2272272,0.224215,0.2266044,0.2280877,0.2256658,0.2228172,0.2250917,0.2219269,0.2215866,0.2193179,0.245212,0.2379852,0.2348098,0.2238265,0.2382093,0.2333346,0.2400022,0.2293291,0.2691638,0.2618417,0.2609702,0.2701942,0.3178086,0.2946531,0.4134876,0.3134618,0.222201,0.2217664,0.2294713,0.213526,0.2253491,0.2249448,0.2278392,0.2219971,0.2224584,0.2172297,0.2499029,0.2608815,0.2340357,0.2298362,0.2933807,0.2688732,0.3174351,0.2977409,0.2528862,0.2389013,0.2443065,0.2330504,0.3014639,0.2920014,0.221773,0.2236471,0.2511297,0.2269297,0.2352103,0.2392801,0.2484292,0.2448426,0.2303232,0.2287104,0.2385662,0.2345122,0.2262619,0.2197597,0.2289116,0.2204222,0.2374709,0.2302437,0.2580589,0.2591948
0.2180717,0.2114399,0.2718227,0.3152418,0.3141805,0.3618068,0.2180163,0.2625028,0.2952098,0.2505049,0.235977,0.2326663,0.2540176,0.264903,0.259521,0.2719298,0.3853827,0.4745007,0.2182442,0.226076,0.2112804,0.2179839,0.2168337,0.221118,0.2205059,0.229985,0.2170249,0.2241058,0.2197162,0.2278542,0.2255178,0.2255863,0.228879,0.2583019,0.2263532,0.2470146,0.2236068,0.2482962,0.224451,0.2307636,0.2505119,0.2879677,0.2363967,0.2976859,0.2541322,0.3679673,0.2973056,0.4441568,0.2105762,0.2236227,0.2189023,0.2184955,0.2157022,0.2270682,0.2117974,0.2269227,0.2175722,0.2154733,0.2543518,0.2676989,0.2228494,0.2421347,0.2770544,0.3291178,0.2999589,0.3661525,0.244637,0.267417,0.2327159,0.2446357,0.2935859,0.3468382,0.223771,0.2260768,0.2333999,0.2371514,0.2289717,0.2361885,0.2475359,0.2814849,0.2196012,0.2471618,0.2214675,0.2638093,0.2216186,0.2243647,0.2181991,0.2248237,0.2232005,0.2491924,0.2431671,0.2647916
0.3176208,0.2614581,0.2610819,0.2170699,0.2430853,0.2324953,0.3346286,0.2285792,0.2333526,0.2366869,0.2788641,0.2402822,0.2754245,0.2347302,0.241893,0.2450546,0.2330203,0.2182442,0.4569482,0.2255153,0.3531742,0.2588623,0.4109822,0.2236986,0.2663678,0.2427226,0.3292079,0.2207949,0.2774197,0.2235777,0.2444895,0.2244339,0.2704926,0.246963,0.3482228,0.2216129,0.2729152,0.2418069,0.3635771,0.2528704,0.2526587,0.2419399,0.236462,0.2270291,0.2333993,0.2150982,0.2262585,0.2157643,0.2977232,0.245713,0.3088958,0.2511756,0.3126207,0.2650606,0.3485008,0.2604117,0.3248738,0.296456,0.2429047,0.2247897,0.2610896,0.2472279,0.2710819,0.2144365,0.2348291,0.2139453,0.2959391,0.2198146,0.3408317,0.2200852,0.2412726,0.2229274,0.2692582,0.2699252,0.371173,0.2252321,0.2469069,0.2311909,0.2937035,0.2190077,0.2872165,0.2483571,0.2863619,0.2362347,0.3241736,0.2600774,0.347193,0.2506963,0.3191084,0.2285222,0.2455273,0.2403024
0.2414841,0.2831817,0.2266811,0.2419631,0.2368178,0.2406775,0.2637333,0.2401895,0.2315989,0.2196501,0.2388472,0.2553392,0.237613,0.2605339,0.2323063,0.2475895,0.2276788,0.226076,0.2255153,0.4011211,0.2443165,0.3210066,0.2237668,0.3792291,0.2436571,0.252899,0.2227471,0.3170208,0.2254252,0.2667206,0.2298284,0.2393201,0.2471463,0.2602807,0.2359421,0.2920408,0.2401575,0.2724542,0.2380749,0.3271714,0.2433869,0.2396364,0.2346873,0.232992,0.230119,0.2253589,0.222162,0.2277862,0.2411057,0.2921952,0.2349283,0.3273302,0.2554878,0.2743308,0.2472135,0.3081166,0.260315,0.3102328,0.2330793,0.2325408,0.2410967,0.2685488,0.2225057,0.2492319,0.2259344,0.2278561,0.2162299,0.2737541,0.2179114,0.304654,0.2328671,0.2364306,0.2499665,0.2655044,0.220991,0.3251933,0.2291466,0.2508482,0.2158814,0.2657497,0.244739,0.2616554,0.2473773,0.2542726,0.2437973,0.2794338,0.2418141,0.3035052,0.2300739,0.2738049,0.2331912,0.2611223
0.3447244,0.3334355,0.2414897,0.2165615,0.2473223,0.2290212,0.4081378,0.2321043,0.2299378,0.2318786,0.2791052,0.2507567,0.234406,0.2279015,0.2645966,0.2476356,0.2236068,0.2112804,0.3531742,0.2443165,0.4991434,0.3112939,0.4155554,0.2446696,0.3664285,0.2758594,0.3328292,0.2365932,0.2830204,0.2371478,0.2583613,0.2399885,0.3280335,0.2689928,0.3551808,0.2291578,0.3120871,0.2705983,0.3958074,0.3029827,0.2741653,0.2396141,0.2484123,0.239975,0.2320507,0.2218404,0.2237506,0.2153846,0.4371143,0.2882392,0.5189937,0.284418,0.429234,0.3163509,0.5013896,0.2992312,0.3871446,0.3936699,0.2244001,0.2223464,0.3015367,0.284729,0.2312725,0.2095972,0.2189358,0.2079067,0.2547249,0.218911,0.2664525,0.2247736,0.2291224,0.2108292,0.3403878,0.3397048,0.2914624,0.2374678,0.2221285,0.23228,0.2542848,0.2138239,0.3577994,0.2841047,0.3412008,0.2532515,0.3879857,0.3038182,0.4333969,0.293254,0.3177643,0.2409581,0.2928905,0.280681
0.3540048,0.3977191,0.235685,0.2242463,0.2391158,0.2582305,0.4195416,0.2405658,0.2637078,0.2953644,0.2560531,0.2739335,0.237809,0.2349369,0.2299122,0.2801813,0.21974,0.2179839,0.2588623,0.3210066,0.3112939,0.5110053,0.2524937,0.3586091,0.275551,0.3262502,0.2503508,0.3036859,0.2451629,0.2760866,0.2437203,0.2552958,0.2950136,0.3696416,0.2751771,0.3203376,0.290226,0.3221543,0.3115313,0.4214676,0.2627725,0.2946326,0.2625082,0.2717665,0.2324253,0.2231325,0.2165557,0.2194915,0.2865924,0.4575864,0.285285,0.5441914,0.3502915,0.4507287,0.3359235,0.5131212,0.3971235,0.4986711,0.2319419,0.2211234,0.2975104,0.3453914,0.2330984,0.2175771,0.2256223,0.2151937,0.2263574,0.2395951,0.2316185,0.2456905,0.2298405,0.2333881,0.3268357,0.3908581,0.2370045,0.2928515,0.2231162,0.2342824,0.2358999,0.2345338,0.3066741,0.3881024,0.2876725,0.3501922,0.3118461,0.443158,0.3121879,0.4499015,0.2580748,0.3285613,0.2651971,0.2865543
0.2953609,0.2585746,0.2337725,0.2188417,0.2324063,0.2258415,0.3052814,0.2272075,0.226594,0.2290332,0.2915201,0.2444146,0.2436219,0.2274707,0.2280499,0.2364806,0.2272272,0.2168337,0.4109822,0.2237668,0.4155554,0.2524937,0.4626998,0.2227018,0.2779984,0.247163,0.3542454,0.2213433,0.297914,0.2257139,0.267993,0.2349307,0.2510816,0.2431532,0.2915544,0.2239451,0.2570077,0.2391389,0.3387262,0.2479874,0.2388313,0.235461,0.2256908,0.2260241,0.2252617,0.2126114,0.2205807,0.217114,0.3215539,0.2472778,0.391758,0.2466066,0.3137166,0.2599538,0.3765096,0.2557208,0.3094429,0.2799839,0.2280937,0.2200315,0.2488825,0.241764,0.2373321,0.2144898,0.2187742,0.2105314,0.2659519,0.2185653,0.2978749,0.2215478,0.2201441,0.2157067,0.273816,0.2623824,0.2997584,0.2257901,0.2376677,0.2279597,0.2518811,0.2159731,0.2680174,0.2445425,0.2636548,0.2324587,0.3170312,0.2558535,0.3525786,0.2472207,0.282634,0.2271398,0.2398856,0.2386994
0.2441625,0.2622332,0.2214122,0.2270404,0.2299813,0.2311509,0.2635567,0.2296583,0.226269,0.2188103,0.242906,0.2650347,0.2336559,0.2470686,0.2251737,0.2298713,0.224215,0.221118,0.2236986,0.3792291,0.2446696,0.3586091,0.2227018,0.4223771,0.2506368,0.2561575,0.2237501,0.3519611,0.2298689,0.28011,0.2370389,0.2583696,0.2422012,0.2516322,0.2311247,0.2603979,0.239531,0.2515647,0.2386793,0.3119244,0.2333854,0.2321226,0.2287526,0.2280811,0.2248755,0.2241499,0.2160743,0.2227357,0.2464094,0.3079449,0.2383607,0.3936506,0.2645602,0.2865252,0.2490444,0.3274722,0.2580333,0.2938935,0.2294192,0.2260223,0.2394985,0.2541517,0.2202154,0.2336663,0.220721,0.2188599,0.2183062,0.2600355,0.2212995,0.282704,0.2249462,0.2232399,0.2525478,0.2661216,0.2236347,0.2890041,0.2307928,0.2430008,0.2238736,0.2442404,0.2448133,0.2595503,0.2418608,0.2521356,0.2427009,0.2842327,0.2404178,0.3143129,0.2310843,0.2637674,0.2307603,0.2397001
0.310593,0.3127718,0.2449425,0.2234526,0.2614243,0.2468168,0.40385,0.2416019,0.2555704,0.2582446,0.3480448,0.310187,0.2428439,0.2434312,0.291232,0.2924387,0.2266044,0.2205059,0.2663678,0.2436571,0.3664285,0.275551,0.2779984,0.2506368,0.5370077,0.4776445,0.2743922,0.2427616,0.2923573,0.2609704,0.3169473,0.2990748,0.3409354,0.2822113,0.3187568,0.2514691,0.335168,0.3107767,0.3342155,0.2963549,0.2981748,0.2607572,0.2616926,0.2479706,0.241823,0.2287826,0.228653,0.2231012,0.4485036,0.2986895,0.2948642,0.2604122,0.5011765,0.3839126,0.4110067,0.3043396,0.4098602,0.3636049,0.2278021,0.2178257,0.3281144,0.3207939,0.234944,0.217678,0.2251507,0.2108057,0.2295879,0.2224042,0.2297765,0.2274991,0.2407587,0.2259393,0.4961615,0.462061,0.257602,0.2380012,0.2310072,0.2302255,0.2325569,0.2235463,0.338967,0.2745817,0.3243483,0.2511958,0.3433539,0.2958083,0.3339773,0.3034122,0.2830049,0.2433147,0.3509705,0.3725835
0.2869142,0.3041061,0.2442733,0.2273021,0.2536409,0.2698774,0.317066,0.2459714,0.2642433,0.2754942,0.3245305,0.3217291,0.2392088,0.2425298,0.2787738,0.3320202,0.2280877,0.229985,0.2427226,0.252899,0.2758594,0.3262502,0.247163,0.2561575,0.4776445,0.4996662,0.243535,0.2518767,0.2642527,0.2816075,0.2992843,0.3086351,0.2875919,0.3274565,0.2566583,0.2963888,0.3029039,0.3308424,0.2806039,0.3189312,0.2742607,0.2919161,0.2481593,0.2672368,0.238667,0.2390437,0.2264716,0.2342158,0.3259249,0.3822646,0.2463912,0.2998366,0.3837114,0.4516659,0.3126404,0.3780784,0.3685124,0.3462633,0.2244194,0.2140029,0.3034117,0.3319037,0.238144,0.2190839,0.227336,0.2170716,0.2296532,0.2241843,0.2302996,0.225639,0.2385717,0.2416048,0.4710974,0.4734459,0.2406746,0.2557844,0.2318676,0.2294868,0.2279452,0.2248348,0.2791988,0.3079073,0.2679506,0.2869725,0.2990243,0.3470608,0.3012204,0.3464124,0.2482901,0.2730795,0.3311155,0.3931037
0.2601264,0.2542459,0.2289741,0.2209946,0.2282592,0.2246239,0.2695536,0.2256619,0.2209382,0.2253485,0.2848223,0.2441472,0.261572,0.2379597,0.2325472,0.235695,0.2256658,0.2170249,0.3292079,0.2227471,0.3328292,0.2503508,0.3542454,0.2237501,0.2743922,0.243535,0.3562959,0.2242125,0.3245432,0.2318049,0.2832947,0.2436026,0.2456931,0.2359363,0.2641021,0.2254032,0.2449397,0.2344746,0.2850374,0.2450847,0.230037,0.2287095,0.2270071,0.2257973,0.2285094,0.2145134,0.2239013,0.2181663,0.3258519,0.2484236,0.3345015,0.2449001,0.2939256,0.2530073,0.3157897,0.2499461,0.2707506,0.2693276,0.2444976,0.2330962,0.2410314,0.237954,0.2359243,0.2178556,0.2279495,0.2165955,0.2554283,0.2241408,0.2940186,0.2252561,0.2263195,0.2206744,0.2644475,0.2562963,0.2729547,0.2253476,0.2718808,0.2435117,0.2384095,0.2179536,0.2563216,0.2388882,0.2506194,0.2304951,0.2765886,0.2471838,0.2792023,0.244949,0.2527904,0.2287069,0.233755,0.2346975
0.2375821,0.2455647,0.2264368,0.2295018,0.2239856,0.2302319,0.2495743,0.2208312,0.2261944,0.2256636,0.2433038,0.2788602,0.2361087,0.256114,0.2324049,0.2389879,0.2228172,0.2241058,0.2207949,0.3170208,0.2365932,0.3036859,0.2213433,0.3519611,0.2427616,0.2518767,0.2242125,0.3495694,0.2329347,0.3031465,0.2456099,0.2716268,0.2328752,0.2385333,0.2298924,0.2459631,0.2320855,0.2391008,0.2347758,0.2712188,0.2246615,0.2305831,0.2221094,0.2276534,0.222696,0.2235483,0.2146592,0.224862,0.241106,0.2929953,0.2321035,0.3020169,0.2483506,0.2675303,0.2411506,0.2895085,0.2460018,0.2661308,0.231158,0.2324121,0.2327198,0.2401769,0.2237967,0.2334842,0.2223755,0.2254155,0.2214096,0.252496,0.222931,0.2780808,0.2255969,0.2292174,0.2446195,0.2567051,0.2215448,0.258252,0.2352882,0.2532103,0.2261954,0.2373583,0.2370304,0.242661,0.2352054,0.2377341,0.2382401,0.2568108,0.2379486,0.2644144,0.2286972,0.2425461,0.2276962,0.2333848
0.2478698,0.2455058,0.2289705,0.225615,0.226478,0.2256414,0.2601126,0.2235532,0.2235351,0.2266176,0.3046592,0.2679679,0.2663856,0.2490085,0.2323083,0.2343531,0.2250917,0.2197162,0.2774197,0.2254252,0.2830204,0.2451629,0.297914,0.2298689,0.2923573,0.2642527,0.3245432,0.2329347,0.3345973,0.2445509,0.3224522,0.2712989,0.240325,0.231248,0.244485,0.2263611,0.2430871,0.2326558,0.2628683,0.2403911,0.2281038,0.2273317,0.2253803,0.2261034,0.2247321,0.2206551,0.219746,0.2222228,0.3145776,0.2446442,0.2740607,0.2407568,0.2916913,0.2542886,0.2824148,0.2430024,0.2618771,0.2573655,0.2534769,0.2374265,0.2403429,0.234268,0.2338974,0.2236094,0.2325986,0.2242375,0.2436541,0.2275725,0.2701079,0.2288392,0.2305308,0.2265007,0.2713315,0.2584724,0.2494629,0.2246495,0.2978237,0.2619987,0.232667,0.2226813,0.2480104,0.2318044,0.2422463,0.2273703,0.2599689,0.2365983,0.2536441,0.2369147,0.2388051,0.2276693,0.238498,0.2335006
0.2387645,0.2358909,0.226889,0.2315708,0.2262986,0.2319913,0.2528479,0.2292267,0.2258742,0.2330303,0.2641874,0.3030677,0.2488195,0.2691036,0.2305786,0.2433095,0.2219269,0.2278542,0.2235777,0.2667206,0.2371478,0.2760866,0.2257139,0.28011,0.2609704,0.2816075,0.2318049,0.3031465,0.2445509,0.3201326,0.2718144,0.3062858,0.2332959,0.2399294,0.2276513,0.2501816,0.2346291,0.2391523,0.2357479,0.2570479,0.2284993,0.2334213,0.2255714,0.2279759,0.2237643,0.2253621,0.2171621,0.2296498,0.2441837,0.3058649,0.2355286,0.2572137,0.2530778,0.2810255,0.2408616,0.2709281,0.2502864,0.2594356,0.246061,0.2497727,0.2353649,0.2413268,0.2247626,0.2346889,0.2289096,0.2381733,0.2241496,0.2484944,0.2246984,0.2666945,0.2295507,0.2374,0.2570068,0.2659188,0.2242793,0.2455646,0.253334,0.2865566,0.2260019,0.2317618,0.2363357,0.2410515,0.2325498,0.2377156,0.2378804,0.2469215,0.2382533,0.2479293,0.2295461,0.2381945,0.2340539,0.2427295
0.2412598,0.2438301,0.2236135,0.2292521,0.2236982,0.2258574,0.2546211,0.2342927,0.2289008,0.2317885,0.3591391,0.339155,0.2589147,0.2582775,0.2312889,0.2350849,0.2215866,0.2255178,0.2444895,0.2298284,0.2583613,0.2437203,0.267993,0.2370389,0.3169473,0.2992843,0.2832947,0.2456099,0.3224522,0.2718144,0.383347,0.3484811,0.2373779,0.2334692,0.2322617,0.2277423,0.2425536,0.2349228,0.2481312,0.2388414,0.2297186,0.2297441,0.2282082,0.2311984,0.224909,0.2269179,0.219602,0.2275589,0.2940685,0.2527716,0.2428708,0.2386656,0.2957179,0.2680424,0.263496,0.2426928,0.2593692,0.2527622,0.2463207,0.2342582,0.2417277,0.2375256,0.2228067,0.2230103,0.2307619,0.2258743,0.2257899,0.2267715,0.2339548,0.2292196,0.2286454,0.2297745,0.2944784,0.2775081,0.2338901,0.2235218,0.266526,0.2629567,0.2209703,0.2241409,0.2420228,0.2307558,0.2376933,0.2290642,0.2542094,0.2340633,0.2449129,0.2333394,0.2333539,0.2280441,0.2459366,0.2404097
0.2336297,0.2419313,0.2230865,0.22271,0.2244677,0.2267037,0.2426674,0.2354423,0.2272847,0.2292373,0.3238117,0.3574144,0.2516161,0.2619281,0.2300956,0.2381107,0.2193179,0.2255863,0.2244339,0.2393201,0.2399885,0.2552958,0.2349307,0.2583696,0.2990748,0.3086351,0.2436026,0.2716268,0.2712989,0.3062858,0.3484811,0.3706393,0.2324535,0.2359125,0.2251831,0.2335048,0.2376002,0.2380459,0.2342625,0.2443752,0.228753,0.2296024,0.2264046,0.2280681,0.2247754,0.224031,0.2156754,0.226396,0.2638268,0.2757603,0.2384631,0.2500524,0.2687881,0.2832396,0.2425856,0.2530489,0.24904,0.2470748,0.2466635,0.2368388,0.2376629,0.240359,0.2199408,0.2207939,0.2277388,0.2256583,0.2208657,0.2271026,0.2245496,0.2271555,0.2258449,0.2283467,0.2787856,0.2773323,0.2241622,0.2283211,0.2585841,0.2564853,0.2198339,0.2234861,0.23417,0.2348114,0.2317856,0.2302297,0.2371247,0.2398282,0.2368617,0.2390791,0.2290165,0.2299443,0.2440894,0.2463259
0.3873429,0.3204449,0.2853895,0.2278004,0.3161601,0.258634,0.4085944,0.3337308,0.2812693,0.2755209,0.2588778,0.2544099,0.2410055,0.2408139,0.2873192,0.2700615,0.245212,0.228879,0.2704926,0.2471463,0.3280335,0.2950136,0.2510816,0.2422012,0.3409354,0.2875919,0.2456931,0.2328752,0.240325,0.2332959,0.2373779,0.2324535,0.4575081,0.2790036,0.3814992,0.236225,0.4156702,0.2892311,0.3545801,0.3086298,0.3970742,0.2784892,0.402702,0.2611483,0.3154716,0.2392322,0.2659344,0.2338057,0.3313151,0.2772178,0.2847348,0.2721294,0.3789198,0.3164532,0.3707151,0.2976252,0.3703316,0.3791073,0.2323089,0.2343478,0.4210886,0.3113118,0.2527141,0.2225832,0.2321748,0.2281746,0.2384977,0.2308835,0.2334422,0.2314074,0.2545139,0.2343068,0.3334056,0.3467989,0.2930539,0.2424213,0.2301049,0.2331282,0.2638752,0.2292579,0.4195144,0.2734168,0.3981884,0.2542421,0.3646177,0.2954475,0.3394118,0.2906977,0.3336544,0.2435929,0.4194386,0.3656105
0.3478171,0.3974639,0.2339249,0.2643483,0.2719344,0.3425763,0.3975092,0.2910874,0.3477561,0.4012733,0.2504981,0.2529756,0.2427694,0.2494925,0.2428277,0.3425841,0.2379852,0.2583019,0.246963,0.2602807,0.2689928,0.3696416,0.2431532,0.2516322,0.2822113,0.3274565,0.2359363,0.2385333,0.231248,0.2399294,0.2334692,0.2359125,0.2790036,0.4609348,0.2648366,0.3783425,0.3130373,0.4229382,0.3125547,0.371712,0.2808847,0.4029588,0.2655191,0.3833413,0.2383196,0.2835773,0.229529,0.2682123,0.2617155,0.3452182,0.2464028,0.3653002,0.3239007,0.3935119,0.3028085,0.4091761,0.3784693,0.4168401,0.2382044,0.2346017,0.3286098,0.4296583,0.2379568,0.262168,0.2384734,0.2429242,0.2284536,0.2452008,0.2291366,0.2354877,0.2434043,0.2715409,0.3401745,0.3663711,0.2439863,0.2919865,0.2266099,0.2312202,0.2249199,0.2767773,0.2731215,0.4433877,0.2539116,0.3980458,0.3076353,0.4343456,0.2925391,0.3988048,0.2473836,0.3453062,0.3495965,0.4052773
0.4191299,0.2665654,0.2910472,0.2291441,0.2823792,0.2486108,0.4739153,0.2639005,0.2492142,0.2490246,0.2786408,0.249782,0.2525175,0.2333725,0.2993603,0.2683893,0.2348098,0.2263532,0.3482228,0.2359421,0.3551808,0.2751771,0.2915544,0.2311247,0.3187568,0.2566583,0.2641021,0.2298924,0.244485,0.2276513,0.2322617,0.2251831,0.3814992,0.2648366,0.3214697,0.2324198,0.3818888,0.2591132,0.4261649,0.2619964,0.3253939,0.2569901,0.3077863,0.2418316,0.2820094,0.2358973,0.2468609,0.2302413,0.3198298,0.2557727,0.2801113,0.2602953,0.3835386,0.2911691,0.3768258,0.2810215,0.3913621,0.3259443,0.236323,0.2351813,0.3613752,0.286097,0.2568321,0.2190193,0.2398512,0.2284465,0.2850183,0.2262216,0.2834083,0.2250804,0.2643154,0.2293186,0.3170094,0.3235701,0.420178,0.2383456,0.2319895,0.2318861,0.2901675,0.2342206,0.3906837,0.2674972,0.4164284,0.2548582,0.3554725,0.2758238,0.3397021,0.2671379,0.4552459,0.2447757,0.3170839,0.2760717
0.2682933,0.304751,0.2428121,0.2617724,0.2272023,0.276666,0.278407,0.2393958,0.2602578,0.2805389,0.2431341,0.2562627,0.263811,0.2874571,0.2394239,0.3092459,0.2238265,0.2470146,0.2216129,0.2920408,0.2291578,0.3203376,0.2239451,0.2603979,0.2514691,0.2963888,0.2254032,0.2459631,0.2263611,0.2501816,0.2277423,0.2335048,0.236225,0.3783425,0.2324198,0.5572102,0.2480032,0.3832969,0.2414717,0.368423,0.234406,0.3026289,0.2409653,0.2892427,0.2336396,0.2545911,0.2242003,0.2676844,0.23574,0.3181844,0.2183363,0.3027907,0.2799584,0.34178,0.2595903,0.3330037,0.310466,0.3506891,0.2654225,0.2890784,0.2563588,0.3374704,0.2415305,0.2743606,0.2475106,0.263038,0.2253098,0.293695,0.223456,0.2844541,0.2518764,0.2773553,0.2999483,0.3089189,0.2222289,0.4622017,0.2400451,0.262744,0.2198845,0.3072791,0.240095,0.3813985,0.2358746,0.4093436,0.2505296,0.3328641,0.2497233,0.318722,0.2260106,0.4392934,0.2517164,0.375178
0.4021767,0.3095871,0.2622401,0.2324004,0.3119961,0.2890455,0.3881232,0.3329435,0.3348886,0.3191862,0.2672655,0.253882,0.2503401,0.2401937,0.2746059,0.2794637,0.2382093,0.2236068,0.2729152,0.2401575,0.3120871,0.290226,0.2570077,0.239531,0.335168,0.3029039,0.2449397,0.2320855,0.2430871,0.2346291,0.2425536,0.2376002,0.4156702,0.3130373,0.3818888,0.2480032,0.463784,0.3041709,0.3910026,0.3033659,0.3512948,0.331878,0.3459945,0.2786478,0.2909808,0.2399188,0.2533142,0.2330237,0.3149471,0.2795359,0.2640122,0.2776135,0.3539096,0.3120369,0.3453977,0.3079874,0.3531123,0.3438081,0.2362007,0.2279132,0.4766574,0.3301708,0.2428373,0.2255312,0.2266264,0.2276435,0.2478904,0.2256446,0.2417945,0.2260964,0.2455043,0.2437767,0.3325282,0.3329204,0.3444144,0.2356026,0.2320613,0.2335494,0.2566139,0.2276294,0.4053352,0.286314,0.3605165,0.2661114,0.331318,0.3021652,0.3182956,0.2914885,0.3453334,0.2508008,0.5418831,0.3754763
0.3119204,0.4351104,0.2427469,0.2475493,0.2833164,0.3070543,0.3420795,0.315344,0.3238907,0.3220288,0.2550339,0.2542407,0.2491795,0.2649285,0.2412624,0.3045739,0.2333346,0.2482962,0.2418069,0.2724542,0.2705983,0.3221543,0.2391389,0.2515647,0.3107767,0.3308424,0.2344746,0.2391008,0.2326558,0.2391523,0.2349228,0.2380459,0.2892311,0.4229382,0.2591132,0.3832969,0.3041709,0.4601824,0.290538,0.377276,0.3093517,0.3435123,0.2658968,0.3109452,0.2434499,0.2594501,0.2238116,0.2553183,0.2697749,0.313179,0.2468375,0.3159127,0.3107005,0.3555622,0.2932932,0.3630387,0.3401656,0.3931041,0.2436144,0.2437542,0.3174719,0.4416911,0.2443772,0.2515125,0.2431032,0.2324554,0.2287987,0.2528633,0.2296644,0.2476837,0.2548112,0.260101,0.3359076,0.3516815,0.2380173,0.3208356,0.2351313,0.2385677,0.2230055,0.2675453,0.2708283,0.4003622,0.2651725,0.3532802,0.2957653,0.3849026,0.2832834,0.3645269,0.2436761,0.3240522,0.3482672,0.4442896
0.4416423,0.2922856,0.26781,0.2293843,0.2902832,0.2734553,0.4906529,0.267055,0.2878715,0.2879563,0.2864409,0.2595883,0.2670667,0.2445844,0.2759201,0.2777241,0.2400022,0.224451,0.3635771,0.2380749,0.3958074,0.3115313,0.3387262,0.2386793,0.3342155,0.2806039,0.2850374,0.2347758,0.2628683,0.2357479,0.2481312,0.2342625,0.3545801,0.3125547,0.4261649,0.2414717,0.3910026,0.290538,0.4322927,0.2982601,0.3144329,0.3034867,0.29217,0.2690585,0.2590157,0.2341871,0.241021,0.2288225,0.3497824,0.2865973,0.328504,0.2984197,0.4032805,0.3181307,0.4199244,0.3183224,0.4111772,0.3634605,0.2409687,0.2310358,0.3797247,0.3250847,0.2516607,0.2212192,0.2359056,0.2221594,0.2691091,0.2248217,0.2767894,0.2259445,0.2527386,0.2367211,0.333244,0.3383067,0.3446707,0.23941,0.2359722,0.2369875,0.2747425,0.2299927,0.3643189,0.2996503,0.3466375,0.2735931,0.375744,0.3095016,0.3799916,0.2956623,0.3511259,0.2556607,0.3828586,0.3235334
0.3181066,0.4705196,0.2368306,0.2389629,0.2634709,0.2870825,0.3643375,0.2617211,0.283748,0.298487,0.2599961,0.2752102,0.2506583,0.2613196,0.2417885,0.2900722,0.2293291,0.2307636,0.2528704,0.3271714,0.3029827,0.4214676,0.2479874,0.3119244,0.2963549,0.3189312,0.2450847,0.2712188,0.2403911,0.2570479,0.2388414,0.2443752,0.3086298,0.371712,0.2619964,0.368423,0.3033659,0.377276,0.2982601,0.4255428,0.2886054,0.3115949,0.268416,0.2948937,0.2375322,0.2415741,0.2220533,0.236284,0.2857509,0.3686808,0.2743146,0.3982522,0.3346674,0.4029108,0.3180862,0.4194454,0.374453,0.5061831,0.2388284,0.2346448,0.315011,0.3661798,0.2339499,0.2323561,0.2274553,0.2240385,0.225217,0.2535337,0.2304039,0.2558385,0.2393358,0.2497782,0.3287123,0.3699259,0.2370101,0.3470303,0.232274,0.2408092,0.2267195,0.2538245,0.293316,0.3764684,0.2853471,0.3427011,0.2942541,0.4114159,0.3004049,0.4052613,0.2504676,0.3361579,0.3212495,0.3470823
0.3589358,0.2964759,0.2786837,0.235015,0.3704072,0.2798228,0.3819316,0.4348201,0.3226528,0.2670055,0.2501967,0.2501546,0.249556,0.2552226,0.2710212,0.2767995,0.2691638,0.2505119,0.2526587,0.2433869,0.2741653,0.2627725,0.2388313,0.2333854,0.2981748,0.2742607,0.230037,0.2246615,0.2281038,0.2284993,0.2297186,0.228753,0.3970742,0.2808847,0.3253939,0.234406,0.3512948,0.3093517,0.3144329,0.2886054,0.4256748,0.2940493,0.3889635,0.2642137,0.321814,0.2493793,0.2761372,0.2474832,0.2744513,0.2608082,0.2495811,0.2397294,0.3162309,0.2896514,0.3071057,0.2736523,0.3381377,0.3293291,0.2321877,0.2352136,0.3675848,0.321357,0.256301,0.233069,0.246542,0.2290129,0.2341393,0.2326896,0.2327255,0.2318912,0.2679789,0.2441629,0.3024325,0.3156504,0.2612846,0.2476001,0.2304878,0.2298193,0.2447726,0.2336626,0.3392962,0.2553701,0.3284088,0.2402202,0.3180784,0.2717175,0.2894731,0.2687566,0.284835,0.2368071,0.3554452,0.3837125
0.3210387,0.3504601,0.2313316,0.2867483,0.3179253,0.423932,0.3410904,0.3075223,0.4841048,0.554884,0.2466478,0.2450581,0.2544774,0.2588952,0.2768065,0.3706916,0.2618417,0.2879677,0.2419399,0.2396364,0.2396141,0.2946326,0.235461,0.2321226,0.2607572,0.2919161,0.2287095,0.2305831,0.2273317,0.2334213,0.2297441,0.2296024,0.2784892,0.4029588,0.2569901,0.3026289,0.331878,0.3435123,0.3034867,0.3115949,0.2940493,0.4728914,0.2675468,0.4269402,0.2497905,0.3269919,0.2598691,0.3080873,0.2424429,0.2843256,0.2306887,0.2884403,0.28332,0.3205547,0.2678837,0.3315426,0.3304673,0.3476958,0.2398202,0.2367764,0.3400371,0.3564952,0.2343315,0.2713739,0.2353209,0.2614314,0.2298506,0.2430479,0.2316242,0.2348223,0.2486557,0.2964666,0.3067243,0.3139008,0.2595341,0.257726,0.2275841,0.230028,0.2295112,0.2670216,0.257731,0.3551676,0.236907,0.336639,0.275785,0.351974,0.2639485,0.3174139,0.2446385,0.2989501,0.3885847,0.3690681
0.3534611,0.257516,0.3142171,0.2293603,0.314828,0.2431798,0.3525212,0.3802986,0.3002171,0.2804298,0.2383955,0.2365627,0.2377207,0.2396694,0.2539571,0.2576076,0.2609702,0.2363967,0.236462,0.2346873,0.2484123,0.2625082,0.2256908,0.2287526,0.2616926,0.2481593,0.2270071,0.2221094,0.2253803,0.2255714,0.2282082,0.2264046,0.402702,0.2655191,0.3077863,0.2409653,0.3459945,0.2658968,0.29217,0.268416,0.3889635,0.2675468,0.4617985,0.2563983,0.3609148,0.2384493,0.2980879,0.2343478,0.255054,0.2466613,0.2382421,0.2441888,0.2776792,0.2624946,0.2731447,0.268468,0.2990727,0.2859552,0.2314894,0.2368,0.3804727,0.285818,0.2659836,0.2298571,0.2482074,0.2330169,0.2327412,0.230512,0.2272169,0.2303378,0.2494741,0.2324139,0.2630041,0.273767,0.2508492,0.2360744,0.2220348,0.2317898,0.2796629,0.2317064,0.353718,0.2549979,0.337191,0.2520772,0.3011518,0.2644642,0.2676802,0.2547876,0.2955912,0.2403945,0.3481627,0.3238134
