0.5492275,0.3636915,0.2419486,0.1625332,0.311452,0.2495912,0.6623713,0.3247449,0.3430277,0.3068432,0.2264094,0.2127013,0.1698351,0.1723168,0.2028496,0.2118751,0.1959273,0.1762366,0.2857896,0.1864892,0.3521181,0.3400824,0.2529907,0.1671275,0.2830744,0.2333925,0.1813626,0.1516621,0.1630634,0.1489564,0.1504733,0.1313467,0.4072636,0.3346003,0.4810966,0.241632,0.4078712,0.3071783,0.4603035,0.3144248,0.3941469,0.3127108,0.3694792,0.2447786,0.2718797,0.1827186,0.2034657,0.1691109,0.3125933,0.2888321,0.2754952,0.2992813,0.448561,0.3599268,0.4754795,0.3681442,0.5432052,0.4746188,0.1287615,0.1350653,0.4102178,0.3763021,0.1818023,0.1454487,0.1459597,0.1452009,0.1749658,0.1414677,0.1660797,0.1281317,0.2023669,0.1897622,0.3551268,0.3878605,0.2709718,0.2081407,0.1328347,0.1250735,0.2000266,0.1548393,0.4077857,0.3279274,0.3793501,0.2977662,0.4631085,0.3709966,0.4313676,0.3343717,0.3274732,0.2459278,0.2890835,0.2865618
0.3636915,0.7064723,0.17168,0.1886289,0.2558889,0.3432895,0.4027352,0.3048916,0.4281848,0.4854583,0.2222455,0.2146541,0.1633421,0.1702615,0.1545993,0.2459058,0.1721828,0.2011181,0.1794051,0.2395431,0.2900188,0.4048115,0.1698211,0.1979501,0.3085311,0.2682742,0.1609741,0.158506,0.1572688,0.14314,0.1675508,0.1389004,0.3087104,0.4096152,0.2869639,0.3193636,0.2831413,0.4573979,0.2674904,0.4803057,0.3063181,0.3892435,0.2396892,0.3673179,0.2017579,0.2460512,0.1653052,0.2095919,0.2819354,0.3276136,0.22673,0.3496863,0.3638312,0.4175313,0.349169,0.4469787,0.4587704,0.6829683,0.1279495,0.1324816,0.3008794,0.4194853,0.1471564,0.1537425,0.1403171,0.1468557,0.1364825,0.1539441,0.1269418,0.1398367,0.1702115,0.2043207,0.3483842,0.4061945,0.1736735,0.2865103,0.1238047,0.1251211,0.1550362,0.176239,0.2824262,0.4491251,0.2974423,0.4005245,0.2845085,0.5370706,0.3135352,0.4596414,0.2287436,0.3311616,0.2181143,0.2732019
0.2419486,0.17168,0.4393797,0.1482635,0.2187108,0.1640559,0.2656101,0.1816441,0.1465971,0.1516687,0.1730554,0.165924,0.219839,0.1721614,0.2209634,0.1861067,0.2355673,0.1900154,0.2092878,0.1324345,0.1930665,0.1682615,0.1741092,0.1244837,0.1699956,0.154526,0.145844,0.1207152,0.1444132,0.1232937,0.139436,0.1246505,0.2319075,0.1711197,0.2762241,0.1613269,0.1952143,0.1694502,0.2364001,0.1689389,0.2333601,0.1603939,0.2409829,0.1532345,0.2906419,0.1552242,0.2551759,0.168747,0.1749521,0.1601418,0.1726268,0.1537668,0.2180968,0.1865654,0.2235218,0.1765343,0.2309924,0.2130218,0.2182795,0.202945,0.1875606,0.1811551,0.3741709,0.1419665,0.3284108,0.1665499,0.3041914,0.1432639,0.2467538,0.1304349,0.2771466,0.1860248,0.1842567,0.1951517,0.2430051,0.1500213,0.1637815,0.1382806,0.3616046,0.1423407,0.2081238,0.1694472,0.2491958,0.1638776,0.2174576,0.1752406,0.2293357,0.1718546,0.2559813,0.1547813,0.1479827,0.1750686
0.1625332,0.1886289,0.1482635,0.4060441,0.177591,0.2376126,0.177876,0.1493856,0.2190134,0.2380784,0.1496171,0.147128,0.1742293,0.2096719,0.2081488,0.2209165,0.2015025,0.2456327,0.1287657,0.1688446,0.1318419,0.1673761,0.1206123,0.1472649,0.1384332,0.1425648,0.1219464,0.1457708,0.1224734,0.1389317,0.1318838,0.1248734,0.1505547,0.2103682,0.1496292,0.2153542,0.1536041,0.1875366,0.1492767,0.1869771,0.1554921,0.2282067,0.1562531,0.251721,0.1541208,0.293609,0.1797664,0.290513,0.1316866,0.1576872,0.1224487,0.1598963,0.1586417,0.1706154,0.1491437,0.1788015,0.1712283,0.1998904,0.1765815,0.2476585,0.1504062,0.1851611,0.1357898,0.3636965,0.1530444,0.3230288,0.1326954,0.2449327,0.1244104,0.2163772,0.203393,0.2893993,0.1519577,0.1640443,0.1378255,0.208245,0.1287687,0.1647425,0.1414487,0.287246,0.1468596,0.1998713,0.1477583,0.2366433,0.1448603,0.1820702,0.1468535,0.1772414,0.1434894,0.2196844,0.1431023,0.1614775
0.311452,0.2558889,0.2187108,0.177591,0.3816845,0.2898903,0.3505334,0.3797072,0.3047099,0.2179938,0.1883157,0.1782078,0.1991329,0.201997,0.2186044,0.2147664,0.3027676,0.265085,0.1820251,0.1554035,0.1987168,0.204871,0.1607901,0.1441524,0.1924563,0.1748318,0.1359236,0.1308296,0.1348517,0.1287889,0.1360689,0.1260375,0.2922001,0.2346456,0.2805236,0.1707512,0.2853667,0.2570421,0.2752357,0.232204,0.3660488,0.2697725,0.3038346,0.2149593,0.2841549,0.2129745,0.2903189,0.229442,0.1829109,0.1931381,0.1708145,0.17467,0.2448139,0.2236666,0.2358484,0.2178101,0.2937583,0.282088,0.1472113,0.1547112,0.2947456,0.2733119,0.1943445,0.1644598,0.1825719,0.1802713,0.1600937,0.1434825,0.1522624,0.1279913,0.2242296,0.2136771,0.2149922,0.2368839,0.1955553,0.1788065,0.1472021,0.1383085,0.169537,0.1567969,0.2498427,0.2144424,0.2456881,0.1959457,0.2443765,0.2211758,0.2235276,0.2161143,0.217901,0.1817959,0.2774436,0.2959724
0.2495912,0.3432895,0.1640559,0.2376126,0.2898903,0.4277357,0.2656323,0.2574931,0.4343198,0.4700141,0.1911205,0.1832276,0.210373,0.2171955,0.207028,0.2720364,0.2460206,0.3265104,0.151099,0.1736784,0.1687167,0.2278795,0.1394453,0.1537565,0.176482,0.1919509,0.1301628,0.1427642,0.1299526,0.1416113,0.1391994,0.1344258,0.2091583,0.311836,0.2024298,0.251156,0.2465384,0.2884901,0.2186233,0.2737701,0.2312311,0.424726,0.2076941,0.3720061,0.1937741,0.328216,0.2088363,0.3213906,0.1611971,0.2119933,0.1550482,0.196179,0.2074933,0.2413931,0.1987379,0.2488367,0.2707435,0.3239329,0.1614041,0.1685641,0.2525508,0.2851318,0.1658421,0.2017151,0.1618814,0.2267495,0.1428162,0.1606789,0.1349939,0.1450906,0.1981604,0.2724966,0.2135083,0.2338428,0.1784786,0.2037109,0.1457842,0.1561536,0.1553789,0.1863928,0.1897375,0.2847306,0.1853506,0.2855267,0.1982038,0.2697297,0.1945823,0.2462327,0.178997,0.2392635,0.2588614,0.2567353
0.6623713,0.4027352,0.2656101,0.177876,0.3505334,0.2656323,0.4070087,0.312149,0.3774506,0.334209,0.2863097,0.2682634,0.1767132,0.1904832,0.2278292,0.2172835,0.2029013,0.1808163,0.3080346,0.2132485,0.4159978,0.4047316,0.2760894,0.1874104,0.3901663,0.2931527,0.1880068,0.1664344,0.1831622,0.1640815,0.1769851,0.1498881,0.4491914,0.3955601,0.5568396,0.2690539,0.4144738,0.3551855,0.5233418,0.3651039,0.4428332,0.3428879,0.3996871,0.2722543,0.2931305,0.1987386,0.2138626,0.1768771,0.3775301,0.3571148,0.3014507,0.347505,0.5963006,0.4718167,0.5474802,0.4350239,0.6820658,0.601455,0.1317806,0.1416318,0.4163353,0.4645884,0.1927304,0.1553023,0.1519773,0.1493796,0.1796782,0.1524872,0.1646733,0.1417234,0.2203249,0.1983068,0.4452421,0.5113552,0.2778891,0.2324471,0.142625,0.1261828,0.214853,0.1678376,0.4229551,0.3895787,0.4316387,0.3460132,0.4866191,0.4342208,0.4453812,0.4039094,0.3677088,0.2793664,0.2716451,0.3088068
0.3247449,0.3048916,0.1816441,0.1493856,0.3797072,0.2574931,0.312149,0.1571682,0.3228753,0.1837717,0.1665003,0.1635788,0.1689584,0.1781901,0.1791888,0.1734232,0.2273041,0.2262655,0.1725045,0.1614114,0.1773874,0.1930634,0.1459984,0.1486309,0.1800351,0.1783995,0.1251169,0.1270939,0.1195571,0.1284773,0.1268488,0.126006,0.3003946,0.2427702,0.2746596,0.1595382,0.3033781,0.3060941,0.2505692,0.2509117,0.4297438,0.2629409,0.3499965,0.2301728,0.300536,0.2291175,0.2383942,0.2120735,0.1537951,0.1984145,0.1475537,0.1597626,0.2077969,0.221801,0.2137721,0.2000277,0.2815563,0.2928321,0.1282012,0.1380101,0.32639,0.308211,0.1526666,0.1313164,0.1430755,0.140343,0.1332573,0.137082,0.1286665,0.1270989,0.16986,0.1642684,0.2060016,0.2306825,0.1837975,0.1693183,0.1212539,0.1242852,0.146156,0.1408219,0.2707525,0.2172083,0.2464802,0.1941459,0.2364084,0.2037008,0.2016416,0.2124607,0.2064599,0.1736645,0.2782941,0.3380742
0.3430277,0.4281848,0.1465971,0.2190134,0.3047099,0.4343198,0.3774506,0.3228753,0.3308554,0.6828509,0.1871404,0.1759764,0.1727751,0.1915393,0.1820101,0.2776737,0.2222892,0.2545317,0.1636529,0.1832214,0.1883376,0.2688287,0.1475261,0.15773,0.211303,0.2075927,0.1269108,0.1366176,0.129762,0.132942,0.1417767,0.1317907,0.2402843,0.3700235,0.2592992,0.2740144,0.3173906,0.3591525,0.2739213,0.2999406,0.2763942,0.5203693,0.2809865,0.4352092,0.2268497,0.3177728,0.206958,0.2609685,0.1835623,0.2314021,0.1530339,0.2273044,0.2598374,0.2875414,0.2448209,0.3089088,0.3332468,0.3941507,0.1376353,0.1436611,0.3185604,0.3572202,0.1464414,0.1724651,0.1416641,0.1743214,0.1376225,0.1402957,0.12821,0.1295574,0.1766126,0.2405518,0.2473743,0.2858085,0.1944251,0.2301691,0.1237383,0.1306829,0.1446656,0.1699853,0.2369021,0.3388071,0.2036948,0.3382374,0.2217426,0.3429445,0.2108428,0.2926407,0.2005599,0.2689576,0.3180884,0.2856361
0.3068432,0.4854583,0.1516687,0.2380784,0.2179938,0.4700141,0.334209,0.1837717,0.6828509,0,0.1886188,0.1785783,0.1687722,0.1722852,0.1816554,0.3644337,0.2254125,0.2370472,0.156153,0.1856647,0.1907695,0.2908204,0.1452339,0.1562051,0.2143352,0.2141358,0.1289492,0.1346063,0.133042,0.1303647,0.1460356,0.1313626,0.2158103,0.4362036,0.2318067,0.3299835,0.2827108,0.3711131,0.2464992,0.3203154,0.2089077,0.6078163,0.2361332,0.5858356,0.2119139,0.3857052,0.2030892,0.24011,0.1961558,0.2406947,0.1540857,0.2468737,0.2676612,0.3019266,0.2547836,0.3466478,0.3366834,0.4281508,0.1492872,0.1482944,0.275676,0.3459056,0.1601905,0.1678188,0.1518576,0.181793,0.1388762,0.1356276,0.127297,0.1276864,0.1853715,0.2746978,0.2634873,0.2902288,0.1916357,0.2434408,0.1214522,0.1321946,0.1578231,0.174684,0.196505,0.3952909,0.1854888,0.4043444,0.2057378,0.4057768,0.2128438,0.3230161,0.1933643,0.3054321,0.2632791,0.2819609
0.2264094,0.2222455,0.1730554,0.1496171,0.1883157,0.1911205,0.2863097,0.1665003,0.1871404,0.1886188,0.382821,0.3454993,0.2157229,0.2134215,0.1924973,0.2189209,0.1570263,0.1552538,0.2069587,0.16329,0.1955273,0.1799506,0.2140461,0.1510193,0.2842522,0.2650384,0.209398,0.1530691,0.2346889,0.1804319,0.2989385,0.2483231,0.1966951,0.1904172,0.2291688,0.1923492,0.1922814,0.1959659,0.2276729,0.2077679,0.2022828,0.1892294,0.1760136,0.1662266,0.1604229,0.1527496,0.1425769,0.148409,0.2318112,0.1893531,0.160757,0.160294,0.2686442,0.2466021,0.2319244,0.1903829,0.2811233,0.2663447,0.1629167,0.1482442,0.1891883,0.2086,0.1586277,0.1470372,0.1439456,0.1383163,0.1563901,0.1506588,0.165499,0.1556062,0.1698858,0.1736456,0.2604783,0.2641217,0.1837112,0.1639686,0.1918886,0.1881992,0.1587121,0.1462684,0.184166,0.1907191,0.194933,0.1795091,0.2000585,0.1963332,0.1912634,0.1960901,0.1845945,0.1647672,0.1660264,0.2031837
0.2127013,0.2146541,0.165924,0.147128,0.1782078,0.1832276,0.2682634,0.1635788,0.1759764,0.1785783,0.3454993,0.3946052,0.1936602,0.2081745,0.1851951,0.2000291,0.1491267,0.1468205,0.1542477,0.1916889,0.1639332,0.2079665,0.1480665,0.1972443,0.2366357,0.2614022,0.1539535,0.2121008,0.1856579,0.2382514,0.2786765,0.2998358,0.1923687,0.1860381,0.1968723,0.2023844,0.181296,0.1875059,0.194655,0.223649,0.1953094,0.1826557,0.1706545,0.160192,0.1550785,0.1484722,0.1357486,0.1424554,0.1789144,0.2373733,0.1445084,0.1777851,0.2363895,0.2658274,0.1993135,0.2192594,0.2578629,0.2776249,0.1537355,0.1306531,0.1808812,0.2022072,0.1541506,0.1433903,0.1345648,0.1291189,0.1511316,0.1451705,0.1540387,0.1519893,0.1570906,0.1629527,0.2396838,0.261003,0.1521366,0.1755278,0.1847201,0.1767042,0.1525704,0.1484367,0.1815579,0.1870649,0.1888547,0.1801696,0.1801844,0.2045331,0.1783747,0.2101124,0.1683517,0.1682615,0.1494382,0.1926699
0.1698351,0.1633421,0.219839,0.1742293,0.1991329,0.210373,0.1767132,0.1689584,0.1727751,0.1687722,0.2157229,0.1936602,0.3557861,0.3099159,0.2831814,0.2497411,0.1837334,0.178606,0.1843404,0.1459957,0.1490873,0.1380294,0.1530849,0.1291201,0.1570309,0.1507318,0.1713716,0.1358561,0.1831377,0.1561252,0.1773885,0.1568965,0.1600401,0.1633689,0.1841884,0.1854683,0.175799,0.161605,0.1949917,0.1720344,0.1784289,0.1895148,0.1624019,0.1663207,0.1644552,0.1651368,0.1655298,0.1683714,0.1423786,0.1420376,0.1357966,0.12574,0.1543336,0.1531854,0.1583928,0.1440344,0.1700371,0.1773278,0.3007101,0.2542786,0.169642,0.1603389,0.236854,0.1821337,0.2415508,0.185209,0.2318756,0.1817031,0.2323303,0.1787688,0.2613786,0.237399,0.146752,0.1558453,0.2124609,0.1636154,0.2782324,0.2543143,0.2349188,0.1716491,0.1474387,0.156187,0.1602345,0.161026,0.1532429,0.1480013,0.1490535,0.1513666,0.1849566,0.1586084,0.1773426,0.1808113
0.1723168,0.1702615,0.1721614,0.2096719,0.201997,0.2171955,0.1904832,0.1781901,0.1915393,0.1722852,0.2134215,0.2081745,0.3099159,0.3227645,0.2680719,0.2522096,0.1835537,0.1940082,0.1417879,0.176993,0.1362733,0.1445372,0.1347065,0.1535299,0.1581279,0.1597293,0.1438373,0.1677062,0.1604437,0.1866369,0.1751321,0.1734542,0.1597605,0.177453,0.1522696,0.2248428,0.1640441,0.1891436,0.172125,0.1928294,0.1861848,0.197403,0.1642343,0.1808522,0.1566582,0.186933,0.159684,0.1905073,0.1361228,0.153782,0.1255876,0.1302298,0.156069,0.162189,0.155128,0.1583495,0.1749725,0.1874377,0.2605459,0.2771104,0.1655511,0.1807799,0.1780417,0.2283305,0.1813484,0.2370955,0.1695196,0.228049,0.1644019,0.2221915,0.2309072,0.2594692,0.1529614,0.1641704,0.1563018,0.2061943,0.2372237,0.264656,0.1640512,0.2134435,0.1487448,0.1636709,0.1531625,0.1725289,0.1528058,0.1528158,0.1426141,0.1561221,0.1514369,0.1808071,0.1686749,0.2048991
0.2028496,0.1545993,0.2209634,0.2081488,0.2186044,0.207028,0.2278292,0.1791888,0.1820101,0.1816554,0.1924973,0.1851951,0.2831814,0.2680719,0.5354992,0.4882771,0.1895419,0.1901852,0.1915873,0.1519757,0.2041431,0.1509813,0.1566236,0.1326988,0.2078201,0.1903065,0.138992,0.1305602,0.1352659,0.1315743,0.1367293,0.1310886,0.2299015,0.1688336,0.2633191,0.1597839,0.1925043,0.1625542,0.2160853,0.1709576,0.217058,0.1954431,0.1983054,0.1852071,0.1911389,0.1846976,0.1973976,0.196061,0.1821751,0.1538764,0.1526878,0.130519,0.2188196,0.1876192,0.2253179,0.1662069,0.2276588,0.1794766,0.1743219,0.1879302,0.1964939,0.1650404,0.2479396,0.2053373,0.2541632,0.225651,0.1830354,0.1581341,0.1729429,0.143788,0.3478078,0.3166762,0.2172413,0.219346,0.18979,0.1630064,0.1579165,0.1555202,0.1913018,0.1761844,0.1990685,0.1630182,0.2042334,0.1654834,0.2034876,0.1649916,0.1835904,0.1659162,0.1871966,0.159165,0.2035727,0.2224009
0.2118751,0.2459058,0.1861067,0.2209165,0.2147664,0.2720364,0.2172835,0.1734232,0.2776737,0.3644337,0.2189209,0.2000291,0.2497411,0.2522096,0.4882771,0.4307086,0.1957647,0.2042679,0.1697039,0.1830641,0.1652218,0.206367,0.1436637,0.1442472,0.1933728,0.2270169,0.1371823,0.1404958,0.1375627,0.1457251,0.1429803,0.1370801,0.2016912,0.267264,0.2218752,0.2391225,0.192793,0.2283759,0.2069029,0.230119,0.2155121,0.3016018,0.1903011,0.2945589,0.1770024,0.2219993,0.186547,0.2032948,0.1701178,0.1958575,0.1345503,0.1712349,0.2131279,0.236048,0.206499,0.2492195,0.2556493,0.2454431,0.1674955,0.1711607,0.199294,0.2271414,0.1802375,0.220283,0.1881906,0.2118449,0.1481861,0.1746149,0.1487541,0.1703606,0.2791772,0.3107516,0.2549167,0.2520765,0.1765937,0.1996184,0.159237,0.1796264,0.1576024,0.1935517,0.1766531,0.2387394,0.1828012,0.2330803,0.200838,0.2576537,0.1825401,0.2171732,0.1718025,0.2036426,0.21053,0.3111797
0.1959273,0.1721828,0.2355673,0.2015025,0.3027676,0.2460206,0.2029013,0.2273041,0.2222892,0.2254125,0.1570263,0.1491267,0.1837334,0.1835537,0.1895419,0.1957647,0.4136417,0.3391499,0.1504681,0.1299391,0.1500487,0.1511308,0.1367451,0.1250765,0.1460534,0.1406809,0.1288413,0.1214091,0.1290911,0.1203503,0.1300192,0.1216112,0.1970549,0.1881309,0.1843316,0.1566228,0.1896803,0.1821962,0.1883274,0.1693901,0.2314362,0.2171459,0.2049074,0.211152,0.2567794,0.2315765,0.355383,0.2575736,0.1481496,0.1460372,0.1459602,0.138641,0.1722305,0.1627562,0.1717171,0.1645706,0.1833957,0.1823062,0.1473102,0.164043,0.1873952,0.1828576,0.2121964,0.1800618,0.2289981,0.2129878,0.1614196,0.1428813,0.154117,0.1286898,0.2391479,0.2267233,0.1572033,0.1663144,0.1614986,0.1492507,0.1426252,0.1373594,0.1628253,0.1544839,0.1752153,0.1707185,0.1794392,0.1778834,0.1781616,0.1740744,0.1778129,0.1650755,0.1673148,0.1590757,0.2005492,0.2185048
0.1762366,0.2011181,0.1900154,0.2456327,0.265085,0.3265104,0.1808163,0.2262655,0.2545317,0.2370472,0.1552538,0.1468205,0.178606,0.1940082,0.1901852,0.2042679,0.3391499,0.4450047,0.1318334,0.1404332,0.1385353,0.1619938,0.1224257,0.129993,0.1426399,0.1444658,0.1256978,0.1282499,0.1251537,0.1248925,0.1320215,0.1250696,0.1818728,0.2077509,0.1716599,0.1964931,0.1745086,0.2044861,0.1631956,0.1870695,0.2053169,0.2516293,0.1964924,0.2489654,0.1963813,0.3248408,0.2298785,0.4073091,0.136159,0.1525846,0.1329084,0.150843,0.1587474,0.1700128,0.1523342,0.1730484,0.1718385,0.1965242,0.1524883,0.1928442,0.1724447,0.1955118,0.1837992,0.2345935,0.2075341,0.2940856,0.1422406,0.1768496,0.1344847,0.1465238,0.2272273,0.2981429,0.1528925,0.1672006,0.1508306,0.1708715,0.1302989,0.1364912,0.1521074,0.1944344,0.1691463,0.1960663,0.1732562,0.2201023,0.1632378,0.1858964,0.1601146,0.1802207,0.1596466,0.1951604,0.1760867,0.2064682
0.2857896,0.1794051,0.2092878,0.1287657,0.1820251,0.151099,0.3080346,0.1725045,0.1636529,0.156153,0.2069587,0.1542477,0.1843404,0.1417879,0.1915873,0.1697039,0.1504681,0.1318334,0.4344157,0.1339832,0.3135324,0.1854648,0.373478,0.1313156,0.1981302,0.1492182,0.2715132,0.1263015,0.2060885,0.1256004,0.1490882,0.1180952,0.2037047,0.1701239,0.3476704,0.1456738,0.2051338,0.1625819,0.3318942,0.1733333,0.1993403,0.1631859,0.1704335,0.1407651,0.1704617,0.1266071,0.1444413,0.1260848,0.2392524,0.1638199,0.2428949,0.1708973,0.2659257,0.1855915,0.2959835,0.1868674,0.2742105,0.226122,0.1383742,0.1271502,0.1896432,0.1818296,0.2236465,0.1265839,0.140039,0.1220457,0.2479218,0.1273751,0.2892734,0.1255169,0.1606401,0.140084,0.1996208,0.1995432,0.3438103,0.1415656,0.1582365,0.137637,0.2658874,0.1282761,0.2010663,0.170163,0.2317668,0.1599434,0.2654092,0.1798722,0.298997,0.174101,0.2900257,0.1480429,0.1521214,0.1673009
0.1864892,0.2395431,0.1324345,0.1688446,0.1554035,0.1736784,0.2132485,0.1614114,0.1832214,0.1856647,0.16329,0.1916889,0.1459957,0.176993,0.1519757,0.1830641,0.1299391,0.1404332,0.1339832,0.372882,0.1571727,0.2715706,0.126768,0.3364116,0.1538022,0.1774257,0.1195922,0.2629033,0.1196454,0.190857,0.1217136,0.1414876,0.167789,0.1932361,0.1575307,0.2442085,0.1591084,0.1962437,0.1626731,0.2892212,0.1713621,0.1829435,0.1529888,0.1698694,0.1388743,0.1525792,0.1241755,0.1452383,0.1459718,0.2291575,0.1348593,0.2601011,0.1852697,0.2215437,0.1734143,0.2580447,0.2115151,0.2871271,0.1281204,0.1263578,0.1614031,0.2025907,0.1271149,0.1949677,0.1169294,0.1388379,0.1227089,0.220697,0.1205588,0.2611202,0.1298722,0.153242,0.1781809,0.2064002,0.1291923,0.2887096,0.1293832,0.1519118,0.126154,0.2203197,0.156474,0.1904605,0.1628812,0.1969701,0.1622926,0.2158642,0.166492,0.2473027,0.1452521,0.2211692,0.1384105,0.1720827
0.3521181,0.2900188,0.1930665,0.1318419,0.1987168,0.1687167,0.4159978,0.1773874,0.1883376,0.1907695,0.1955273,0.1639332,0.1490873,0.1362733,0.2041431,0.1652218,0.1500487,0.1385353,0.3135324,0.1571727,0.4799588,0.2649618,0.3770731,0.1563162,0.3259302,0.206333,0.266996,0.137093,0.203394,0.1369233,0.1677195,0.1407619,0.2933469,0.2218655,0.3730785,0.1696374,0.2499071,0.2207602,0.36792,0.2517301,0.2458887,0.1875641,0.2070364,0.1762312,0.1829507,0.1408015,0.1533618,0.1344149,0.3934476,0.2258095,0.4830026,0.2316548,0.4128428,0.2629085,0.4861798,0.2482019,0.3757326,0.3534465,0.1259983,0.1234515,0.246342,0.2464927,0.1599203,0.1230283,0.1323591,0.1217873,0.1772867,0.1201817,0.185568,0.1130252,0.1592565,0.1390069,0.3117895,0.3035462,0.2382224,0.1657457,0.1193788,0.1172374,0.1889259,0.1265812,0.2869999,0.2350296,0.3064621,0.2069954,0.3563707,0.2616504,0.4010844,0.2535757,0.27852,0.1828057,0.1907149,0.2216649
0.3400824,0.4048115,0.1682615,0.1673761,0.204871,0.2278795,0.4047316,0.1930634,0.2688287,0.2908204,0.1799506,0.2079665,0.1380294,0.1445372,0.1509813,0.206367,0.1511308,0.1619938,0.1854648,0.2715706,0.2649618,0.492521,0.1730449,0.2938417,0.2161502,0.2646213,0.1473454,0.2244488,0.1426218,0.189615,0.1379525,0.1552053,0.2783397,0.3222311,0.2798074,0.29186,0.2491179,0.2810479,0.2724388,0.4058358,0.2517681,0.2712973,0.2267594,0.2511139,0.1828425,0.1875069,0.1505522,0.1647469,0.2352707,0.4106035,0.2125031,0.4966316,0.3304262,0.4150468,0.3049965,0.4833262,0.3766235,0.5113994,0.1153009,0.12167,0.250655,0.3098844,0.1433094,0.1451459,0.1281817,0.1314952,0.1284561,0.1529024,0.1234012,0.1459416,0.1478628,0.1665103,0.286497,0.3582816,0.1688664,0.2637519,0.1116505,0.1172821,0.148034,0.1720336,0.2637385,0.3390974,0.2697437,0.325237,0.2792646,0.402391,0.2915403,0.4050182,0.2188499,0.2918515,0.1778925,0.2192094
0.2529907,0.1698211,0.1741092,0.1206123,0.1607901,0.1394453,0.2760894,0.1459984,0.1475261,0.1452339,0.2140461,0.1480665,0.1530849,0.1347065,0.1566236,0.1436637,0.1367451,0.1224257,0.373478,0.126768,0.3770731,0.1730449,0.4208854,0.1315047,0.2036797,0.1450793,0.299385,0.1252898,0.2291571,0.128259,0.1783645,0.1308106,0.179352,0.1596807,0.2617572,0.1321017,0.1781782,0.1536267,0.2935464,0.1622203,0.1716824,0.1506168,0.1523251,0.1368193,0.1519812,0.1204926,0.1331754,0.1184233,0.2574816,0.157321,0.3443131,0.1610005,0.2612835,0.1710137,0.3240868,0.1720791,0.2535698,0.2049284,0.1246023,0.1218469,0.1705626,0.1678052,0.1731338,0.1185161,0.1262926,0.117466,0.2035369,0.1183841,0.2333809,0.117515,0.1404226,0.1287753,0.1980023,0.182546,0.2444667,0.1302752,0.1487901,0.1292061,0.2091838,0.1182292,0.1787597,0.1598817,0.19449,0.1493349,0.2562116,0.1679421,0.2929198,0.1603353,0.2269322,0.1365939,0.1451804,0.1538224
0.1671275,0.1979501,0.1244837,0.1472649,0.1441524,0.1537565,0.1874104,0.1486309,0.15773,0.1562051,0.1510193,0.1972443,0.1291201,0.1535299,0.1326988,0.1442472,0.1250765,0.129993,0.1313156,0.3364116,0.1563162,0.2938417,0.1315047,0.3829089,0.152935,0.1712055,0.1193266,0.3002163,0.1192282,0.2077404,0.1258512,0.1619093,0.1548887,0.1620137,0.151631,0.201728,0.145972,0.1640952,0.1517549,0.2607299,0.155213,0.155887,0.1394996,0.1487101,0.1285221,0.1422398,0.1178188,0.1348136,0.1430613,0.2300795,0.138518,0.3213191,0.1734815,0.2075019,0.1627723,0.2549915,0.1841371,0.2410077,0.115536,0.1170416,0.1487825,0.1681067,0.1204356,0.1653052,0.1105874,0.1278868,0.118874,0.1905441,0.1185371,0.2179195,0.1205744,0.1342588,0.1640903,0.1856213,0.1234818,0.2412956,0.1172937,0.1342607,0.1230889,0.1824782,0.147209,0.1648831,0.1512152,0.1721954,0.1505851,0.194654,0.1565377,0.2398879,0.1375269,0.1941954,0.1294837,0.149081
0.2830744,0.3085311,0.1699956,0.1384332,0.1924563,0.176482,0.3901663,0.1800351,0.211303,0.2143352,0.2842522,0.2366357,0.1570309,0.1581279,0.2078201,0.1933728,0.1460534,0.1426399,0.1981302,0.1538022,0.3259302,0.2161502,0.2036797,0.152935,0.4982972,0.4247426,0.1920193,0.1388206,0.2198489,0.1627128,0.2538459,0.2188977,0.2888418,0.2362245,0.2916636,0.1902519,0.2592264,0.2674378,0.2831486,0.2451549,0.2494377,0.1979357,0.2050278,0.1865501,0.1731623,0.1567222,0.1461449,0.1417362,0.407554,0.2318828,0.2415089,0.1946782,0.4748483,0.3477724,0.3789875,0.2309481,0.3853918,0.351951,0.1275073,0.1249666,0.2573906,0.2817567,0.143082,0.1245006,0.1263067,0.1270505,0.141146,0.1265825,0.1388564,0.1248429,0.1504162,0.1427078,0.4607335,0.4260077,0.186902,0.1606777,0.1272672,0.1253762,0.1543896,0.1374831,0.2699435,0.2409348,0.2776059,0.2116593,0.2813382,0.2569637,0.2710838,0.2545131,0.2262704,0.1829848,0.2356104,0.2831086
0.2333925,0.2682742,0.154526,0.1425648,0.1748318,0.1919509,0.2931527,0.1783995,0.2075927,0.2141358,0.2650384,0.2614022,0.1507318,0.1597293,0.1903065,0.2270169,0.1406809,0.1444658,0.1492182,0.1774257,0.206333,0.2646213,0.1450793,0.1712055,0.4247426,0.4439557,0.1466363,0.1601467,0.1857693,0.2025119,0.2338024,0.2410264,0.2263243,0.2532326,0.2064674,0.2271509,0.2281848,0.2557609,0.2087582,0.2590701,0.2118712,0.216079,0.1775892,0.196371,0.1539053,0.1647111,0.1350023,0.1446271,0.2626799,0.33362,0.1726319,0.2193149,0.3416699,0.4139571,0.2531294,0.3078816,0.3287423,0.3332762,0.1270539,0.1189151,0.2275143,0.2681903,0.138818,0.1284136,0.1290663,0.1223818,0.1308985,0.1304256,0.1298854,0.13032,0.1418481,0.1483467,0.4161753,0.4259027,0.1542333,0.1781839,0.1326708,0.1329147,0.1398668,0.1491799,0.2128414,0.2463228,0.2089358,0.2273526,0.2188781,0.2727409,0.2206365,0.2684554,0.1767583,0.1995003,0.227304,0.2765104
0.1813626,0.1609741,0.145844,0.1219464,0.1359236,0.1301628,0.1880068,0.1251169,0.1269108,0.1289492,0.209398,0.1539535,0.1713716,0.1438373,0.138992,0.1371823,0.1288413,0.1256978,0.2715132,0.1195922,0.266996,0.1473454,0.299385,0.1193266,0.1920193,0.1466363,0.2988363,0.1200195,0.2583506,0.1325583,0.2043859,0.146073,0.1536406,0.142273,0.1989353,0.125823,0.1456217,0.1427386,0.2111206,0.1481764,0.1432062,0.1313112,0.1348241,0.1295751,0.1307374,0.1189556,0.1246609,0.1229621,0.2531936,0.1430957,0.2689358,0.1367028,0.2105329,0.1490761,0.2428901,0.1461391,0.1809456,0.1721877,0.1464571,0.1365417,0.1440232,0.1469942,0.1592436,0.1209939,0.1320272,0.1251505,0.1823559,0.1236611,0.2244304,0.1224951,0.1330426,0.1308357,0.1740871,0.1600761,0.2011244,0.1246009,0.1878357,0.1483131,0.1701919,0.1166561,0.1538862,0.1452666,0.1593949,0.1342926,0.1939563,0.1496435,0.200092,0.1451546,0.1750945,0.1272426,0.1331725,0.1428387
0.1516621,0.158506,0.1207152,0.1457708,0.1308296,0.1427642,0.1664344,0.1270939,0.1366176,0.1346063,0.1530691,0.2121008,0.1358561,0.1677062,0.1305602,0.1404958,0.1214091,0.1282499,0.1263015,0.2629033,0.137093,0.2244488,0.1252898,0.3002163,0.1388206,0.1601467,0.1200195,0.2948421,0.1281846,0.2363863,0.1451079,0.1873387,0.1373075,0.1461789,0.136562,0.1765309,0.1344328,0.1461415,0.1388834,0.1989129,0.1340636,0.1404688,0.1280875,0.1344158,0.1205929,0.1324624,0.1154293,0.1327845,0.1354537,0.2156113,0.12854,0.2223017,0.1457603,0.1789813,0.1438841,0.2113732,0.1578482,0.1947601,0.1246596,0.1221475,0.1363213,0.1495027,0.1187302,0.1586665,0.1134683,0.1308217,0.1178722,0.1803336,0.1194808,0.2150326,0.1175129,0.1325994,0.1450404,0.1651705,0.1204179,0.197016,0.1358273,0.1623739,0.118646,0.1622154,0.1345333,0.144982,0.1349251,0.1450879,0.136369,0.1607797,0.1389317,0.1743113,0.1270377,0.1556124,0.1220898,0.1354526
0.1630634,0.1572688,0.1444132,0.1224734,0.1348517,0.1299526,0.1831622,0.1195571,0.129762,0.133042,0.2346889,0.1856579,0.1831377,0.1604437,0.1352659,0.1375627,0.1290911,0.1251537,0.2060885,0.1196454,0.203394,0.1426218,0.2291571,0.1192282,0.2198489,0.1857693,0.2583506,0.1281846,0.2703487,0.1487562,0.2531774,0.1850734,0.1482699,0.1401902,0.1655436,0.1224903,0.142105,0.1441919,0.1812873,0.1430141,0.1408656,0.1310438,0.1337288,0.1279999,0.1291154,0.119853,0.1239613,0.1235774,0.2401401,0.1424817,0.1911031,0.1326916,0.2112035,0.1656164,0.2017738,0.1428769,0.1742122,0.1665681,0.1629165,0.1436862,0.1410517,0.1475745,0.1501133,0.1211104,0.135696,0.1263247,0.1621866,0.124725,0.1944175,0.1263432,0.135638,0.1317429,0.1875743,0.1740077,0.1666476,0.1221411,0.2194077,0.1715547,0.1482055,0.1173708,0.1461988,0.1429983,0.1489198,0.1320105,0.1745466,0.1438084,0.1642178,0.1392476,0.1502521,0.1250067,0.1330238,0.141765
0.1489564,0.14314,0.1232937,0.1389317,0.1287889,0.1416113,0.1640815,0.1284773,0.132942,0.1303647,0.1804319,0.2382514,0.1561252,0.1866369,0.1315743,0.1457251,0.1203503,0.1248925,0.1256004,0.190857,0.1369233,0.189615,0.128259,0.2077404,0.1627128,0.2025119,0.1325583,0.2363863,0.1487562,0.2558491,0.1844824,0.2332389,0.1342471,0.1472238,0.1308234,0.1696664,0.1355741,0.1432433,0.13691,0.1735682,0.1323543,0.1403877,0.1259631,0.1327494,0.1219474,0.1286317,0.1180158,0.1285138,0.136656,0.2391289,0.1400331,0.1677732,0.1509675,0.2064736,0.141555,0.1895404,0.1590906,0.1857906,0.1445987,0.1427642,0.135135,0.1500232,0.1214066,0.1540341,0.1200422,0.1379613,0.1200359,0.1675867,0.1218912,0.1914634,0.1230485,0.1381178,0.1615891,0.179251,0.1206251,0.1623069,0.1639773,0.2085805,0.11898,0.1527256,0.1336411,0.146499,0.1324565,0.1442992,0.1361206,0.1522996,0.1372388,0.1554382,0.1262027,0.143685,0.1277676,0.1404406
0.1504733,0.1675508,0.139436,0.1318838,0.1360689,0.1391994,0.1769851,0.1268488,0.1417767,0.1460356,0.2989385,0.2786765,0.1773885,0.1751321,0.1367293,0.1429803,0.1300192,0.1320215,0.1490882,0.1217136,0.1677195,0.1379525,0.1783645,0.1258512,0.2538459,0.2338024,0.2043859,0.1451079,0.2531774,0.1844824,0.3281439,0.2823559,0.1483718,0.1446507,0.1415938,0.1320551,0.1417277,0.153046,0.1569387,0.1460807,0.1436282,0.1387113,0.1353752,0.1342219,0.1299835,0.1268148,0.1235632,0.1318687,0.2143102,0.1617417,0.1477874,0.1270856,0.2205912,0.1942178,0.1779521,0.1459213,0.1726193,0.1762065,0.1570474,0.1394474,0.1419684,0.1543215,0.1378023,0.1313233,0.1337584,0.1297574,0.1377261,0.1275598,0.1486837,0.1299781,0.1378189,0.1402389,0.2164488,0.201841,0.1336464,0.1212285,0.1795324,0.1712066,0.131451,0.1220939,0.1472749,0.1482367,0.1462896,0.1366821,0.1613349,0.1482459,0.145031,0.1415716,0.134971,0.1267565,0.1383265,0.1481568
0.1313467,0.1389004,0.1246505,0.1248734,0.1260375,0.1344258,0.1498881,0.126006,0.1317907,0.1313626,0.2483231,0.2998358,0.1568965,0.1734542,0.1310886,0.1370801,0.1216112,0.1250696,0.1180952,0.1414876,0.1407619,0.1552053,0.1308106,0.1619093,0.2188977,0.2410264,0.146073,0.1873387,0.1850734,0.2332389,0.2823559,0.3118395,0.1325802,0.1371594,0.1217429,0.1333243,0.1314433,0.140924,0.1292083,0.1459699,0.1310657,0.1331208,0.1245827,0.128493,0.1203869,0.1237125,0.117661,0.1262705,0.16278,0.1988384,0.1401263,0.1498925,0.1760299,0.2093279,0.1435213,0.1632563,0.1500523,0.1589261,0.1447186,0.1269728,0.1312469,0.1434718,0.124722,0.1238219,0.1243359,0.1197472,0.1226407,0.1229489,0.1269164,0.1270017,0.1249158,0.1286879,0.190014,0.1932657,0.1150874,0.1250142,0.1667425,0.1634264,0.1175991,0.1220759,0.1318313,0.1364963,0.1293584,0.1302034,0.1320106,0.1420141,0.1289888,0.1401485,0.1201356,0.1240836,0.1294277,0.140461
0.4072636,0.3087104,0.2319075,0.1505547,0.2922001,0.2091583,0.4491914,0.3003946,0.2402843,0.2158103,0.1966951,0.1923687,0.1600401,0.1597605,0.2299015,0.2016912,0.1970549,0.1818728,0.2037047,0.167789,0.2933469,0.2783397,0.179352,0.1548887,0.2888418,0.2263243,0.1536406,0.1373075,0.1482699,0.1342471,0.1483718,0.1325802,0.4674426,0.2418305,0.3911223,0.1860166,0.3984391,0.249445,0.3418399,0.2770829,0.4106947,0.2298543,0.406436,0.202216,0.2936665,0.1871683,0.2229633,0.1833335,0.2742607,0.2435511,0.2197215,0.241065,0.3725284,0.3045487,0.3581163,0.2774685,0.386153,0.3937167,0.1353666,0.1418861,0.4031821,0.2897678,0.1841177,0.1364913,0.1559843,0.1480814,0.1564048,0.1357189,0.1433885,0.1211577,0.1965163,0.1690617,0.3073161,0.3364078,0.237306,0.1851534,0.1322125,0.1189446,0.1873376,0.1437338,0.41388,0.2495987,0.3973981,0.2166895,0.3497621,0.2864549,0.3286926,0.2797499,0.3041343,0.1951056,0.3619985,0.3184352
0.3346003,0.4096152,0.1711197,0.2103682,0.2346456,0.311836,0.3955601,0.2427702,0.3700235,0.4362036,0.1904172,0.1860381,0.1633689,0.177453,0.1688336,0.267264,0.1881309,0.2077509,0.1701239,0.1932361,0.2218655,0.3222311,0.1596807,0.1620137,0.2362245,0.2532326,0.142273,0.1461789,0.1401902,0.1472238,0.1446507,0.1371594,0.2418305,0.4304535,0.2477144,0.3380782,0.267829,0.3964588,0.2722744,0.3428774,0.2465897,0.3908412,0.2356245,0.3863485,0.1885457,0.2612907,0.172768,0.210487,0.2186479,0.2871878,0.1819798,0.2907111,0.3081155,0.3456612,0.2794549,0.3673722,0.36238,0.4278186,0.136148,0.1415014,0.2793154,0.4045652,0.1575342,0.1772316,0.1523142,0.1574329,0.13487,0.1491607,0.12882,0.1357145,0.1716863,0.2082871,0.2917627,0.3286731,0.1733017,0.246077,0.1219622,0.1291552,0.1526371,0.1974349,0.2329788,0.4152195,0.2240183,0.3828498,0.2781187,0.3966717,0.264763,0.3503222,0.2015201,0.306278,0.2691223,0.3288793
0.4810966,0.2869639,0.2762241,0.1496292,0.2805236,0.2024298,0.5568396,0.2746596,0.2592992,0.2318067,0.2291688,0.1968723,0.1841884,0.1522696,0.2633191,0.2218752,0.1843316,0.1716599,0.3476704,0.1575307,0.3730785,0.2798074,0.2617572,0.151631,0.2916636,0.2064674,0.1989353,0.136562,0.1655436,0.1308234,0.1415938,0.1217429,0.3911223,0.2477144,0.4003598,0.188505,0.3588242,0.2421612,0.453141,0.2512788,0.3593874,0.2302553,0.3212913,0.1930189,0.273784,0.1668807,0.1973901,0.165802,0.2969356,0.2356125,0.2553686,0.2480907,0.4176494,0.3010801,0.411692,0.2883369,0.4490193,0.3729288,0.1641303,0.1478604,0.3450107,0.2934889,0.2114529,0.1358453,0.1711765,0.1502079,0.230184,0.1366462,0.2319188,0.1218598,0.2193592,0.1721373,0.3151635,0.3376008,0.3972569,0.1823138,0.1414328,0.1265058,0.2650124,0.1402047,0.3824145,0.2590868,0.4396062,0.2332715,0.3826054,0.2892302,0.3751112,0.2718026,0.4593356,0.2042891,0.2452473,0.2511584
0.241632,0.3193636,0.1613269,0.2153542,0.1707512,0.251156,0.2690539,0.1595382,0.2740144,0.3299835,0.1923492,0.2023844,0.1854683,0.2248428,0.1597839,0.2391225,0.1566228,0.1964931,0.1456738,0.2442085,0.1696374,0.29186,0.1321017,0.201728,0.1902519,0.2271509,0.125823,0.1765309,0.1224903,0.1696664,0.1320551,0.1333243,0.1860166,0.3380782,0.188505,0.5274744,0.191411,0.3189608,0.1852144,0.3497472,0.1803213,0.2938639,0.1741787,0.2836674,0.1588347,0.2158654,0.1480828,0.2118976,0.1720454,0.2857921,0.1452725,0.2550908,0.2448155,0.3135319,0.2215143,0.3135248,0.3046206,0.377358,0.1754533,0.2057332,0.1948669,0.2881006,0.1512747,0.211458,0.1552458,0.2006508,0.1355944,0.2458379,0.1234337,0.2400878,0.1621876,0.2103914,0.2537563,0.2808884,0.1505054,0.4281186,0.1375884,0.1842229,0.1490545,0.2774711,0.1826581,0.3488197,0.1870189,0.4029309,0.1933523,0.3167163,0.2023068,0.2992379,0.1684528,0.4336766,0.1525615,0.2676862
0.4078712,0.2831413,0.1952143,0.1536041,0.2853667,0.2465384,0.4144738,0.3033781,0.3173906,0.2827108,0.1922814,0.181296,0.175799,0.1640441,0.1925043,0.192793,0.1896803,0.1745086,0.2051338,0.1591084,0.2499071,0.2491179,0.1781782,0.145972,0.2592264,0.2281848,0.1456217,0.1344328,0.142105,0.1355741,0.1417277,0.1314433,0.3984391,0.267829,0.3588242,0.191411,0.4346527,0.2547399,0.3641252,0.2609814,0.3383427,0.2937695,0.3400156,0.2278166,0.2545856,0.1775417,0.2062492,0.1685784,0.237511,0.2253024,0.1918991,0.2173405,0.3177265,0.2734435,0.3051243,0.2692464,0.3489358,0.3376954,0.1403913,0.1358497,0.4471238,0.2937402,0.169371,0.1385351,0.1458435,0.1470823,0.1687215,0.1306915,0.1538994,0.1200872,0.1819444,0.1794852,0.2785299,0.2974225,0.2832497,0.1735765,0.1318125,0.1230055,0.1853186,0.1414841,0.3806381,0.2461029,0.3346416,0.2245599,0.3011381,0.2703744,0.2926994,0.2524819,0.3003142,0.1953211,0.484009,0.3138134
0.3071783,0.4573979,0.1694502,0.1875366,0.2570421,0.2884901,0.3551855,0.3060941,0.3591525,0.3711131,0.1959659,0.1875059,0.161605,0.1891436,0.1625542,0.2283759,0.1821962,0.2044861,0.1625819,0.1962437,0.2207602,0.2810479,0.1536267,0.1640952,0.2674378,0.2557609,0.1427386,0.1461415,0.1441919,0.1432433,0.153046,0.140924,0.249445,0.3964588,0.2421612,0.3189608,0.2547399,0.4392185,0.2520785,0.350873,0.2862211,0.3364508,0.2399313,0.3114806,0.1966418,0.236062,0.1684176,0.2052517,0.2254065,0.2542035,0.1824483,0.2452953,0.2949286,0.3148794,0.2732494,0.3259757,0.3325995,0.4183677,0.134608,0.1470149,0.2657128,0.421234,0.1538408,0.1682917,0.1509573,0.1495077,0.1327257,0.1590925,0.1267861,0.1460422,0.1741109,0.1936653,0.2905679,0.3208631,0.1644547,0.2639108,0.1300868,0.1306049,0.1457996,0.1859825,0.2319012,0.3800367,0.2315322,0.3384943,0.2640837,0.3602236,0.2512242,0.3252469,0.1966005,0.2823215,0.2561159,0.368208
0.4603035,0.2674904,0.2364001,0.1492767,0.2752357,0.2186233,0.5233418,0.2505692,0.2739213,0.2464992,0.2276729,0.194655,0.1949917,0.172125,0.2160853,0.2069029,0.1883274,0.1631956,0.3318942,0.1626731,0.36792,0.2724388,0.2935464,0.1517549,0.2831486,0.2087582,0.2111206,0.1388834,0.1812873,0.13691,0.1569387,0.1292083,0.3418399,0.2722744,0.453141,0.1852144,0.3641252,0.2520785,0.4284102,0.2603866,0.3182944,0.2623076,0.2963763,0.2091058,0.2447805,0.1598945,0.197654,0.1539769,0.3038,0.2307591,0.2819237,0.2419016,0.393593,0.2793999,0.4033732,0.2835926,0.4183162,0.3508677,0.1483751,0.1411058,0.3512643,0.304254,0.1948264,0.1358934,0.1537312,0.1389013,0.2059392,0.1346891,0.2049688,0.1247901,0.1920621,0.1717314,0.2976555,0.310431,0.30858,0.17712,0.1464896,0.1340843,0.2328631,0.1432724,0.3332167,0.2584623,0.3392102,0.232268,0.3676204,0.2787787,0.369929,0.2606335,0.3351136,0.200978,0.3295473,0.2831895
0.3144248,0.4803057,0.1689389,0.1869771,0.232204,0.2737701,0.3651039,0.2509117,0.2999406,0.3203154,0.2077679,0.223649,0.1720344,0.1928294,0.1709576,0.230119,0.1693901,0.1870695,0.1733333,0.2892212,0.2517301,0.4058358,0.1622203,0.2607299,0.2451549,0.2590701,0.1481764,0.1989129,0.1430141,0.1735682,0.1460807,0.1459699,0.2770829,0.3428774,0.2512788,0.3497472,0.2609814,0.350873,0.2603866,0.4132167,0.2705842,0.3042247,0.2274685,0.2844234,0.1881022,0.2136344,0.1596586,0.1892683,0.2352078,0.331906,0.2066238,0.3514998,0.3148709,0.3770449,0.2912955,0.4014053,0.3690387,0.5216551,0.139852,0.1462534,0.2706686,0.3453343,0.1482598,0.1688741,0.1365715,0.152118,0.1351962,0.1861157,0.1289192,0.1809162,0.1601984,0.1903894,0.2932813,0.346339,0.1660844,0.3219106,0.1305996,0.1444326,0.1498643,0.2057055,0.2521485,0.349698,0.26034,0.3341619,0.2627674,0.3907802,0.2761199,0.3834485,0.2084768,0.3148608,0.2395694,0.2898275
0.3941469,0.3063181,0.2333601,0.1554921,0.3660488,0.2312311,0.4428332,0.4297438,0.2763942,0.2089077,0.2022828,0.1953094,0.1784289,0.1861848,0.217058,0.2155121,0.2314362,0.2053169,0.1993403,0.1713621,0.2458887,0.2517681,0.1716824,0.155213,0.2494377,0.2118712,0.1432062,0.1340636,0.1408656,0.1323543,0.1436282,0.1310657,0.4106947,0.2465897,0.3593874,0.1803213,0.3383427,0.2862211,0.3182944,0.2705842,0.4542988,0.2449288,0.403132,0.2123815,0.316302,0.2064901,0.2422908,0.1955964,0.2261412,0.233135,0.1926301,0.2109187,0.3209785,0.2867231,0.307643,0.2603457,0.369657,0.3649786,0.1413247,0.1513956,0.3564844,0.3149766,0.1908455,0.1419652,0.1641365,0.1524257,0.1570257,0.1428639,0.1482235,0.1274094,0.2100388,0.1806325,0.2762118,0.311592,0.2100283,0.192782,0.1398039,0.1284269,0.1764046,0.1486614,0.3413103,0.2349171,0.3355071,0.2048933,0.3126428,0.2676086,0.2782962,0.263877,0.2648193,0.1896757,0.2935669,0.3544521
0.3127108,0.3892435,0.1603939,0.2282067,0.2697725,0.424726,0.3428879,0.2629409,0.5203693,0.6078163,0.1892294,0.1826557,0.1895148,0.197403,0.1954431,0.3016018,0.2171459,0.2516293,0.1631859,0.1829435,0.1875641,0.2712973,0.1506168,0.155887,0.1979357,0.216079,0.1313112,0.1404688,0.1310438,0.1403877,0.1387113,0.1331208,0.2298543,0.3908412,0.2302553,0.2938639,0.2937695,0.3364508,0.2623076,0.3042247,0.2449288,0.4861377,0.2384626,0.4447739,0.2064124,0.3187423,0.1997265,0.2554437,0.1837925,0.2405449,0.1601904,0.235033,0.2539774,0.2868936,0.2373747,0.3084911,0.3275794,0.3791456,0.1489063,0.1473676,0.3003117,0.3433337,0.1619969,0.1809283,0.1532496,0.1822778,0.1404394,0.143853,0.1322287,0.1332498,0.1844862,0.2508726,0.2530541,0.2773375,0.190313,0.2232008,0.1312451,0.1407778,0.15456,0.1817586,0.2104068,0.3468167,0.1954343,0.3421028,0.2321942,0.3389271,0.2234053,0.293472,0.1937051,0.2724488,0.3076722,0.3024479
0.3694792,0.2396892,0.2409829,0.1562531,0.3038346,0.2076941,0.3996871,0.3499965,0.2809865,0.2361332,0.1760136,0.1706545,0.1624019,0.1642343,0.1983054,0.1903011,0.2049074,0.1964924,0.1704335,0.1529888,0.2070364,0.2267594,0.1523251,0.1394996,0.2050278,0.1775892,0.1348241,0.1280875,0.1337288,0.1259631,0.1353752,0.1245827,0.406436,0.2356245,0.3212913,0.1741787,0.3400156,0.2399313,0.2963763,0.2274685,0.403132,0.2384626,0.4510584,0.2109695,0.3340733,0.2012468,0.260134,0.1981954,0.1919987,0.2028654,0.1689002,0.2000223,0.2701128,0.2428284,0.2556594,0.2397921,0.3159168,0.2957651,0.1357706,0.15114,0.367809,0.277209,0.1942503,0.141089,0.170649,0.154803,0.1455441,0.1366805,0.1384464,0.1217294,0.1900039,0.1695261,0.2262875,0.2576566,0.1872057,0.1724198,0.1309019,0.1227824,0.1806791,0.1470886,0.34842,0.2258315,0.3258476,0.211467,0.2818662,0.2401559,0.2434473,0.2295911,0.2527221,0.1858324,0.3273629,0.2871329
