0.5052202,0.2434018,0.2324854,0.2115522,0.2791747,0.2349739,0.4706937,0.3810439,0.2583283,0.3330975,0.2509566,0.3070923,0.232247,0.250004,0.245702,0.2532581,0.2247294,0.3417464,0.2510188,0.24039,0.21202,0.323675,0.2172623,0.3241013,0.2508119,0.3119656,0.2400685,0.284935,0.2894852,0.2408251,0.2257213,0.2316273,0.2269326,0.2342041,0.2531793,0.3789145,0.2455771,0.2816727,0.2199272,0.3932956,0.2418022,0.4199716,0.229589,0.3170585,0.2559087,0.3169897,0.2361892,0.2425595,0.2232967,0.2426105,0.208805,0.2694124,0.2594082,0.3060706,0.2395283,0.3249468,0.2658474,0.3956836,0.2469997,0.4045814,0.2781121,0.2296501,0.2119641,0.396204,0.2635911,0.2438359,0.2032824,0.2308315,0.2092127,0.2537491,0.2047498,0.2414613,0.2054806,0.2559627,0.2271771,0.3302978,0.2659722,0.2714333,0.2125248,0.2270658,0.2192439,0.2626702,0.2068945,0.3606222,0.2330754,0.2979279,0.2324628,0.4077376,0.2330086,0.3697978,0.2234228,0.2875493,0.2246367,0.3289867,0.2434034
0.2434018,0.5671374,0.2222173,0.2461358,0.2488865,0.3087038,0.3162077,0.4650896,0.2421702,0.2608528,0.3342536,0.2426516,0.3917604,0.2343158,0.2378159,0.2376279,0.2457369,0.2571524,0.3519732,0.2343536,0.2387169,0.2135086,0.2523079,0.2214196,0.2560457,0.2268724,0.2538539,0.2437906,0.2449568,0.2358751,0.23155,0.2304584,0.2311666,0.2218919,0.2397824,0.2349932,0.3914328,0.2050395,0.4082235,0.2450131,0.4731117,0.227898,0.3836184,0.2547141,0.3104383,0.2261164,0.3087719,0.2208619,0.246323,0.2221299,0.2309692,0.2404287,0.2368572,0.2171939,0.2422598,0.2502107,0.2786984,0.218604,0.3310077,0.2425593,0.2964222,0.2160682,0.2151347,0.2446432,0.3900577,0.2219885,0.2481879,0.2198792,0.2319798,0.2112484,0.2309856,0.2165568,0.2294865,0.2443279,0.2734035,0.2512981,0.2695029,0.2112116,0.3375902,0.2317483,0.2180428,0.2088008,0.2587777,0.2264581,0.4186742,0.2118832,0.3740791,0.2315315,0.433659,0.2029918,0.3021844,0.2085244,0.3590346,0.2607,0.2652533
0.2324854,0.2222173,0.4446244,0.222641,0.2488919,0.2353777,0.2310237,0.2223279,0.21742,0.2462018,0.2420438,0.234968,0.2465679,0.2203555,0.2165717,0.2403686,0.2208568,0.2471705,0.2300808,0.2685861,0.2333109,0.2309713,0.2173667,0.2188805,0.2147091,0.2201132,0.2167231,0.2186372,0.2264231,0.2202758,0.2151145,0.2197159,0.2200226,0.22038,0.2202438,0.243546,0.2242822,0.2557627,0.2206767,0.2372497,0.2205902,0.2419145,0.2215627,0.2459559,0.2324621,0.2532206,0.2198856,0.3049234,0.2197089,0.2953089,0.2145581,0.2124357,0.2159503,0.2171365,0.2076375,0.2220898,0.2224621,0.2256972,0.2240523,0.2305597,0.2289781,0.2441537,0.2221431,0.2408585,0.2237121,0.3327579,0.2152259,0.3039923,0.22236,0.2706227,0.2158894,0.2495244,0.2158784,0.2707294,0.233344,0.2186548,0.2217131,0.2593873,0.2197347,0.2247003,0.2204864,0.3462766,0.2189059,0.2233469,0.2184565,0.2668726,0.2210187,0.2204586,0.2234703,0.2199059,0.2153922,0.2563353,0.2193869,0.2372807,0.2370777
0.2115522,0.2461358,0.222641,0.3925432,0.2271942,0.2611726,0.2283072,0.2349826,0.2542423,0.228814,0.2412775,0.2309289,0.2416013,0.2187278,0.2187498,0.226518,0.2419335,0.2474806,0.2638593,0.2348044,0.2812177,0.2104367,0.2442966,0.2161748,0.2337514,0.2195308,0.2264149,0.2183946,0.2248109,0.2211048,0.2281665,0.2151628,0.2265748,0.2218278,0.223167,0.2212194,0.2456447,0.2103502,0.2645126,0.2184289,0.2402959,0.2172978,0.2496883,0.2291801,0.2498531,0.225003,0.2475137,0.2182618,0.3105908,0.2272602,0.2871062,0.2092483,0.2309324,0.2179128,0.2259154,0.2173,0.2370244,0.2155977,0.2346136,0.2162377,0.2371318,0.2145763,0.2405171,0.2216163,0.2415728,0.2213193,0.3557927,0.231314,0.3323209,0.2169692,0.2862994,0.2164216,0.2627348,0.2509116,0.2915812,0.2255596,0.2313832,0.2128345,0.2638408,0.2150644,0.2285188,0.2137091,0.3352451,0.2205989,0.2362309,0.2174655,0.2599905,0.219216,0.2340814,0.21053,0.2286415,0.212274,0.2524428,0.225273,0.2474349
0.2791747,0.2488865,0.2488919,0.2271942,0.3875832,0.3188073,0.2715927,0.2632667,0.2926057,0.3547182,0.3606964,0.356503,0.3337291,0.227687,0.227728,0.2386257,0.2368973,0.2504993,0.2782913,0.3310407,0.2717916,0.2240379,0.2274785,0.2449259,0.2234801,0.2246106,0.2244422,0.2392873,0.2455351,0.2248912,0.226531,0.2294365,0.2271502,0.2315681,0.2351944,0.3002048,0.2733658,0.2514216,0.2376398,0.2939098,0.2709969,0.2547671,0.2367868,0.37714,0.3421571,0.3238635,0.2861368,0.2877,0.2372309,0.3123383,0.2391753,0.2303766,0.2262034,0.2413036,0.2293406,0.2424695,0.2349575,0.2474996,0.2307655,0.2522722,0.2435821,0.226052,0.2285997,0.2976782,0.28627,0.2371188,0.2335074,0.235711,0.2322128,0.2279032,0.2266772,0.2219034,0.2245146,0.2685568,0.2611686,0.2426442,0.2406682,0.2409405,0.232575,0.2210814,0.2207774,0.2359795,0.2328087,0.2633196,0.2487695,0.2527889,0.2389628,0.2482522,0.2330144,0.2275954,0.2251507,0.2427265,0.2294602,0.3060895,0.3007537
0.2349739,0.3087038,0.2353777,0.2611726,0.3188073,0.3872851,0.2468257,0.2663155,0.314086,0.2799435,0.4179483,0.2867211,0.4380082,0.2246462,0.2260146,0.2327024,0.2420853,0.2699558,0.3268518,0.2915549,0.3297052,0.2144887,0.2414158,0.222199,0.2465006,0.2224686,0.2301743,0.2390335,0.2550771,0.2231839,0.2273588,0.225074,0.2268068,0.2299864,0.2339894,0.2541369,0.3266265,0.2271945,0.2749915,0.2554032,0.2930028,0.228956,0.2680137,0.2932238,0.3892305,0.2602741,0.3397167,0.2446745,0.2874887,0.2578578,0.2907187,0.2153744,0.2372165,0.2230104,0.2412931,0.2317154,0.259706,0.2258663,0.2552029,0.2357435,0.26366,0.2183776,0.2217161,0.2589407,0.3007748,0.223547,0.2561216,0.2210547,0.2610027,0.2153514,0.2383069,0.2143271,0.2334256,0.2522226,0.299415,0.2479044,0.2501351,0.2249119,0.2564548,0.2190589,0.2246622,0.21844,0.2518642,0.2321555,0.2807914,0.2253189,0.2770894,0.2300512,0.2726247,0.214286,0.2444458,0.2222525,0.2628986,0.2773255,0.3291011
0.4706937,0.3162077,0.2310237,0.2283072,0.2715927,0.2468257,0.5686547,0.5887401,0.2312257,0.2933604,0.2397211,0.2326515,0.2180597,0.317244,0.2715791,0.256424,0.2394011,0.3530388,0.3079522,0.2447994,0.225206,0.2905861,0.2266109,0.3741938,0.2404731,0.28518,0.2368776,0.3532751,0.3005022,0.259167,0.2303314,0.2421892,0.2473013,0.2281667,0.2460972,0.3317494,0.256578,0.314307,0.2122351,0.3110142,0.2367679,0.4071815,0.2515583,0.2841917,0.2603379,0.2677797,0.2277723,0.2292493,0.2168692,0.2383886,0.218052,0.3521436,0.2596529,0.3304916,0.2259728,0.4931362,0.2656516,0.4644813,0.2518972,0.5256383,0.3796209,0.2355888,0.2213185,0.3340212,0.2977352,0.2382316,0.2210789,0.2286798,0.2149975,0.2527111,0.2092248,0.2427308,0.215135,0.2696666,0.2460794,0.4571717,0.3931286,0.2534799,0.2118023,0.2408349,0.2240846,0.2634626,0.2110335,0.3081879,0.2291943,0.2951694,0.2204761,0.4081661,0.2549021,0.2924727,0.237791,0.3149853,0.2135364,0.2430146,0.2337976
0.3810439,0.4650896,0.2223279,0.2349826,0.2632667,0.2663155,0.5887401,0,0.1986684,0.2675164,0.2263736,0.2431892,0.2074799,0.2944817,0.298905,0.2588422,0.2550679,0.3917264,0.3539017,0.2606403,0.2486712,0.2330112,0.2279653,0.2490652,0.2683695,0.2316697,0.225716,0.2614683,0.2822339,0.2248926,0.2456599,0.2314385,0.2490218,0.2164499,0.2324334,0.289984,0.2866066,0.2462872,0.2839821,0.3255632,0.2915517,0.3341736,0.3667893,0.2594979,0.2516141,0.2451296,0.2353394,0.2337959,0.2242112,0.2303252,0.2336527,0.2550812,0.3198197,0.2497121,0.2303646,0.3024363,0.3383785,0.2758344,0.3050444,0.3095357,0.4978117,0.2311334,0.225898,0.3792907,0.3124865,0.2414622,0.2415285,0.2427558,0.2167111,0.2292216,0.228078,0.2168306,0.2275842,0.2921709,0.2681921,0.3608213,0.3453971,0.237991,0.259384,0.2193681,0.2156172,0.2211558,0.2304841,0.2607335,0.2672357,0.2240531,0.2489986,0.276749,0.3741001,0.2309019,0.2910014,0.2411004,0.2531833,0.3220925,0.2658057
0.2583283,0.2421702,0.21742,0.2542423,0.2926057,0.314086,0.2312257,0.1986684,0,0.3537637,0.3067842,0.3328771,0.2101899,0.2273525,0.2270793,0.2242373,0.237611,0.2976853,0.3860136,0.2294406,0.2257088,0.2400165,0.2523806,0.2265971,0.3951723,0.2440088,0.2389635,0.249144,0.2688726,0.2561572,0.2398088,0.2488541,0.2316148,0.2465437,0.2368484,0.2912185,0.5263348,0.2233499,0.354613,0.298343,0.483111,0.2447744,0.3408201,0.2998726,0.4009262,0.2699161,0.4420565,0.2285044,0.2567393,0.2373238,0.2349893,0.2201048,0.3571973,0.2153726,0.3786884,0.2477301,0.3707053,0.235328,0.363475,0.2683046,0.3256234,0.2064722,0.2110394,0.3393795,0.519529,0.2338566,0.2279577,0.2133284,0.2325634,0.231075,0.2269605,0.2260748,0.2249733,0.2394537,0.2570795,0.307845,0.3385024,0.2292584,0.2890514,0.2171865,0.2164452,0.2033472,0.253362,0.2397888,0.4430393,0.2209094,0.3493661,0.2627894,0.3622476,0.2352229,0.3357828,0.2217977,0.3363261,0.4425701,0.6285173
0.3330975,0.2608528,0.2462018,0.228814,0.3547182,0.2799435,0.2933604,0.2675164,0.3537637,0.25631,0.2635627,0.4715765,0.2432018,0.222693,0.2140344,0.2242845,0.2243811,0.2791343,0.30622,0.2647219,0.2357522,0.2316511,0.2244678,0.2696639,0.2181277,0.2302434,0.2181322,0.2478623,0.223944,0.2331652,0.2196283,0.2320582,0.2224757,0.2221366,0.2189409,0.3701856,0.2889481,0.2698593,0.2420555,0.3151093,0.2998804,0.2629682,0.2497304,0.4455616,0.3083529,0.3905932,0.340121,0.2745238,0.2383994,0.2611715,0.227469,0.2544367,0.2117901,0.2508648,0.2207199,0.2807285,0.2185627,0.2900008,0.2278598,0.2799393,0.2568682,0.2171837,0.221843,0.3010828,0.3145691,0.2330891,0.2302401,0.2229077,0.2271416,0.2282304,0.2200717,0.2202502,0.2194539,0.2639248,0.2427745,0.2762444,0.2540587,0.2484469,0.2301239,0.2194687,0.2165635,0.2488497,0.2198859,0.3198273,0.2591465,0.3169072,0.2369332,0.3109339,0.2296219,0.2508607,0.2333301,0.2769231,0.2262691,0.3152194,0.3312012
0.2509566,0.3342536,0.2420438,0.2412775,0.3606964,0.4179483,0.2397211,0.2263736,0.3067842,0.2635627,0.5088434,0.3507545,0.7426915,0.2241593,0.2259315,0.2338129,0.2378294,0.2273018,0.3106503,0.2830707,0.2772489,0.2231601,0.2383408,0.2201096,0.226553,0.2315679,0.2290885,0.2293746,0.2579825,0.2280121,0.2319735,0.234613,0.229683,0.2357429,0.2363726,0.3007783,0.3714878,0.2369912,0.3035444,0.3022243,0.3272862,0.2546581,0.2588822,0.3416019,0.4690983,0.3255107,0.3949959,0.270963,0.2691588,0.2760381,0.2503675,0.2192403,0.2273533,0.2294966,0.2352875,0.212237,0.2377684,0.216223,0.2386279,0.225065,0.2221437,0.2218361,0.2202763,0.3070338,0.3244361,0.2262926,0.2301454,0.2132214,0.2251225,0.2180076,0.2277052,0.2196751,0.2206979,0.235243,0.2695033,0.2157964,0.2203857,0.2401051,0.2657962,0.2265532,0.2223806,0.2197663,0.2419224,0.2528517,0.3146601,0.2311818,0.3209039,0.2263517,0.2660717,0.2189639,0.2283206,0.2249531,0.2879008,0.3544647,0.3665909
0.3070923,0.2426516,0.234968,0.2309289,0.356503,0.2867211,0.2326515,0.2431892,0.3328771,0.4715765,0.3507545,0.3508569,0.3294617,0.2152204,0.2163036,0.2188424,0.2218501,0.2488234,0.2633106,0.2545768,0.2345257,0.2227744,0.2341309,0.2285372,0.2178205,0.2238235,0.2265439,0.2184011,0.2234464,0.2269984,0.2312405,0.2258791,0.2313429,0.2189973,0.2235745,0.3386809,0.2817935,0.2450093,0.2425878,0.3093948,0.2816395,0.2502826,0.2321144,0.4260806,0.3251676,0.4019598,0.3331532,0.2932856,0.239954,0.2648241,0.2289004,0.2391824,0.2177359,0.2340786,0.2206386,0.2223278,0.2104317,0.2305987,0.2095234,0.2314457,0.2056321,0.2066929,0.2122239,0.3065931,0.2804594,0.2281367,0.2247805,0.2178447,0.2242529,0.223422,0.2181219,0.2140515,0.2192212,0.2384797,0.2294612,0.2174301,0.2093685,0.2380563,0.2318986,0.2099768,0.2199419,0.2298899,0.2263979,0.2947608,0.2598343,0.2744704,0.2493382,0.2454257,0.2122671,0.2368991,0.2078069,0.2393772,0.2339436,0.3295246,0.3158025
0.232247,0.3917604,0.2465679,0.2416013,0.3337291,0.4380082,0.2180597,0.2074799,0.2101899,0.2432018,0.7426915,0.3294617,0,0.2236453,0.2230185,0.2343962,0.235664,0.2183662,0.3290292,0.2899158,0.2807589,0.2317056,0.2325343,0.2172066,0.2207153,0.2458104,0.2255407,0.2231806,0.2655499,0.2333073,0.2359079,0.2381066,0.2288577,0.2355826,0.234645,0.2913614,0.3863106,0.2351648,0.3419518,0.2793912,0.3583573,0.2487295,0.2657456,0.3261671,0.4711562,0.3167468,0.3777131,0.2715124,0.2669366,0.2752242,0.2381033,0.2107776,0.2263667,0.2249329,0.2275236,0.2024457,0.2311464,0.2072761,0.2287695,0.21834,0.2179288,0.2196765,0.2186718,0.273234,0.3063036,0.2239968,0.2329095,0.2098478,0.2270334,0.2127951,0.2304456,0.2188188,0.2202084,0.2335932,0.2819776,0.2043173,0.2117859,0.2407659,0.2805335,0.2283339,0.2197336,0.2221457,0.2418687,0.2442669,0.3487289,0.2340053,0.3478558,0.2215661,0.2688718,0.2142525,0.2240201,0.2283171,0.3000924,0.3194324,0.336828
0.250004,0.2343158,0.2203555,0.2187278,0.227687,0.2246462,0.317244,0.2944817,0.2273525,0.222693,0.2241593,0.2152204,0.2236453,0.3883492,0.3758157,0.2877458,0.3040995,0.294439,0.2658449,0.2214049,0.2243996,0.2606814,0.2380758,0.2672588,0.2530583,0.2660538,0.2496281,0.3403364,0.3524835,0.2919917,0.2774548,0.3085096,0.3040177,0.3679937,0.3369044,0.2410768,0.2329173,0.2445861,0.22951,0.2476906,0.2381298,0.2675269,0.2464056,0.2307292,0.229842,0.2210703,0.2141597,0.2178892,0.2193088,0.2149526,0.2234979,0.2919004,0.2877763,0.2579176,0.2483958,0.3126824,0.3119098,0.2727,0.2741373,0.2964367,0.2833108,0.2819216,0.2794684,0.241883,0.2440124,0.2328469,0.225541,0.2395924,0.2414048,0.2572702,0.2557656,0.2718277,0.2720773,0.258837,0.255931,0.3220488,0.3314672,0.2488305,0.2292836,0.2770385,0.2911272,0.2283703,0.2186016,0.2431021,0.2355565,0.2298546,0.222496,0.2644892,0.256955,0.2511091,0.252314,0.2377661,0.2215211,0.2429681,0.2367573
0.245702,0.2378159,0.2165717,0.2187498,0.227728,0.2260146,0.2715791,0.298905,0.2270793,0.2140344,0.2259315,0.2163036,0.2230185,0.3758157,0.3998945,0.286131,0.309197,0.2841826,0.2557485,0.224522,0.2241017,0.2427782,0.2591501,0.2586501,0.2611474,0.2512465,0.2740824,0.3010154,0.3398768,0.2732033,0.3068574,0.2923295,0.3356085,0.3443907,0.368883,0.2294257,0.2379029,0.2369202,0.2377903,0.2440709,0.2391088,0.255862,0.2617451,0.2265369,0.2315822,0.2133899,0.2216936,0.2146693,0.2194843,0.2170077,0.2232859,0.2523121,0.3169534,0.2546405,0.25193,0.2820023,0.3362081,0.249334,0.2960629,0.267408,0.3052135,0.2686605,0.2752533,0.2402877,0.2447236,0.2322612,0.2301383,0.2345583,0.242694,0.2495687,0.2552044,0.258579,0.2744493,0.252797,0.2556261,0.2963284,0.3167159,0.2467782,0.2355423,0.2880908,0.2831576,0.2227622,0.2233726,0.2314479,0.2436016,0.2204955,0.2283353,0.2435622,0.2733456,0.2452819,0.2744179,0.2275557,0.2284784,0.2536517,0.2359286
0.2532581,0.2376279,0.2403686,0.226518,0.2386257,0.2327024,0.256424,0.2588422,0.2242373,0.2242845,0.2338129,0.2188424,0.2343962,0.2877458,0.286131,0.3641573,0.3510558,0.3402368,0.2880324,0.2452731,0.2310919,0.2715038,0.2448113,0.2459679,0.2281832,0.2578411,0.2341391,0.2524327,0.2614123,0.2687264,0.2471496,0.2842544,0.2645295,0.2834238,0.2696943,0.2366914,0.2314565,0.2500908,0.2370065,0.2535837,0.2371951,0.2754663,0.249585,0.231656,0.2347435,0.2224316,0.2225565,0.2257741,0.2245566,0.2337984,0.221178,0.2427368,0.2412994,0.2400912,0.2250001,0.2407766,0.2474273,0.239284,0.2431479,0.2446222,0.2482033,0.3585652,0.3269126,0.2479135,0.2334822,0.2776875,0.2427729,0.2876103,0.2434702,0.2874049,0.261969,0.2930283,0.2653336,0.2997257,0.2820838,0.2392177,0.2368188,0.2679271,0.2447329,0.3496367,0.3237486,0.2554472,0.2413035,0.2310641,0.2292964,0.2301058,0.2260804,0.2435587,0.2379425,0.235292,0.2344429,0.2480134,0.2288813,0.2703248,0.256505
0.2247294,0.2457369,0.2208568,0.2419335,0.2368973,0.2420853,0.2394011,0.2550679,0.237611,0.2243811,0.2378294,0.2218501,0.235664,0.3040995,0.309197,0.3510558,0.3778553,0.3298235,0.3051083,0.2310681,0.2355014,0.2420773,0.2772833,0.2335671,0.2346124,0.2405838,0.24955,0.2516627,0.2686193,0.2556523,0.2801449,0.2675531,0.3025297,0.2985592,0.2845466,0.2233171,0.2427772,0.2194972,0.2557897,0.2286354,0.2566915,0.2419361,0.2712463,0.2309472,0.2459198,0.219277,0.2333821,0.2182403,0.231034,0.2228675,0.227255,0.2339352,0.2522336,0.2341437,0.2356561,0.2310367,0.2587023,0.2249082,0.2580905,0.2312731,0.2560311,0.3543976,0.3611921,0.227032,0.2500704,0.2427492,0.2723084,0.2461451,0.2792455,0.253222,0.3003589,0.2645021,0.3124853,0.2728145,0.2938017,0.2375703,0.2466659,0.2261403,0.2664158,0.3338053,0.3589159,0.226623,0.2616356,0.2200741,0.2371123,0.2157525,0.23021,0.2328513,0.2472674,0.2265977,0.2489656,0.2213972,0.2378275,0.2511955,0.2620513
0.3417464,0.2571524,0.2471705,0.2474806,0.2504993,0.2699558,0.3530388,0.3917264,0.2976853,0.2791343,0.2273018,0.2488234,0.2183662,0.294439,0.2841826,0.3402368,0.3298235,0.6406002,0.524939,0.2377317,0.2489357,0.2723936,0.2628698,0.2574758,0.2681369,0.2388518,0.2507371,0.2623755,0.2847885,0.2249589,0.2548883,0.2256649,0.2426551,0.2314735,0.2447565,0.2713097,0.2611442,0.2592966,0.2466617,0.2774449,0.2500281,0.2793248,0.2702838,0.2586069,0.260778,0.24449,0.2424716,0.2233832,0.2343945,0.2334477,0.2360066,0.2187635,0.2543519,0.2480358,0.2385527,0.256452,0.2879926,0.275595,0.258473,0.2518248,0.3162742,0.3191506,0.2788419,0.2882762,0.2603254,0.3196468,0.2731362,0.3056405,0.2467818,0.2823767,0.2502176,0.2580274,0.2550545,0.3539238,0.3414817,0.2989948,0.2792326,0.2451639,0.2517453,0.2360847,0.2389849,0.2781619,0.2604972,0.2611924,0.2490286,0.2447477,0.2373489,0.2986406,0.2661719,0.2517561,0.2506296,0.2517877,0.2338173,0.2949094,0.3178222
0.2510188,0.3519732,0.2300808,0.2638593,0.2782913,0.3268518,0.3079522,0.3539017,0.3860136,0.30622,0.3106503,0.2633106,0.3290292,0.2658449,0.2557485,0.2880324,0.3051083,0.524939,0.4726986,0.254272,0.2753223,0.2578192,0.2696646,0.2820593,0.2743491,0.2558008,0.2468404,0.2650828,0.2858088,0.2406527,0.2511413,0.2350194,0.2386196,0.2348434,0.2390269,0.2814268,0.3347309,0.2441852,0.3026815,0.2737589,0.3350954,0.2629873,0.3033189,0.2856333,0.3225616,0.2540177,0.298379,0.22585,0.2492896,0.2301419,0.2527907,0.2341869,0.2586479,0.2624002,0.2566507,0.2813245,0.2915453,0.2808245,0.2808371,0.251134,0.2973061,0.2429688,0.2420132,0.2786132,0.3280665,0.2609508,0.3048989,0.2499159,0.2776773,0.2396848,0.2659796,0.2333736,0.2670986,0.3198336,0.349793,0.3053557,0.2937545,0.234157,0.284165,0.2241828,0.2301554,0.2442537,0.2847898,0.2566758,0.3108567,0.2499156,0.2822997,0.2969596,0.2999285,0.2419171,0.2616152,0.244707,0.2669001,0.3220139,0.4318588
0.24039,0.2343536,0.2685861,0.2348044,0.3310407,0.2915549,0.2447994,0.2606403,0.2294406,0.2647219,0.2830707,0.2545768,0.2899158,0.2214049,0.224522,0.2452731,0.2310681,0.2377317,0.254272,0.4236897,0.3322122,0.2199389,0.2150015,0.2212144,0.2153662,0.2158293,0.2181673,0.2196681,0.2290986,0.2119808,0.2187182,0.2180614,0.2161803,0.2209429,0.2263474,0.245387,0.2347968,0.2468893,0.2279632,0.2528916,0.2401093,0.240979,0.2245626,0.28236,0.272866,0.2572812,0.2362409,0.3118715,0.2447597,0.3839045,0.2766271,0.2168255,0.2219112,0.2227412,0.2136565,0.2177447,0.2227155,0.2196499,0.2127334,0.2224768,0.2271454,0.2167135,0.2187125,0.2517017,0.2372836,0.2581632,0.2390491,0.2971414,0.2603454,0.237157,0.2229773,0.2242077,0.218567,0.3142583,0.2958208,0.2189582,0.2192986,0.2428147,0.224776,0.2203916,0.2132969,0.2417226,0.2280319,0.2346081,0.2253098,0.2357415,0.2202683,0.2180704,0.2135392,0.2206081,0.2121206,0.2384837,0.2165485,0.2584096,0.2325521
0.21202,0.2387169,0.2333109,0.2812177,0.2717916,0.3297052,0.225206,0.2486712,0.2257088,0.2357522,0.2772489,0.2345257,0.2807589,0.2243996,0.2241017,0.2310919,0.2355014,0.2489357,0.2753223,0.3322122,0.4037532,0.2171059,0.2280509,0.2180017,0.215201,0.2229864,0.2199066,0.2289945,0.2398965,0.219759,0.2240553,0.221533,0.2188567,0.2261218,0.2278661,0.2236879,0.2385891,0.2218867,0.2355327,0.2283508,0.2381551,0.2228184,0.2343534,0.2472641,0.2816508,0.2218788,0.2555997,0.2418419,0.3191665,0.276666,0.3786276,0.2117591,0.2196589,0.2200787,0.2151214,0.2200496,0.2300912,0.2168975,0.2159519,0.2129821,0.2279424,0.2084689,0.224405,0.2273927,0.2366554,0.2312059,0.281126,0.2498287,0.3231339,0.2188904,0.2439606,0.2160705,0.2361803,0.2835139,0.3283038,0.2227805,0.2254183,0.2203339,0.2366407,0.2131554,0.2152714,0.2166917,0.2460397,0.2205038,0.2270194,0.2162749,0.2320904,0.2195869,0.2200341,0.2113059,0.2206983,0.2164554,0.2232235,0.2394642,0.2336662
0.323675,0.2135086,0.2309713,0.2104367,0.2240379,0.2144887,0.2905861,0.2330112,0.2400165,0.2316511,0.2231601,0.2227744,0.2317056,0.2606814,0.2427782,0.2715038,0.2420773,0.2723936,0.2578192,0.2199389,0.2171059,0.4607223,0.2167718,0.3512894,0.2356215,0.3964789,0.2277815,0.2728482,0.2796195,0.2987444,0.2307674,0.2978441,0.2317559,0.2709327,0.2510589,0.2715438,0.2253986,0.3210452,0.218318,0.2614011,0.2242836,0.3494586,0.2192554,0.2296874,0.2175978,0.2265548,0.2177448,0.2171558,0.2166989,0.2166426,0.2145768,0.3008198,0.2485909,0.3272958,0.237488,0.2887949,0.2389753,0.3286062,0.2241379,0.3055401,0.2297874,0.2339205,0.222553,0.2506892,0.2240379,0.2613718,0.2110778,0.2381379,0.2177541,0.2978778,0.2135343,0.3189961,0.2152637,0.2426507,0.2274564,0.2559984,0.2393289,0.3243332,0.2166606,0.2835547,0.2400568,0.3054242,0.2125515,0.2605893,0.2244544,0.2632638,0.2176151,0.3168392,0.2146138,0.352058,0.2173722,0.3113104,0.216654,0.2344503,0.2274884
0.2172623,0.2523079,0.2173667,0.2442966,0.2274785,0.2414158,0.2266109,0.2279653,0.2523806,0.2244678,0.2383408,0.2341309,0.2325343,0.2380758,0.2591501,0.2448113,0.2772833,0.2628698,0.2696646,0.2150015,0.2280509,0.2167718,0.4110241,0.2260325,0.2929707,0.2253405,0.3752248,0.2416436,0.2406033,0.231426,0.3174762,0.2315785,0.2891411,0.2402949,0.2536948,0.2242926,0.2470737,0.2139269,0.2868156,0.2234756,0.2619999,0.221806,0.3127166,0.2304685,0.242835,0.2212466,0.2382549,0.2086288,0.2269164,0.2118047,0.2233821,0.2325433,0.2540558,0.2266625,0.2551686,0.2361668,0.2527771,0.2234228,0.2669237,0.2273718,0.2676051,0.2255061,0.2317458,0.2240785,0.2555242,0.2131644,0.2694286,0.2111572,0.2378247,0.2166042,0.2931614,0.2259426,0.3255527,0.2267746,0.2417628,0.2395737,0.2445879,0.218517,0.3227243,0.243988,0.2836588,0.2149377,0.2968464,0.2240127,0.2392621,0.2142719,0.2384043,0.2210369,0.257512,0.2177405,0.2828912,0.211426,0.2667488,0.2404219,0.2608528
0.3241013,0.2214196,0.2188805,0.2161748,0.2449259,0.222199,0.3741938,0.2490652,0.2265971,0.2696639,0.2201096,0.2285372,0.2172066,0.2672588,0.2586501,0.2459679,0.2335671,0.2574758,0.2820593,0.2212144,0.2180017,0.3512894,0.2260325,0.5195954,0.2648377,0.3899384,0.2458785,0.3530693,0.3025272,0.308595,0.2486246,0.2955919,0.2510953,0.279119,0.2829068,0.3293384,0.23127,0.3017135,0.2106078,0.3164957,0.2212942,0.3666288,0.2398812,0.2646793,0.2268518,0.2404687,0.215662,0.2140276,0.2173028,0.2130761,0.2152721,0.4039332,0.2576955,0.5106335,0.2655435,0.4430701,0.2698698,0.5014687,0.2582059,0.3863766,0.3124449,0.2329962,0.2336815,0.29601,0.2458135,0.2264181,0.214749,0.2170078,0.2136363,0.2437851,0.2179108,0.2556176,0.2204243,0.2401915,0.2226796,0.3558389,0.3136099,0.2662731,0.2149581,0.2479948,0.2236163,0.2538256,0.2155157,0.3182164,0.2318929,0.3108382,0.2206293,0.4064023,0.2521142,0.3894959,0.2606139,0.3141451,0.2161296,0.298327,0.2727779
0.2508119,0.2560457,0.2147091,0.2337514,0.2234801,0.2465006,0.2404731,0.2683695,0.3951723,0.2181277,0.226553,0.2178205,0.2207153,0.2530583,0.2611474,0.2281832,0.2346124,0.2681369,0.2743491,0.2153662,0.215201,0.2356215,0.2929707,0.2648377,0.4857048,0.2562526,0.3615521,0.2734903,0.3017242,0.2499779,0.3014262,0.2526352,0.2635149,0.2534001,0.2699344,0.2478158,0.3115427,0.2122521,0.2824677,0.2333946,0.296933,0.2383324,0.3404191,0.2270427,0.2535887,0.2156876,0.2550038,0.209039,0.2301282,0.2077894,0.2168639,0.2527705,0.4036967,0.2616147,0.4720545,0.2560493,0.3833163,0.2537755,0.4162796,0.2895344,0.3954211,0.2087794,0.2094287,0.2496858,0.3037328,0.2174903,0.2250707,0.2081435,0.2145983,0.2190831,0.2328459,0.2243039,0.2336164,0.219595,0.2296771,0.2914091,0.3348422,0.2212009,0.2710878,0.2254763,0.2275052,0.2137103,0.2481723,0.2268471,0.3167517,0.2219706,0.2828954,0.2560451,0.3640335,0.2565576,0.3845552,0.2220255,0.2902776,0.2710906,0.2952372
0.3119656,0.2268724,0.2201132,0.2195308,0.2246106,0.2224686,0.28518,0.2316697,0.2440088,0.2302434,0.2315679,0.2238235,0.2458104,0.2660538,0.2512465,0.2578411,0.2405838,0.2388518,0.2558008,0.2158293,0.2229864,0.3964789,0.2253405,0.3899384,0.2562526,0.4356936,0.2506928,0.3057125,0.3013819,0.3422218,0.2500621,0.3075839,0.2496967,0.2916276,0.2840912,0.2673498,0.2314057,0.264254,0.229432,0.2537126,0.2390745,0.3298522,0.2315036,0.2296556,0.2262807,0.2239869,0.2325001,0.2144156,0.2250836,0.2124082,0.2198273,0.3273627,0.2645036,0.3837422,0.2565067,0.3123177,0.2623748,0.366989,0.2383995,0.3131149,0.2384278,0.2249407,0.2219995,0.2463698,0.2318262,0.2316761,0.2267106,0.2237559,0.2224686,0.2525561,0.2199522,0.2716216,0.2186837,0.2299321,0.2278425,0.2752778,0.2576256,0.2667373,0.2263868,0.2659242,0.2432176,0.2520227,0.2189889,0.2551957,0.2346466,0.2485855,0.2214221,0.3236996,0.2244691,0.3416211,0.2259797,0.2699986,0.2190943,0.2391217,0.2266838
0.2400685,0.2538539,0.2167231,0.2264149,0.2244422,0.2301743,0.2368776,0.225716,0.2389635,0.2181322,0.2290885,0.2265439,0.2255407,0.2496281,0.2740824,0.2341391,0.24955,0.2507371,0.2468404,0.2181673,0.2199066,0.2277815,0.3752248,0.2458785,0.3615521,0.2506928,0.4287762,0.2675585,0.2709228,0.2433441,0.3372588,0.2424164,0.2907283,0.2469681,0.2790674,0.2302727,0.2424709,0.2110831,0.2612244,0.2260609,0.2549138,0.2318435,0.3012456,0.2257113,0.2315932,0.2211954,0.2347152,0.2089211,0.2227985,0.2138842,0.2174905,0.2503486,0.2950068,0.2468421,0.3307613,0.2515307,0.2830773,0.2409802,0.3007056,0.2439273,0.2766666,0.2187005,0.2178961,0.224202,0.2435853,0.2163376,0.23557,0.2128904,0.2179809,0.2164915,0.2614221,0.2222151,0.276242,0.2211701,0.2254259,0.251053,0.259435,0.2166289,0.2772309,0.2357223,0.2559034,0.2139057,0.2603877,0.2286695,0.2493806,0.2174087,0.2374817,0.2388912,0.2808655,0.2336887,0.3132899,0.2138625,0.2506318,0.2383913,0.2352817
0.284935,0.2437906,0.2186372,0.2183946,0.2392873,0.2390335,0.3532751,0.2614683,0.249144,0.2478623,0.2293746,0.2184011,0.2231806,0.3403364,0.3010154,0.2524327,0.2516627,0.2623755,0.2650828,0.2196681,0.2289945,0.2728482,0.2416436,0.3530693,0.2734903,0.3057125,0.2675585,0.4672136,0.4496062,0.2944482,0.2656965,0.3131353,0.2702645,0.3244167,0.3306328,0.2735221,0.2478682,0.2501954,0.2226597,0.2811393,0.2485378,0.2925642,0.250416,0.2435274,0.2425609,0.2272354,0.221485,0.2126036,0.2173237,0.2146364,0.2235085,0.4069445,0.3028411,0.3305097,0.2605026,0.4370899,0.3535326,0.3728089,0.2869766,0.3530478,0.3104955,0.2558419,0.2522751,0.2673328,0.2701319,0.2130726,0.2241149,0.2225677,0.2258734,0.2283798,0.2298256,0.2418365,0.2379411,0.2400731,0.2374333,0.4419497,0.4189914,0.2512373,0.2238345,0.2564348,0.2350874,0.2194657,0.2153239,0.2803425,0.2393337,0.2588897,0.2240558,0.3339713,0.2748945,0.2833016,0.2576205,0.2518922,0.2207846,0.2558162,0.2607954
0.2894852,0.2449568,0.2264231,0.2248109,0.2455351,0.2550771,0.3005022,0.2822339,0.2688726,0.223944,0.2579825,0.2234464,0.2655499,0.3524835,0.3398768,0.2614123,0.2686193,0.2847885,0.2858088,0.2290986,0.2398965,0.2796195,0.2406033,0.3025272,0.3017242,0.3013819,0.2709228,0.4496062,0.5002639,0.273081,0.2778532,0.292901,0.2966561,0.3300503,0.3564036,0.2522775,0.2571318,0.2432895,0.2412509,0.2653812,0.2582606,0.285712,0.258395,0.242721,0.2605785,0.2217878,0.2307181,0.214426,0.2267539,0.2181483,0.2315932,0.3082168,0.3978379,0.3039197,0.2679008,0.3417295,0.4367281,0.3109587,0.326709,0.3057335,0.2994272,0.2590051,0.2547084,0.2549556,0.2702176,0.2233378,0.2357797,0.2255148,0.2380317,0.2352382,0.2420527,0.2470344,0.2452556,0.2462004,0.2543878,0.3912661,0.4307085,0.2537871,0.2352381,0.2497531,0.2444934,0.2252452,0.2244218,0.2532073,0.2546984,0.2331719,0.2342772,0.3084085,0.2804218,0.2909537,0.2637759,0.234932,0.2331498,0.2497864,0.2682087
0.2408251,0.2358751,0.2202758,0.2211048,0.2248912,0.2231839,0.259167,0.2248926,0.2561572,0.2331652,0.2280121,0.2269984,0.2333073,0.2919917,0.2732033,0.2687264,0.2556523,0.2249589,0.2406527,0.2119808,0.219759,0.2987444,0.231426,0.308595,0.2499779,0.3422218,0.2433441,0.2944482,0.273081,0.3630433,0.2550144,0.3364595,0.2770852,0.326809,0.3029451,0.2428935,0.2403137,0.2386392,0.2311879,0.240779,0.2537784,0.2739764,0.2381657,0.2312643,0.232369,0.2171536,0.2388573,0.2139145,0.219966,0.2120098,0.2213471,0.3171164,0.2631823,0.3076133,0.2456982,0.2964573,0.2579252,0.2988505,0.2471195,0.2687963,0.2429637,0.2583919,0.2482934,0.2380791,0.247114,0.231777,0.2281604,0.2339802,0.2251426,0.2654076,0.2340688,0.2950447,0.2423638,0.231581,0.2288777,0.2817079,0.2726361,0.2479704,0.2250353,0.2865312,0.2689765,0.2333779,0.223503,0.2415536,0.2421181,0.2317034,0.2243543,0.273886,0.2406876,0.2633248,0.232694,0.2392699,0.2185558,0.2413641,0.2331492
0.2257213,0.23155,0.2151145,0.2281665,0.226531,0.2273588,0.2303314,0.2456599,0.2398088,0.2196283,0.2319735,0.2312405,0.2359079,0.2774548,0.3068574,0.2471496,0.2801449,0.2548883,0.2511413,0.2187182,0.2240553,0.2307674,0.3174762,0.2486246,0.3014262,0.2500621,0.3372588,0.2656965,0.2778532,0.2550144,0.3667586,0.2679408,0.3233038,0.2858957,0.299774,0.2316196,0.2409918,0.222536,0.2483643,0.2308967,0.2445584,0.2303416,0.2737675,0.231361,0.2332927,0.2243466,0.2329979,0.211757,0.2289782,0.2156582,0.2226794,0.2546673,0.3077519,0.2534348,0.3051239,0.2546005,0.2893805,0.240574,0.2892421,0.2351968,0.2821237,0.2468417,0.2599967,0.2281936,0.2466094,0.2160083,0.2479947,0.2207021,0.2424832,0.2272046,0.2703888,0.2359971,0.3014731,0.2342252,0.2440638,0.2563477,0.2763407,0.2202035,0.2521138,0.258699,0.2780627,0.2173267,0.2479632,0.2292894,0.2424911,0.2170133,0.2276172,0.2379676,0.2611629,0.235902,0.274799,0.2164449,0.2336184,0.2373098,0.2381301
0.2316273,0.2304584,0.2197159,0.2151628,0.2294365,0.225074,0.2421892,0.2314385,0.2488541,0.2320582,0.234613,0.2258791,0.2381066,0.3085096,0.2923295,0.2842544,0.2675531,0.2256649,0.2350194,0.2180614,0.221533,0.2978441,0.2315785,0.2955919,0.2526352,0.3075839,0.2424164,0.3131353,0.292901,0.3364595,0.2679408,0.3672704,0.2815785,0.3556797,0.3144754,0.2387362,0.2376985,0.2352154,0.2247302,0.237155,0.2454839,0.2661751,0.2390351,0.2304806,0.2317184,0.2228688,0.2334779,0.2140789,0.2174854,0.2158629,0.2204906,0.3269917,0.2646589,0.2775227,0.2474673,0.2844217,0.2566899,0.2696677,0.2467409,0.2505096,0.2423394,0.2764665,0.2654422,0.2362216,0.2413857,0.2316941,0.2218284,0.2331887,0.2215658,0.2597761,0.2326643,0.2925479,0.2411141,0.233338,0.2284386,0.2776448,0.2703041,0.2438361,0.2210167,0.3266838,0.2758336,0.2320148,0.2214343,0.2382239,0.238473,0.2279195,0.2254146,0.2654423,0.2396877,0.2427007,0.2312902,0.2315717,0.2188051,0.2394338,0.2417063
0.2269326,0.2311666,0.2200226,0.2265748,0.2271502,0.2268068,0.2473013,0.2490218,0.2316148,0.2224757,0.229683,0.2313429,0.2288577,0.3040177,0.3356085,0.2645295,0.3025297,0.2426551,0.2386196,0.2161803,0.2188567,0.2317559,0.2891411,0.2510953,0.2635149,0.2496967,0.2907283,0.2702645,0.2966561,0.2770852,0.3233038,0.2815785,0.3572929,0.3177911,0.3426254,0.2305059,0.2348769,0.2261038,0.2330504,0.2321762,0.2380655,0.2412052,0.2586008,0.2310937,0.2332749,0.2214927,0.2315532,0.2152141,0.2224592,0.2179568,0.2199123,0.265645,0.3045155,0.2551512,0.2515043,0.2659128,0.2901081,0.2443866,0.2742467,0.2390879,0.2621715,0.2792249,0.2852112,0.2297927,0.2403108,0.2235902,0.2439284,0.2275148,0.2444064,0.2428716,0.2732272,0.2559084,0.3000406,0.2341778,0.2404352,0.265999,0.2815131,0.226898,0.2398244,0.2827371,0.3317873,0.2220868,0.2429858,0.2289342,0.2365898,0.2162944,0.2247333,0.2421904,0.254031,0.237306,0.2568795,0.2174442,0.2243073,0.24225,0.2364519
0.2342041,0.2218919,0.22038,0.2218278,0.2315681,0.2299864,0.2281667,0.2164499,0.2465437,0.2221366,0.2357429,0.2189973,0.2355826,0.3679937,0.3443907,0.2834238,0.2985592,0.2314735,0.2348434,0.2209429,0.2261218,0.2709327,0.2402949,0.279119,0.2534001,0.2916276,0.2469681,0.3244167,0.3300503,0.326809,0.2858957,0.3556797,0.3177911,0.4149531,0.3753772,0.2349291,0.2327886,0.2267396,0.2190039,0.233572,0.2351515,0.2553239,0.2347323,0.2305118,0.2380808,0.2201342,0.2292372,0.2162474,0.2223062,0.2183616,0.2256419,0.283436,0.2716718,0.2679061,0.2477711,0.2845775,0.2794441,0.2676664,0.2577614,0.2428057,0.2296308,0.3030879,0.2899422,0.2341461,0.2386407,0.2277139,0.2286104,0.2433679,0.2389931,0.2591345,0.2537966,0.287538,0.2703834,0.2456005,0.2457265,0.2894059,0.2914512,0.2346014,0.2207706,0.3037328,0.3109689,0.2214198,0.2231489,0.2332649,0.2300403,0.2188886,0.2193774,0.2639238,0.2393516,0.2389471,0.2284972,0.2200204,0.2167905,0.2249213,0.2307596
0.2531793,0.2397824,0.2202438,0.223167,0.2351944,0.2339894,0.2460972,0.2324334,0.2368484,0.2189409,0.2363726,0.2235745,0.234645,0.3369044,0.368883,0.2696943,0.2845466,0.2447565,0.2390269,0.2263474,0.2278661,0.2510589,0.2536948,0.2829068,0.2699344,0.2840912,0.2790674,0.3306328,0.3564036,0.3029451,0.299774,0.3144754,0.3426254,0.3753772,0.3985966,0.2357748,0.2346617,0.222822,0.2226109,0.2367182,0.236071,0.2593325,0.2421004,0.2311948,0.2381365,0.2199324,0.2299838,0.2135335,0.2232027,0.2211939,0.2257049,0.2753533,0.3076992,0.280324,0.2507541,0.2939135,0.3215678,0.2749524,0.2781637,0.2509428,0.2432112,0.2745814,0.2700339,0.2355643,0.238356,0.2271461,0.2295124,0.2364244,0.2382604,0.242815,0.2424048,0.2588044,0.2555017,0.2439605,0.2434547,0.2957056,0.3049082,0.2291724,0.224538,0.2917684,0.2901665,0.2212997,0.222101,0.2337655,0.2365355,0.2172482,0.2254729,0.2624994,0.2582287,0.2470925,0.23904,0.2178032,0.222019,0.2309163,0.2269298
0.3789145,0.2349932,0.243546,0.2212194,0.3002048,0.2541369,0.3317494,0.289984,0.2912185,0.3701856,0.3007783,0.3386809,0.2913614,0.2410768,0.2294257,0.2366914,0.2233171,0.2713097,0.2814268,0.245387,0.2236879,0.2715438,0.2242926,0.3293384,0.2478158,0.2673498,0.2302727,0.2735221,0.2522775,0.2428935,0.2316196,0.2387362,0.2305059,0.2349291,0.2357748,0.4127473,0.2671002,0.303233,0.2289126,0.3990365,0.2616189,0.3359787,0.2419774,0.354702,0.278492,0.3651115,0.2599126,0.2661232,0.2273142,0.2417048,0.2199436,0.2877046,0.2430834,0.3011011,0.2474927,0.3454471,0.249964,0.3550501,0.248864,0.3505279,0.2907541,0.2217721,0.2165214,0.4005632,0.2857272,0.2446002,0.2128933,0.2310907,0.2211806,0.2389231,0.2177117,0.2330776,0.2182789,0.2600521,0.2339039,0.3129526,0.2796786,0.2982385,0.2209252,0.2232595,0.2186296,0.2519431,0.2160774,0.373469,0.2461899,0.3340144,0.2358616,0.3587486,0.2455472,0.3100449,0.2433095,0.3085718,0.229459,0.392593,0.3414563
0.2455771,0.3914328,0.2242822,0.2456447,0.2733658,0.3266265,0.256578,0.2866066,0.5263348,0.2889481,0.3714878,0.2817935,0.3863106,0.2329173,0.2379029,0.2314565,0.2427772,0.2611442,0.3347309,0.2347968,0.2385891,0.2253986,0.2470737,0.23127,0.3115427,0.2314057,0.2424709,0.2478682,0.2571318,0.2403137,0.2409918,0.2376985,0.2348769,0.2327886,0.2346617,0.2671002,0.426229,0.2258669,0.349786,0.2728386,0.4248951,0.2390687,0.3338085,0.2805073,0.364808,0.2536675,0.3701661,0.2291142,0.2535343,0.2320918,0.2339618,0.2285361,0.2937653,0.2264263,0.2909277,0.2510975,0.3131413,0.2338515,0.3231216,0.2624801,0.3283897,0.2176904,0.2200781,0.2862768,0.4224501,0.2230608,0.2394771,0.2171226,0.2320938,0.2190093,0.235359,0.2211245,0.2336588,0.2365757,0.2644239,0.273506,0.2957365,0.2285792,0.2927746,0.2253995,0.219375,0.2101625,0.2501158,0.2399539,0.3975832,0.2263572,0.3481818,0.2486379,0.3613623,0.2323223,0.3145006,0.2221563,0.3272852,0.3420587,0.4257648
0.2816727,0.2050395,0.2557627,0.2103502,0.2514216,0.2271945,0.314307,0.2462872,0.2233499,0.2698593,0.2369912,0.2450093,0.2351648,0.2445861,0.2369202,0.2500908,0.2194972,0.2592966,0.2441852,0.2468893,0.2218867,0.3210452,0.2139269,0.3017135,0.2122521,0.264254,0.2110831,0.2501954,0.2432895,0.2386392,0.222536,0.2352154,0.2261038,0.2267396,0.222822,0.303233,0.2258669,0.4416645,0.2154131,0.3343042,0.219763,0.3395294,0.2174346,0.2730106,0.2323763,0.2666267,0.220296,0.2464967,0.2168684,0.2423591,0.2191179,0.2553335,0.2256251,0.283657,0.2152342,0.2910815,0.227087,0.3097574,0.2327673,0.30962,0.2538968,0.2420448,0.2281683,0.3170767,0.2384907,0.259438,0.2048158,0.2475086,0.2111354,0.3307729,0.2107291,0.3024878,0.2090133,0.2530405,0.2257138,0.2615828,0.2495728,0.5257044,0.2104447,0.2436181,0.2227146,0.3569056,0.2069,0.3011696,0.2202333,0.332496,0.2165797,0.2819701,0.2225066,0.2737657,0.2207993,0.4388027,0.2135864,0.3078499,0.2586865
0.2199272,0.4082235,0.2206767,0.2645126,0.2376398,0.2749915,0.2122351,0.2839821,0.354613,0.2420555,0.3035444,0.2425878,0.3419518,0.22951,0.2377903,0.2370065,0.2557897,0.2466617,0.3026815,0.2279632,0.2355327,0.218318,0.2868156,0.2106078,0.2824677,0.229432,0.2612244,0.2226597,0.2412509,0.2311879,0.2483643,0.2247302,0.2330504,0.2190039,0.2226109,0.2289126,0.349786,0.2154131,0.4264333,0.230079,0.4212103,0.2162263,0.363199,0.2470354,0.2839682,0.2314237,0.281104,0.2235622,0.244235,0.222877,0.2229182,0.2150798,0.2639406,0.2119359,0.2575561,0.2159128,0.2719419,0.209054,0.2771085,0.2346779,0.268183,0.2205711,0.2302039,0.234686,0.3452038,0.2122906,0.2656502,0.2212381,0.2438193,0.2130887,0.282586,0.2228189,0.2714539,0.2373949,0.2651898,0.2295122,0.2459267,0.2176663,0.4456169,0.2305543,0.2339937,0.2105122,0.3244641,0.2257766,0.3575632,0.2141749,0.3540116,0.2199139,0.3072416,0.2159463,0.2885863,0.2110294,0.4268461,0.2666391,0.34461
0.3932956,0.2450131,0.2372497,0.2184289,0.2939098,0.2554032,0.3110142,0.3255632,0.298343,0.3151093,0.3022243,0.3093948,0.2793912,0.2476906,0.2440709,0.2535837,0.2286354,0.2774449,0.2737589,0.2528916,0.2283508,0.2614011,0.2234756,0.3164957,0.2333946,0.2537126,0.2260609,0.2811393,0.2653812,0.240779,0.2308967,0.237155,0.2321762,0.233572,0.2367182,0.3990365,0.2728386,0.3343042,0.230079,0.4592845,0.2683223,0.374226,0.2462141,0.3370731,0.2819906,0.3215095,0.2522206,0.2577594,0.2249926,0.2443666,0.2215463,0.2766121,0.2493043,0.2931613,0.2321829,0.3295758,0.2761332,0.3160204,0.2630277,0.30437,0.2928391,0.2323025,0.222836,0.4659742,0.2979678,0.2558108,0.2143782,0.2419722,0.2243149,0.2587759,0.2221368,0.2408781,0.2221704,0.265886,0.2397366,0.3110931,0.301028,0.354787,0.2264352,0.2265822,0.2217491,0.2552783,0.2194612,0.3928802,0.246879,0.3235964,0.2329267,0.3102684,0.2549214,0.3073622,0.2476451,0.322744,0.2295485,0.4921634,0.374747
0.2418022,0.4731117,0.2205902,0.2402959,0.2709969,0.2930028,0.2367679,0.2915517,0.483111,0.2998804,0.3272862,0.2816395,0.3583573,0.2381298,0.2391088,0.2371951,0.2566915,0.2500281,0.3350954,0.2401093,0.2381551,0.2242836,0.2619999,0.2212942,0.296933,0.2390745,0.2549138,0.2485378,0.2582606,0.2537784,0.2445584,0.2454839,0.2380655,0.2351515,0.236071,0.2616189,0.4248951,0.219763,0.4212103,0.2683223,0.5061213,0.232914,0.3626181,0.2854115,0.3266721,0.2471146,0.3357561,0.2263196,0.2451618,0.2321818,0.2306345,0.2272526,0.2816639,0.2124859,0.2782708,0.2468234,0.2879467,0.2263185,0.2948015,0.2399365,0.2846538,0.2196203,0.2218369,0.2763072,0.4526498,0.2197435,0.2530046,0.2182436,0.2400588,0.2192335,0.2486894,0.2276316,0.2428142,0.2415607,0.267949,0.2702374,0.2843579,0.2227763,0.3535261,0.2363871,0.2229233,0.2078184,0.2621367,0.2430423,0.4166794,0.223088,0.3486088,0.2550981,0.3386683,0.2282023,0.3032368,0.2162337,0.3447807,0.344419,0.3953384
0.4199716,0.227898,0.2419145,0.2172978,0.2547671,0.228956,0.4071815,0.3341736,0.2447744,0.2629682,0.2546581,0.2502826,0.2487295,0.2675269,0.255862,0.2754663,0.2419361,0.2793248,0.2629873,0.240979,0.2228184,0.3494586,0.221806,0.3666288,0.2383324,0.3298522,0.2318435,0.2925642,0.285712,0.2739764,0.2303416,0.2661751,0.2412052,0.2553239,0.2593325,0.3359787,0.2390687,0.3395294,0.2162263,0.374226,0.232914,0.398463,0.2303012,0.272859,0.2401061,0.2709426,0.2254167,0.2415935,0.222221,0.2372175,0.2184881,0.3091744,0.2547713,0.3398222,0.2355697,0.3451698,0.2552559,0.3703719,0.2458409,0.3527359,0.2671544,0.2389446,0.2261704,0.3607456,0.2546427,0.2545506,0.2146199,0.2417791,0.2212786,0.2767502,0.2172897,0.2710499,0.2163395,0.2572362,0.233893,0.3052445,0.2730028,0.3330016,0.2184971,0.2583381,0.2373297,0.2859678,0.2154643,0.3288937,0.2267531,0.3026234,0.2224103,0.3439606,0.2319408,0.3404439,0.2287574,0.3249183,0.218994,0.355789,0.2868894
