0.5058376,0.2005055,0.176716,0.1225873,0.2413512,0.1923984,0.46592,0.3307891,0.2133958,0.27934,0.2384939,0.2569454,0.2278402,0.1519488,0.1421823,0.1799009,0.1438437,0.2721051,0.1613848,0.1838432,0.1331835,0.2718268,0.1263525,0.2813441,0.1716297,0.2357124,0.1393328,0.199529,0.2026205,0.1460773,0.1299358,0.1405057,0.1378477,0.137355,0.157596,0.3293841,0.2074554,0.2159153,0.1437481,0.3694187,0.1858074,0.394484,0.1611113,0.2843966,0.2329144,0.2527575,0.1632912,0.1745802,0.1230439,0.1828844,0.1176187,0.1960248,0.1885475,0.2545201,0.1767447,0.2702815,0.1799795,0.3753044,0.1877543,0.4093016,0.2265344,0.1558134,0.1312716,0.3662196,0.2308195,0.1833517,0.1188115,0.1543379,0.1151864,0.1820385,0.1212724,0.1597451,0.1227223,0.1836914,0.1518828,0.2520317,0.1791616,0.2127737,0.1317664,0.140513,0.1384647,0.201869,0.1244856,0.3022239,0.1684955,0.217849,0.1652358,0.3559447,0.1870897,0.3237987,0.146987,0.2132296,0.1506154,0.3015692,0.2005684
0.2005055,0.5290097,0.1011655,0.1482069,0.1675152,0.2290675,0.2618328,0.4723548,0.1665069,0.1756297,0.2680726,0.1671335,0.3159122,0.1367268,0.1422228,0.1379457,0.1615432,0.1832969,0.272947,0.1351117,0.1574079,0.1048292,0.1785414,0.1088347,0.1931263,0.1144498,0.1573803,0.1472905,0.1649581,0.1213,0.1357833,0.1245337,0.1313736,0.1183743,0.1368349,0.1597657,0.3222733,0.1181341,0.3030116,0.1699964,0.3964045,0.1402898,0.3275836,0.1821309,0.2399254,0.14824,0.2219788,0.1206675,0.1461667,0.1181149,0.1396156,0.122296,0.1669679,0.1080387,0.18421,0.1612189,0.2315034,0.134893,0.304382,0.1876601,0.2737114,0.115005,0.1222911,0.189232,0.327515,0.1049967,0.1500355,0.1073733,0.1346446,0.1084441,0.1436679,0.1136003,0.1441033,0.1392591,0.1814043,0.1885138,0.2115733,0.1170522,0.2563561,0.1290998,0.1191782,0.1032287,0.1620354,0.1383478,0.3400822,0.118001,0.2921102,0.1386976,0.3941728,0.1160418,0.2536953,0.1150334,0.2752663,0.1820261,0.178073
0.176716,0.1011655,0.4472404,0.1135321,0.172677,0.1361203,0.1710638,0.1463383,0.1352502,0.1490312,0.1476025,0.1471488,0.1443477,0.1207656,0.1181648,0.1708493,0.1274017,0.1872324,0.1797909,0.2207086,0.1482534,0.1557145,0.107789,0.1333004,0.106858,0.1257296,0.1112719,0.114355,0.1094588,0.1177154,0.1097688,0.1198492,0.1121766,0.1130782,0.1164434,0.1644747,0.1260556,0.2248809,0.1089321,0.1702326,0.1143964,0.2000044,0.1095587,0.1623176,0.1384869,0.170504,0.122136,0.2525088,0.1168661,0.2536614,0.1212801,0.1107634,0.1098669,0.1239354,0.1101669,0.1216219,0.1112873,0.1376418,0.1118041,0.1512615,0.1241218,0.1668886,0.1372479,0.1675758,0.126781,0.290741,0.1091956,0.266911,0.1262707,0.2378202,0.1138854,0.1933626,0.1094497,0.2379515,0.1652501,0.1197598,0.11402,0.2066371,0.1085722,0.1358334,0.1165123,0.3366454,0.1097577,0.1533802,0.1153636,0.2117608,0.1127923,0.1312942,0.1156968,0.139835,0.111664,0.2066694,0.1106797,0.1558173,0.1372544
0.1225873,0.1482069,0.1135321,0.3704081,0.1280556,0.1940117,0.1268165,0.1371918,0.1631898,0.1263055,0.1681871,0.1235919,0.1734732,0.1167518,0.1198075,0.1400513,0.1716407,0.163916,0.1779085,0.1483207,0.2213624,0.1105031,0.1553756,0.1071519,0.1249043,0.1129842,0.1212409,0.1100606,0.1124459,0.1138202,0.1266919,0.1128552,0.131499,0.1142519,0.1141782,0.1215148,0.1624573,0.1168561,0.2043399,0.1230081,0.1534164,0.11743,0.175077,0.1270199,0.1695542,0.1214803,0.1633756,0.1178558,0.2595542,0.1287436,0.2257274,0.1037051,0.118697,0.1039657,0.1159773,0.1115897,0.1262098,0.1102724,0.1316099,0.1280983,0.1430778,0.13899,0.1801674,0.1246631,0.1564883,0.1172163,0.3249618,0.1355163,0.2938555,0.1154905,0.2501788,0.1129872,0.2218261,0.1673286,0.2283064,0.1179776,0.1236378,0.1184431,0.2029172,0.1279555,0.1528569,0.117124,0.3042834,0.1154803,0.1435928,0.1126409,0.1856678,0.1141083,0.1315613,0.1108287,0.132184,0.1137318,0.1868365,0.1288764,0.167001
0.2413512,0.1675152,0.172677,0.1280556,0.3412142,0.2523459,0.2223856,0.1975783,0.2295598,0.3060521,0.2949491,0.3012951,0.2644353,0.1301096,0.1248229,0.1501179,0.1370773,0.170112,0.1910767,0.2738124,0.1997676,0.1380241,0.117576,0.1385251,0.1177482,0.1193612,0.1095616,0.1393471,0.1357723,0.1209037,0.1141902,0.1228947,0.1162196,0.1239158,0.1249828,0.238548,0.2008215,0.1723979,0.1361103,0.2466613,0.1964713,0.1899204,0.1457468,0.330606,0.2825141,0.2627734,0.2056067,0.2272327,0.1487732,0.2547968,0.1628113,0.1238856,0.1172666,0.126486,0.117131,0.1503071,0.1421428,0.1514082,0.141946,0.1902822,0.1654176,0.1307331,0.1291304,0.2496003,0.2204465,0.1565238,0.1300919,0.1604548,0.1353905,0.1437657,0.1213307,0.1330034,0.1197129,0.1835075,0.1682277,0.1533656,0.1511482,0.1679273,0.1288103,0.1239766,0.1167988,0.1615649,0.1222336,0.1887481,0.164942,0.1680826,0.1466298,0.149836,0.1509452,0.1268172,0.1290553,0.1602554,0.1280046,0.2631267,0.2405073
0.1923984,0.2290675,0.1361203,0.1940117,0.2523459,0.3471083,0.1916941,0.192788,0.2579376,0.203563,0.3836507,0.2187148,0.4024378,0.1308449,0.1287738,0.1367968,0.1480146,0.1750666,0.2453303,0.2160335,0.2773524,0.1119165,0.1426724,0.109739,0.1593699,0.111766,0.122116,0.1343962,0.1409957,0.1168234,0.1222301,0.1161915,0.1205715,0.1192012,0.1195311,0.1815131,0.2645203,0.1390839,0.1914094,0.1994548,0.2216131,0.1542264,0.1908971,0.2248056,0.3462374,0.1851102,0.2849007,0.1568726,0.2379566,0.1778678,0.2355419,0.1110285,0.1324839,0.1040692,0.1486416,0.1375392,0.1696163,0.128602,0.174612,0.1926596,0.1968465,0.1319744,0.1300962,0.1983432,0.2393838,0.1325732,0.1753611,0.1318488,0.1714284,0.1238988,0.1500969,0.1166592,0.1492143,0.159644,0.2170783,0.1598748,0.1600919,0.1467123,0.1684181,0.1175409,0.1256038,0.1286404,0.1677935,0.143992,0.2015823,0.1290814,0.1979357,0.1231549,0.1946249,0.113748,0.1551888,0.1270419,0.1772421,0.2223416,0.2620684
0.46592,0.2618328,0.1710638,0.1268165,0.2223856,0.1916941,0.5813192,0.591756,0.1992026,0.2179365,0.2360682,0.1716587,0.2231375,0.2674443,0.1824166,0.1752556,0.1468893,0.3241375,0.2363824,0.1878547,0.1453416,0.2382839,0.1485712,0.3300032,0.144151,0.2181052,0.1445655,0.2962978,0.22549,0.1739005,0.1368857,0.149658,0.1487142,0.1345857,0.1418611,0.2829384,0.2107826,0.2328368,0.1357738,0.2678619,0.1610142,0.375176,0.1750975,0.2345978,0.2289637,0.2124265,0.1581095,0.1627464,0.12972,0.1843875,0.126993,0.2965174,0.1614121,0.276986,0.1423843,0.4735712,0.1905099,0.4379955,0.1709742,0.5172067,0.3443627,0.1433278,0.1272839,0.3047526,0.2607444,0.1714882,0.1248965,0.1546742,0.1184908,0.162287,0.123842,0.1494132,0.1307854,0.2068722,0.1725405,0.4229228,0.3584437,0.1730171,0.1291944,0.1474914,0.1293166,0.1834628,0.124462,0.2537535,0.1519266,0.2195396,0.1437529,0.3740728,0.1824209,0.2258665,0.1521698,0.2377403,0.129172,0.1921307,0.1627224
0.3307891,0.4723548,0.1463383,0.1371918,0.1975783,0.192788,0.591756,0,0.1404765,0.1820721,0.1576873,0.1748265,0.1016797,0.2439316,0.2171388,0.1807963,0.171274,0.3611603,0.2861838,0.2059655,0.1900158,0.161205,0.1693377,0.1528614,0.2141868,0.1451003,0.1590697,0.175307,0.1965968,0.1310648,0.1454784,0.1248742,0.151556,0.1117805,0.1227132,0.2364203,0.2081659,0.1638449,0.2169877,0.2700171,0.2460357,0.2695533,0.3174752,0.1943862,0.1873534,0.1869978,0.16582,0.160123,0.1318955,0.1715006,0.1509704,0.1848118,0.2308804,0.1532703,0.1452058,0.2399767,0.2487463,0.2084477,0.2239819,0.2556624,0.4244516,0.1219737,0.1164162,0.3425265,0.2591244,0.1652896,0.1446365,0.1626242,0.1434504,0.1364331,0.1345164,0.1219296,0.1263404,0.2338189,0.2147158,0.3073517,0.2876064,0.1589977,0.191085,0.1182423,0.1239093,0.1493549,0.140624,0.1877655,0.1773727,0.1474343,0.1603339,0.2056222,0.2936063,0.136619,0.2082446,0.1701012,0.1703128,0.2762131,0.1703129
0.2133958,0.1665069,0.1352502,0.1631898,0.2295598,0.2579376,0.1992026,0.1404765,0,0.2783333,0.2612943,0.2764031,0.1485177,0.122354,0.1282501,0.1207717,0.1450676,0.1812726,0.3310603,0.1556169,0.1547012,0.113431,0.1421389,0.1083831,0.3188649,0.131702,0.1304191,0.1507799,0.1812393,0.1399439,0.1309185,0.1295174,0.1256131,0.137736,0.1349053,0.2381327,0.4948859,0.1410213,0.2884293,0.2711547,0.4298916,0.1992774,0.2552753,0.2358798,0.3521225,0.2049589,0.348393,0.1465709,0.1560244,0.156655,0.1525223,0.1024622,0.2654753,0.1041828,0.3279264,0.1557731,0.3044846,0.1413445,0.3125963,0.2215078,0.241852,0.0986452,0.1027976,0.3029284,0.4818565,0.1330032,0.1317313,0.1300926,0.1211596,0.1152751,0.1213859,0.1108281,0.1135377,0.1424759,0.1617624,0.2317551,0.2725048,0.1508493,0.196957,0.105382,0.1131953,0.1135704,0.1559599,0.1579938,0.3919448,0.1209436,0.2880657,0.1609229,0.3157369,0.1409401,0.2437928,0.1220743,0.2603349,0.3655033,0.6276051
0.27934,0.1756297,0.1490312,0.1263055,0.3060521,0.203563,0.2179365,0.1820721,0.2783333,0.2432918,0.2016848,0.4358714,0.1552695,0.1303256,0.1258263,0.137838,0.1317584,0.1988016,0.2178245,0.1877809,0.149548,0.151802,0.1207385,0.1770794,0.1070649,0.1200669,0.1096887,0.1634666,0.1388285,0.1330469,0.1137165,0.1331572,0.120349,0.1231095,0.11949,0.3100312,0.2149185,0.1962533,0.1405016,0.26131,0.2305712,0.1923371,0.1640116,0.4094169,0.2476463,0.3283999,0.2757995,0.2052693,0.1349559,0.1868999,0.1395083,0.1563876,0.1116354,0.1525854,0.1045571,0.2057331,0.1391402,0.2146418,0.1405248,0.220033,0.1983524,0.1330642,0.1259212,0.2401114,0.2479864,0.1324282,0.1314344,0.1306901,0.1277897,0.1393497,0.1208147,0.1347438,0.1240293,0.1722539,0.1452533,0.2009957,0.181005,0.1810035,0.128318,0.1315463,0.1229518,0.156134,0.1210455,0.2514547,0.1718298,0.2268739,0.134472,0.2358707,0.1455964,0.1595909,0.1407335,0.1924179,0.1194273,0.2665173,0.2592957
0.2384939,0.2680726,0.1476025,0.1681871,0.2949491,0.3836507,0.2360682,0.1576873,0.2612943,0.2016848,0.4907294,0.2877418,0.7348213,0.126785,0.1135738,0.1277857,0.13269,0.1338905,0.2297923,0.1940294,0.2116001,0.1135578,0.1296221,0.102987,0.1392714,0.111404,0.1137244,0.1403467,0.1414524,0.114985,0.1247378,0.1217763,0.1190783,0.1251274,0.1173082,0.2448088,0.3272166,0.1412257,0.2178984,0.2710117,0.2624054,0.1899001,0.1809489,0.2854255,0.4394023,0.2635202,0.3610134,0.1981435,0.220003,0.1977947,0.1912052,0.1135448,0.1153776,0.1017909,0.1395878,0.1311895,0.1456979,0.1215119,0.1684663,0.2007085,0.1687364,0.1103192,0.1091955,0.2737756,0.2800082,0.1350954,0.1394044,0.1216789,0.1153962,0.1192634,0.1275952,0.1145603,0.1320392,0.1309144,0.169939,0.1428007,0.1402271,0.1477814,0.1647108,0.1107377,0.1118788,0.1239731,0.1542117,0.1794918,0.245354,0.1394807,0.249372,0.1167279,0.2074184,0.1052131,0.1455755,0.12821,0.1997593,0.3302015,0.3219627
0.2569454,0.1671335,0.1471488,0.1235919,0.3012951,0.2187148,0.1716587,0.1748265,0.2764031,0.4358714,0.2877418,0.3272851,0.2655586,0.1106983,0.1109262,0.1229692,0.1253071,0.1745176,0.168784,0.1749225,0.1411562,0.1246856,0.1200218,0.1116538,0.11105,0.107998,0.1136458,0.1098087,0.1089705,0.1154172,0.1162137,0.1157748,0.1211876,0.1126031,0.1153159,0.2738199,0.2141966,0.1367132,0.1375686,0.2514087,0.2095443,0.1594351,0.1428318,0.3834201,0.2711337,0.3488611,0.2811807,0.2420519,0.1409769,0.1928021,0.1320697,0.1136985,0.1075806,0.1100141,0.1097879,0.1081434,0.1071808,0.1183623,0.1256382,0.1419771,0.1218172,0.1122263,0.1134263,0.2537295,0.2100378,0.1273326,0.1175076,0.1127337,0.1103371,0.1206298,0.1124797,0.1162275,0.1169479,0.139645,0.1284143,0.1122916,0.1050547,0.132952,0.1242745,0.1117878,0.1202979,0.1287396,0.1163432,0.2201911,0.1775207,0.1807605,0.154294,0.1353641,0.1345513,0.118937,0.1131816,0.1345004,0.1285331,0.2713827,0.2429483
0.2278402,0.3159122,0.1443477,0.1734732,0.2644353,0.4024378,0.2231375,0.1016797,0.1485177,0.1552695,0.7348213,0.2655586,0,0.1356855,0.1149057,0.1248113,0.1290399,0.1240205,0.2480156,0.1912818,0.2141882,0.1175015,0.1300704,0.09998233,0.134632,0.1193206,0.1162709,0.1504553,0.1652118,0.12035,0.1345032,0.1289013,0.1252394,0.1296087,0.1189565,0.2294702,0.3395054,0.141709,0.2591546,0.255961,0.2922591,0.1855148,0.1929846,0.271725,0.4490602,0.2541529,0.3396888,0.1926111,0.2265148,0.1893876,0.1829458,0.1124638,0.1195462,0.1001211,0.1276211,0.1313887,0.1457056,0.1185751,0.1669829,0.2065657,0.1721906,0.1081648,0.1073788,0.2440677,0.2628032,0.1328725,0.1530662,0.1190335,0.1185932,0.1205007,0.1362877,0.1172135,0.1448236,0.1265041,0.1827206,0.1489795,0.1456637,0.1497481,0.180069,0.1137999,0.1123753,0.1256901,0.160357,0.1719506,0.2793157,0.1354128,0.2809571,0.1102121,0.2196341,0.1006611,0.1433922,0.1281041,0.2143564,0.308101,0.3022966
0.1519488,0.1367268,0.1207656,0.1167518,0.1301096,0.1308449,0.2674443,0.2439316,0.122354,0.1303256,0.126785,0.1106983,0.1356855,0.339611,0.3161977,0.1966761,0.2104173,0.2292267,0.1983114,0.1290048,0.1275686,0.173359,0.1400602,0.1780626,0.1673089,0.1781818,0.1604732,0.2687688,0.2795805,0.206902,0.1872931,0.2301855,0.2114846,0.2995483,0.2624838,0.1472425,0.1351761,0.1552318,0.1298123,0.1480288,0.1368248,0.1810327,0.1553856,0.1345025,0.1334651,0.124451,0.1131581,0.1168131,0.1130023,0.1239252,0.1160199,0.2163581,0.1977831,0.1650958,0.1481212,0.2392072,0.2306955,0.1851265,0.1728766,0.2241627,0.2107783,0.1528982,0.1506203,0.1434781,0.1499552,0.1339154,0.1307391,0.1380954,0.1388915,0.1536247,0.1509525,0.171838,0.1669224,0.1657429,0.159726,0.2463184,0.2579461,0.1554751,0.1271226,0.1887909,0.1928876,0.1283613,0.1204611,0.1467444,0.1342533,0.1350375,0.1175573,0.1761682,0.1561106,0.156052,0.1537221,0.1454419,0.119651,0.1427648,0.1414203
0.1421823,0.1422228,0.1181648,0.1198075,0.1248229,0.1287738,0.1824166,0.2171388,0.1282501,0.1258263,0.1135738,0.1109262,0.1149057,0.3161977,0.3523093,0.1915679,0.2213745,0.2099176,0.1889386,0.1242183,0.1272754,0.1446501,0.1681555,0.1612063,0.179217,0.1610516,0.1936298,0.2224045,0.2715691,0.1835732,0.2273535,0.2106348,0.2532511,0.2773442,0.3080094,0.131531,0.140496,0.1388255,0.1396786,0.1422226,0.1429308,0.1576125,0.1796425,0.1278201,0.1295182,0.118451,0.1115125,0.1130897,0.112792,0.1182949,0.1162251,0.1599646,0.2416713,0.1613438,0.1601828,0.1903544,0.2627995,0.1514572,0.2111459,0.1807195,0.2305283,0.1370947,0.1475739,0.1390484,0.1544768,0.1262537,0.1426557,0.1297904,0.1474504,0.1430906,0.1568376,0.1558288,0.1763034,0.1582184,0.1639559,0.2081069,0.2376053,0.1450479,0.1397285,0.2002771,0.1816199,0.120141,0.1262767,0.1310445,0.1415662,0.1210039,0.120952,0.1468264,0.1826438,0.1467277,0.1849801,0.1259052,0.1251977,0.1588627,0.1514628
0.1799009,0.1379457,0.1708493,0.1400513,0.1501179,0.1367968,0.1752556,0.1807963,0.1207717,0.137838,0.1277857,0.1229692,0.1248113,0.1966761,0.1915679,0.3111728,0.2863865,0.2743133,0.2039026,0.1709621,0.1470804,0.194454,0.1559958,0.1429995,0.1284674,0.1615695,0.1372236,0.145803,0.1527762,0.175493,0.1456581,0.1931746,0.1650308,0.1791668,0.1633673,0.1499878,0.1291423,0.2012337,0.1427291,0.1780903,0.1426784,0.203227,0.1555514,0.1416798,0.1345053,0.126911,0.1179996,0.1411528,0.1294123,0.1539343,0.123588,0.141044,0.1314738,0.132733,0.1174659,0.1408601,0.1375935,0.1466214,0.135669,0.1531605,0.1366263,0.2942357,0.2669127,0.1688704,0.1369119,0.207707,0.1587689,0.2186124,0.1612861,0.2246754,0.1789178,0.2295603,0.1759754,0.2308646,0.2065718,0.1409758,0.1320275,0.2197246,0.1536631,0.289384,0.2603984,0.1987297,0.1564575,0.1422424,0.1247217,0.1403146,0.1201362,0.1513289,0.1301908,0.1417765,0.1249911,0.1748066,0.1300934,0.2011455,0.1679009
0.1438437,0.1615432,0.1274017,0.1716407,0.1370773,0.1480146,0.1468893,0.171274,0.1450676,0.1317584,0.13269,0.1253071,0.1290399,0.2104173,0.2213745,0.2863865,0.3192871,0.2509297,0.223692,0.1403085,0.1518271,0.1508202,0.2015597,0.1280594,0.1430585,0.1390064,0.1623676,0.1422705,0.1580058,0.1539641,0.1869688,0.1710682,0.2160239,0.1980953,0.1852416,0.1309805,0.1489485,0.1383599,0.185891,0.1381986,0.1743564,0.156008,0.1939026,0.1312439,0.1477618,0.1220889,0.1297432,0.1183754,0.1454969,0.125967,0.1345038,0.1284325,0.1451192,0.121489,0.1329065,0.1254488,0.1526632,0.1265181,0.1562252,0.1388084,0.1545736,0.2750792,0.291742,0.1370606,0.1600808,0.1516109,0.1974267,0.155289,0.2052264,0.1620971,0.2323603,0.173002,0.2411968,0.1851398,0.2170147,0.1339949,0.1408117,0.1444164,0.1940152,0.2667681,0.3017074,0.136362,0.1962512,0.1258465,0.1396729,0.1166195,0.132845,0.1407126,0.1464829,0.1288248,0.1433388,0.1263247,0.1532714,0.170878,0.1887556
0.2721051,0.1832969,0.1872324,0.163916,0.170112,0.1750666,0.3241375,0.3611603,0.1812726,0.1988016,0.1338905,0.1745176,0.1240205,0.2292267,0.2099176,0.2743133,0.2509297,0.6316956,0.5007995,0.1717962,0.1671765,0.2225935,0.185276,0.1806816,0.1822764,0.1563218,0.1664791,0.1563926,0.1710207,0.1234091,0.1553397,0.1269944,0.1355692,0.1219825,0.1308982,0.1889119,0.1617882,0.1898451,0.1538706,0.1992367,0.1440813,0.2104365,0.1916617,0.182559,0.1678678,0.1561157,0.1479394,0.1399532,0.1362533,0.1616751,0.1372657,0.120552,0.1452047,0.1382633,0.1297574,0.1677652,0.1772318,0.1993247,0.1618325,0.1792869,0.2323945,0.2216485,0.1955112,0.218817,0.1618434,0.275024,0.2175888,0.2544971,0.1736855,0.2135402,0.1713936,0.1816997,0.1675042,0.3143522,0.3025089,0.2150306,0.1812527,0.1788499,0.1656538,0.1461586,0.1409854,0.2211361,0.1907147,0.1717985,0.141776,0.1545493,0.1290298,0.2118016,0.1782389,0.1506712,0.1496077,0.1747682,0.1364762,0.2167893,0.2141685
0.1613848,0.272947,0.1797909,0.1779085,0.1910767,0.2453303,0.2363824,0.2861838,0.3310603,0.2178245,0.2297923,0.168784,0.2480156,0.1983114,0.1889386,0.2039026,0.223692,0.5007995,0.4552611,0.1801658,0.1964323,0.178781,0.1947673,0.1842482,0.199205,0.1551656,0.1531699,0.1667055,0.1850647,0.1362701,0.1523449,0.1375253,0.1370409,0.1375018,0.1340467,0.1982115,0.2619166,0.1742499,0.2125994,0.1961513,0.2535523,0.1860344,0.2261229,0.1948562,0.2391213,0.171353,0.2088354,0.1388036,0.1530486,0.1587296,0.1656403,0.1337246,0.1580951,0.147037,0.1606773,0.1874174,0.209857,0.1874923,0.2206805,0.176638,0.2195427,0.1341625,0.1386903,0.1987676,0.2558995,0.1854476,0.2381028,0.1773848,0.2040132,0.151182,0.1863855,0.1453384,0.1975388,0.2623383,0.2930733,0.2218203,0.2090136,0.1645092,0.1937308,0.1275142,0.13613,0.1749385,0.203418,0.1665714,0.2287767,0.1616717,0.1946752,0.2033961,0.2357917,0.1509961,0.1706716,0.1645862,0.1764847,0.2423017,0.3692465
0.1838432,0.1351117,0.2207086,0.1483207,0.2738124,0.2160335,0.1878547,0.2059655,0.1556169,0.1877809,0.1940294,0.1749225,0.1912818,0.1290048,0.1242183,0.1709621,0.1403085,0.1717962,0.1801658,0.3858601,0.279427,0.132505,0.1145386,0.1169449,0.1138921,0.1156705,0.1148736,0.1153711,0.1206265,0.1141212,0.1106468,0.1155484,0.1121767,0.1158794,0.1217555,0.1724775,0.1451177,0.1746699,0.1228602,0.1932566,0.1421193,0.1747884,0.1315093,0.2158223,0.1934461,0.1824069,0.1402011,0.2600909,0.1692777,0.3444391,0.2163419,0.1110343,0.1122414,0.1139945,0.1116449,0.1164302,0.1241584,0.1195958,0.1143392,0.1490484,0.1431832,0.1452359,0.1383169,0.1939924,0.1554295,0.2000309,0.1442463,0.2455338,0.179102,0.164305,0.1284569,0.1403142,0.1166071,0.2547771,0.2216313,0.1228416,0.1229881,0.1792987,0.1259636,0.12862,0.1191755,0.1869988,0.1272054,0.1474493,0.1273252,0.153106,0.1212345,0.1169397,0.1201367,0.1168458,0.1166826,0.1623509,0.115226,0.208919,0.1666541
0.1331835,0.1574079,0.1482534,0.2213624,0.1997676,0.2773524,0.1453416,0.1900158,0.1547012,0.149548,0.2116001,0.1411562,0.2141882,0.1275686,0.1272754,0.1470804,0.1518271,0.1671765,0.1964323,0.279427,0.3698585,0.1133361,0.1282353,0.1058331,0.1160971,0.1151461,0.1143906,0.1142289,0.1222712,0.1145914,0.1161712,0.1140948,0.1178803,0.1200387,0.124497,0.1381126,0.1591412,0.1298564,0.151336,0.147084,0.1599081,0.1306995,0.1506765,0.1616301,0.2135736,0.1368248,0.1804723,0.1576509,0.2738247,0.2112869,0.3402106,0.1029745,0.1143614,0.1068096,0.1099404,0.1120043,0.1319985,0.1088722,0.1180785,0.1295582,0.1447781,0.1445965,0.1555957,0.1494741,0.1619958,0.1481356,0.2112449,0.1727207,0.2534416,0.1269654,0.1618845,0.1157964,0.1459941,0.2118075,0.2603772,0.1212074,0.126915,0.1351176,0.1484483,0.1232307,0.1303564,0.1359222,0.1636159,0.1215804,0.1376057,0.1209237,0.141239,0.1122558,0.1273356,0.1118153,0.1230833,0.1233196,0.1305958,0.1712237,0.1556621
0.2718268,0.1048292,0.1557145,0.1105031,0.1380241,0.1119165,0.2382839,0.161205,0.113431,0.151802,0.1135578,0.1246856,0.1175015,0.173359,0.1446501,0.194454,0.1508202,0.2225935,0.178781,0.132505,0.1133361,0.4229698,0.1098396,0.285484,0.123175,0.3479448,0.1181284,0.1797162,0.1840313,0.2336412,0.1178228,0.2194372,0.1245435,0.1755827,0.148831,0.1774146,0.1145032,0.2477207,0.1142299,0.1741207,0.1142292,0.2910747,0.1109324,0.1477412,0.1190314,0.1244242,0.1071279,0.1225821,0.1042339,0.1326425,0.1078938,0.2019962,0.1412343,0.2607317,0.1255167,0.1972183,0.1384797,0.2660974,0.1151093,0.2403946,0.1293853,0.1391027,0.1180177,0.1610093,0.1197042,0.1972539,0.1133074,0.1546952,0.1105717,0.2368606,0.1114798,0.2630152,0.1102348,0.1625486,0.1358881,0.1620194,0.1398791,0.2516534,0.1122196,0.2022446,0.141793,0.2400516,0.1129481,0.1763905,0.1100227,0.1825942,0.1075012,0.2484681,0.1069369,0.3171327,0.1083883,0.2473451,0.1097493,0.1228391,0.1181149
0.1263525,0.1785414,0.107789,0.1553756,0.117576,0.1426724,0.1485712,0.1693377,0.1421389,0.1207385,0.1296221,0.1200218,0.1300704,0.1400602,0.1681555,0.1559958,0.2015597,0.185276,0.1947673,0.1145386,0.1282353,0.1098396,0.3664148,0.1179197,0.2166756,0.1149903,0.3118025,0.1347034,0.1331509,0.1219644,0.2350509,0.1253667,0.1998313,0.1298845,0.1496413,0.1204482,0.1504868,0.1123769,0.2115587,0.1202121,0.176314,0.1209712,0.2541095,0.1211171,0.1391023,0.116543,0.1215002,0.1068429,0.1180307,0.1073204,0.1178442,0.1261202,0.1583787,0.1208169,0.1770547,0.1277574,0.1581124,0.1201046,0.1878864,0.1335544,0.1909698,0.1241479,0.1472405,0.1220974,0.1651892,0.1116743,0.2023256,0.1100376,0.1528943,0.1113132,0.226344,0.1160871,0.26094,0.1328656,0.1635192,0.1347602,0.1426319,0.1137196,0.2671375,0.1451804,0.1918889,0.1059438,0.2346441,0.1163673,0.1495932,0.1100591,0.1541775,0.1210297,0.1757187,0.1139285,0.2283903,0.1071478,0.2014956,0.1357733,0.1717512
0.2813441,0.1088347,0.1333004,0.1071519,0.1385251,0.109739,0.3300032,0.1528614,0.1083831,0.1770794,0.102987,0.1116538,0.09998233,0.1780626,0.1612063,0.1429995,0.1280594,0.1806816,0.1842482,0.1169449,0.1058331,0.285484,0.1179197,0.4839222,0.149613,0.3358332,0.1335835,0.2955384,0.2351639,0.2326086,0.1416249,0.2183945,0.152514,0.200427,0.1975393,0.2346602,0.1287929,0.2210272,0.1016708,0.2087553,0.1182139,0.2985702,0.126302,0.1621637,0.1201306,0.1366941,0.104452,0.1156068,0.1046489,0.1160306,0.1046622,0.3520553,0.1622044,0.4738433,0.1461315,0.3891819,0.1711505,0.4639486,0.149968,0.3293189,0.2259862,0.1176704,0.1158815,0.1962676,0.153083,0.1305916,0.1067962,0.1150384,0.108997,0.1560161,0.1110957,0.1729282,0.1162105,0.139339,0.1196423,0.2999168,0.2399818,0.1690278,0.1055352,0.1537252,0.1165265,0.1675729,0.109661,0.2224009,0.1253672,0.2181728,0.1142938,0.3585402,0.1500454,0.344019,0.1536838,0.2279941,0.1091771,0.1742076,0.1664758
0.1716297,0.1931263,0.106858,0.1249043,0.1177482,0.1593699,0.144151,0.2141868,0.3188649,0.1070649,0.1392714,0.11105,0.134632,0.1673089,0.179217,0.1284674,0.1430585,0.1822764,0.199205,0.1138921,0.1160971,0.123175,0.2166756,0.149613,0.4526,0.1444962,0.3023739,0.1878707,0.2266287,0.143031,0.2224542,0.1530299,0.1780374,0.162972,0.1854543,0.1510327,0.2361545,0.1088061,0.1867023,0.1399752,0.2036251,0.1424395,0.2790041,0.123363,0.1637491,0.1179915,0.14683,0.1063031,0.1150626,0.1076665,0.1105135,0.1482107,0.3417868,0.1470496,0.4406314,0.1589514,0.3259745,0.1440369,0.379739,0.2053724,0.3436455,0.1061189,0.1068104,0.1538153,0.223697,0.1081785,0.1244595,0.1059835,0.1047199,0.1086517,0.1392945,0.1111069,0.1388752,0.1132256,0.1299329,0.2133237,0.26791,0.1163623,0.1920354,0.1244281,0.1329649,0.1070395,0.1537834,0.1243036,0.2376714,0.1155836,0.2018686,0.1495823,0.3263308,0.1439879,0.3328569,0.1106069,0.2197737,0.1693352,0.2113347
0.2357124,0.1144498,0.1257296,0.1129842,0.1193612,0.111766,0.2181052,0.1451003,0.131702,0.1200669,0.111404,0.107998,0.1193206,0.1781818,0.1610516,0.1615695,0.1390064,0.1563218,0.1551656,0.1156705,0.1151461,0.3479448,0.1149903,0.3358332,0.1444962,0.4061691,0.1370816,0.2180256,0.2180596,0.2876322,0.1413486,0.2333835,0.1531379,0.2112445,0.2003982,0.162191,0.1232153,0.1868899,0.1156603,0.1490633,0.1246784,0.2556988,0.1206053,0.1210159,0.1157027,0.1161262,0.1149308,0.110169,0.1049916,0.1154605,0.1105939,0.2400492,0.1702364,0.333775,0.1439893,0.2199553,0.1699623,0.3045451,0.1339473,0.2405249,0.1338776,0.1194506,0.1149939,0.1504659,0.1268408,0.1504809,0.121853,0.1293492,0.1153139,0.1853299,0.1153284,0.2090056,0.1184236,0.1386848,0.1298698,0.1807579,0.1617985,0.1794419,0.1132793,0.173938,0.141363,0.1830285,0.118037,0.1535333,0.123089,0.1509987,0.1110301,0.2498915,0.120499,0.2998571,0.114742,0.1951999,0.1098522,0.1204143,0.1168884
0.1393328,0.1573803,0.1112719,0.1212409,0.1095616,0.122116,0.1445655,0.1590697,0.1304191,0.1096887,0.1137244,0.1136458,0.1162709,0.1604732,0.1936298,0.1372236,0.1623676,0.1664791,0.1531699,0.1148736,0.1143906,0.1181284,0.3118025,0.1335835,0.3023739,0.1370816,0.3852853,0.1626901,0.1721205,0.1340573,0.271113,0.1386982,0.208014,0.1497435,0.1883167,0.1239467,0.1381091,0.1088536,0.1699456,0.1246347,0.1463251,0.1301617,0.2316983,0.112408,0.1205283,0.1154321,0.1162221,0.1066057,0.106817,0.1099871,0.1053222,0.1383027,0.2102458,0.1400409,0.2747755,0.1401601,0.1946,0.1288429,0.2314932,0.1353764,0.1972747,0.1153948,0.1192112,0.1251168,0.1404643,0.114029,0.1433879,0.108024,0.1185168,0.1113401,0.1792938,0.1140775,0.1939787,0.1209019,0.1295114,0.1479695,0.1630383,0.1130697,0.2073683,0.1384977,0.1622456,0.1078615,0.1823784,0.1191243,0.1539978,0.1103711,0.1474899,0.1284143,0.2056896,0.1273197,0.2689935,0.108754,0.1770646,0.1351541,0.1371374
0.199529,0.1472905,0.114355,0.1100606,0.1393471,0.1343962,0.2962978,0.175307,0.1507799,0.1634666,0.1403467,0.1098087,0.1504553,0.2687688,0.2224045,0.145803,0.1422705,0.1563926,0.1667055,0.1153711,0.1142289,0.1797162,0.1347034,0.2955384,0.1878707,0.2180256,0.1626901,0.4206372,0.4048387,0.2057423,0.1733344,0.2361017,0.1849309,0.2505617,0.2613658,0.185405,0.154929,0.1611106,0.1203968,0.1837465,0.1550009,0.2079579,0.1516712,0.152693,0.1460404,0.1296621,0.1200072,0.1125073,0.1094957,0.1142281,0.1098783,0.3518607,0.2359457,0.2660572,0.1650247,0.3882079,0.2906547,0.3122017,0.201262,0.2833439,0.2378475,0.1339337,0.1314026,0.17219,0.1853657,0.1103588,0.11526,0.1114996,0.1157897,0.1173146,0.123237,0.1291069,0.1335154,0.1297643,0.1240503,0.3876539,0.3652112,0.1558221,0.1177524,0.1601055,0.1302042,0.1162277,0.1130404,0.1917291,0.1457832,0.1681176,0.1238414,0.267065,0.1868713,0.2013739,0.1616659,0.1619963,0.1177554,0.1594174,0.1624503
0.2026205,0.1649581,0.1094588,0.1124459,0.1357723,0.1409957,0.22549,0.1965968,0.1812393,0.1388285,0.1414524,0.1089705,0.1652118,0.2795805,0.2715691,0.1527762,0.1580058,0.1710207,0.1850647,0.1206265,0.1222712,0.1840313,0.1331509,0.2351639,0.2266287,0.2180596,0.1721205,0.4048387,0.464292,0.184619,0.1930753,0.2130997,0.2160976,0.2546761,0.2920603,0.1595171,0.162168,0.1526624,0.1303224,0.1803126,0.1664248,0.2002757,0.1635057,0.1406927,0.150763,0.1173631,0.1211879,0.1114344,0.1117615,0.1152643,0.1148436,0.2322644,0.3464511,0.2390011,0.1756481,0.2769266,0.3906481,0.2384806,0.2608384,0.2273559,0.2204707,0.1266398,0.1244152,0.1641469,0.1857807,0.114313,0.1264615,0.1144038,0.1267854,0.1211129,0.1351523,0.1331877,0.1456629,0.1346487,0.1403397,0.3292616,0.3832991,0.1654068,0.1281454,0.1524867,0.1367389,0.1145644,0.1177101,0.1616763,0.1644085,0.1380319,0.1298269,0.2299187,0.1997177,0.2164114,0.1757545,0.1402799,0.1273782,0.1775225,0.1697598
0.1460773,0.1213,0.1177154,0.1138202,0.1209037,0.1168234,0.1739005,0.1310648,0.1399439,0.1330469,0.114985,0.1154172,0.12035,0.206902,0.1835732,0.175493,0.1539641,0.1234091,0.1362701,0.1141212,0.1145914,0.2336412,0.1219644,0.2326086,0.143031,0.2876322,0.1340573,0.2057423,0.184619,0.3067849,0.1500581,0.2684943,0.1807743,0.2486006,0.219875,0.1371121,0.1328119,0.1545748,0.1186905,0.1374018,0.1378789,0.1884251,0.1265464,0.1254188,0.1239477,0.1133555,0.1269668,0.1082298,0.1093473,0.1123601,0.1114623,0.2383026,0.1694181,0.228249,0.1384181,0.2036639,0.1679852,0.2106149,0.1406787,0.1812302,0.1406316,0.155386,0.1419514,0.1376496,0.1411231,0.1415108,0.124526,0.1300246,0.1263566,0.1857072,0.1285571,0.2214122,0.1385199,0.1343869,0.1291923,0.1877421,0.179803,0.1636176,0.1143724,0.2050005,0.1732638,0.1547406,0.1170354,0.135677,0.1317853,0.1297436,0.1132259,0.179741,0.1303207,0.177545,0.1219928,0.1527498,0.1104213,0.1336326,0.1274458
0.1299358,0.1357833,0.1097688,0.1266919,0.1141902,0.1222301,0.1368857,0.1454784,0.1309185,0.1137165,0.1247378,0.1162137,0.1345032,0.1872931,0.2273535,0.1456581,0.1869688,0.1553397,0.1523449,0.1106468,0.1161712,0.1178228,0.2350509,0.1416249,0.2224542,0.1413486,0.271113,0.1733344,0.1930753,0.1500581,0.3041525,0.1719593,0.2482204,0.195673,0.2217219,0.1264071,0.1390969,0.1146922,0.156483,0.1269039,0.1407633,0.1278654,0.1887266,0.118121,0.1278384,0.1180502,0.1194853,0.1062794,0.1129505,0.1072448,0.1094598,0.1590524,0.2350031,0.1480113,0.2359478,0.1608597,0.2124144,0.1356844,0.213235,0.1397623,0.1930973,0.1315817,0.1526382,0.1239488,0.1455409,0.1124883,0.1579733,0.1166716,0.143053,0.1171606,0.1869134,0.1239225,0.2218307,0.1300158,0.1466738,0.1652782,0.195453,0.114969,0.172555,0.1589119,0.1874732,0.1093809,0.1591907,0.1275259,0.1416826,0.1128043,0.1256095,0.1390574,0.1728889,0.1355617,0.192979,0.1096797,0.1424311,0.1309071,0.1384837
0.1405057,0.1245337,0.1198492,0.1128552,0.1228947,0.1161915,0.149658,0.1248742,0.1295174,0.1331572,0.1217763,0.1157748,0.1289013,0.2301855,0.2106348,0.1931746,0.1710682,0.1269944,0.1375253,0.1155484,0.1140948,0.2194372,0.1253667,0.2183945,0.1530299,0.2333835,0.1386982,0.2361017,0.2130997,0.2684943,0.1719593,0.3040986,0.191173,0.2864786,0.2389766,0.1359972,0.1295168,0.1404018,0.1199884,0.1366862,0.1340865,0.176005,0.1310457,0.1272928,0.1223481,0.1207074,0.1213542,0.1095407,0.1097846,0.1137645,0.1092732,0.2534688,0.1721525,0.1912506,0.1410618,0.1972274,0.1680702,0.1758999,0.1419215,0.1578396,0.1398608,0.1778913,0.1651653,0.134587,0.1343691,0.1383838,0.1230318,0.129871,0.1251974,0.1700922,0.1307863,0.2074235,0.1397669,0.1360619,0.1272898,0.1889078,0.1803401,0.1512388,0.1175972,0.2496568,0.1876925,0.1397616,0.1186392,0.1339308,0.1300616,0.1228977,0.1138255,0.1674679,0.134054,0.1446693,0.1210876,0.1312873,0.1127317,0.1290687,0.1287872
0.1378477,0.1313736,0.1121766,0.131499,0.1162196,0.1205715,0.1487142,0.151556,0.1256131,0.120349,0.1190783,0.1211876,0.1252394,0.2114846,0.2532511,0.1650308,0.2160239,0.1355692,0.1370409,0.1121767,0.1178803,0.1245435,0.1998313,0.152514,0.1780374,0.1531379,0.208014,0.1849309,0.2160976,0.1807743,0.2482204,0.191173,0.2844601,0.2356067,0.2699088,0.1302708,0.1314324,0.120582,0.1449722,0.1325953,0.1384248,0.1427113,0.1688305,0.1214397,0.125106,0.1216341,0.1203502,0.1105296,0.1159598,0.1109109,0.1123503,0.1685183,0.2276566,0.1557167,0.1679239,0.1697648,0.2063299,0.1451047,0.1809897,0.1418896,0.1611969,0.1627014,0.1812527,0.1298134,0.13871,0.1148579,0.1575589,0.1195907,0.1536126,0.1306256,0.1864254,0.1450465,0.2158031,0.1328549,0.1476771,0.171518,0.194813,0.1223835,0.1545587,0.1898348,0.2475494,0.1134894,0.1567021,0.1309044,0.1334999,0.1148999,0.1193735,0.1465297,0.1533698,0.1387395,0.1547215,0.1133755,0.1276538,0.143189,0.1331915
0.137355,0.1183743,0.1130782,0.1142519,0.1239158,0.1192012,0.1345857,0.1117805,0.137736,0.1231095,0.1251274,0.1126031,0.1296087,0.2995483,0.2773442,0.1791668,0.1980953,0.1219825,0.1375018,0.1158794,0.1200387,0.1755827,0.1298845,0.200427,0.162972,0.2112445,0.1497435,0.2505617,0.2546761,0.2486006,0.195673,0.2864786,0.2356067,0.3585945,0.3186626,0.1372083,0.1295737,0.1192484,0.1150673,0.1349085,0.1266976,0.1589104,0.130992,0.1256025,0.1286251,0.1226179,0.1211749,0.1117342,0.112294,0.1154107,0.1139818,0.2033278,0.1836095,0.1826743,0.1437151,0.2022782,0.1984935,0.1750965,0.1561526,0.1514031,0.1324205,0.1819212,0.1654506,0.1374275,0.1367589,0.1210767,0.1308916,0.1332684,0.1395026,0.1504968,0.148988,0.1834794,0.1677619,0.1406008,0.1411109,0.2054334,0.2098339,0.1281051,0.1152683,0.2119999,0.2131554,0.113187,0.1151277,0.1352088,0.1282537,0.1179076,0.1112461,0.1710741,0.1402197,0.1429538,0.121498,0.1144626,0.1104899,0.1245232,0.1213216
0.157596,0.1368349,0.1164434,0.1141782,0.1249828,0.1195311,0.1418611,0.1227132,0.1349053,0.11949,0.1173082,0.1153159,0.1189565,0.2624838,0.3080094,0.1633673,0.1852416,0.1308982,0.1340467,0.1217555,0.124497,0.148831,0.1496413,0.1975393,0.1854543,0.2003982,0.1883167,0.2613658,0.2920603,0.219875,0.2217219,0.2389766,0.2699088,0.3186626,0.3515391,0.1367803,0.1306567,0.1196479,0.1176338,0.1416308,0.1334599,0.1627343,0.1431974,0.1246467,0.1249398,0.1249875,0.1176397,0.114446,0.1128651,0.1198174,0.1168026,0.1850777,0.2393616,0.1959992,0.1563307,0.2056195,0.2543905,0.1844366,0.1925204,0.1546043,0.1460508,0.1551924,0.1527384,0.140335,0.1410221,0.1210401,0.132513,0.1260221,0.1424959,0.1337428,0.1423682,0.1507934,0.1592087,0.1391498,0.141783,0.2089978,0.2322076,0.1274795,0.1198046,0.199437,0.1907834,0.1150775,0.1141623,0.1371631,0.1345023,0.1177672,0.1145901,0.1684844,0.1641365,0.1527615,0.1396345,0.1144924,0.1141902,0.1416171,0.1205996
0.3293841,0.1597657,0.1644747,0.1215148,0.238548,0.1815131,0.2829384,0.2364203,0.2381327,0.3100312,0.2448088,0.2738199,0.2294702,0.1472425,0.131531,0.1499878,0.1309805,0.1889119,0.1982115,0.1724775,0.1381126,0.1774146,0.1204482,0.2346602,0.1510327,0.162191,0.1239467,0.185405,0.1595171,0.1371121,0.1264071,0.1359972,0.1302708,0.1372083,0.1367803,0.3609278,0.2027233,0.2291272,0.1338381,0.3528175,0.1883006,0.2665356,0.15826,0.3032327,0.2177282,0.3112605,0.1729896,0.2033128,0.129589,0.1690487,0.1271086,0.1878716,0.1559299,0.2082222,0.1584638,0.2628313,0.1684218,0.2747687,0.1745809,0.2761062,0.2227378,0.1300022,0.122538,0.3573705,0.2314128,0.1548693,0.1178236,0.1412206,0.1219194,0.1496001,0.1205296,0.1399594,0.1241565,0.181697,0.1462314,0.2331121,0.2016134,0.2225427,0.1258717,0.1303972,0.1257532,0.1673006,0.1188752,0.3103688,0.163665,0.251073,0.1474137,0.2806474,0.1737593,0.2272332,0.160966,0.2214781,0.1356029,0.3576222,0.2901415
0.2074554,0.3222733,0.1260556,0.1624573,0.2008215,0.2645203,0.2107826,0.2081659,0.4948859,0.2149185,0.3272166,0.2141966,0.3395054,0.1351761,0.140496,0.1291423,0.1489485,0.1617882,0.2619166,0.1451177,0.1591412,0.1145032,0.1504868,0.1287929,0.2361545,0.1232153,0.1381091,0.154929,0.162168,0.1328119,0.1390969,0.1295168,0.1314324,0.1295737,0.1306567,0.2027233,0.3780538,0.134841,0.2677984,0.2179068,0.3636391,0.1744432,0.2590939,0.2125896,0.3110841,0.1833049,0.2974843,0.1407463,0.1676672,0.143043,0.1487527,0.1276976,0.2033931,0.1279124,0.2291405,0.1736684,0.2428562,0.1579166,0.2658422,0.2216192,0.2682987,0.1148659,0.1167152,0.2327791,0.3758352,0.1217965,0.1512772,0.120508,0.1297459,0.1152177,0.1416284,0.1144029,0.1421438,0.1362007,0.1698072,0.2015874,0.225783,0.1365746,0.2050935,0.1198843,0.1183976,0.114726,0.1646002,0.1602284,0.3352666,0.1320989,0.2792712,0.1635702,0.3050865,0.1394544,0.2411921,0.1258568,0.2491827,0.274758,0.3823256
0.2159153,0.1181341,0.2248809,0.1168561,0.1723979,0.1390839,0.2328368,0.1638449,0.1410213,0.1962533,0.1412257,0.1367132,0.141709,0.1552318,0.1388255,0.2012337,0.1383599,0.1898451,0.1742499,0.1746699,0.1298564,0.2477207,0.1123769,0.2210272,0.1088061,0.1868899,0.1088536,0.1611106,0.1526624,0.1545748,0.1146922,0.1404018,0.120582,0.1192484,0.1196479,0.2291272,0.134841,0.4408662,0.1107596,0.2883886,0.1343562,0.2872085,0.1190052,0.1905731,0.1428396,0.1746812,0.1169548,0.1829921,0.1153568,0.1661842,0.1142011,0.1624463,0.1216961,0.20118,0.1071259,0.1982552,0.1370879,0.2235366,0.1315348,0.2135346,0.1640614,0.1755716,0.1508057,0.2492424,0.1565834,0.2054529,0.1110202,0.1992765,0.1180163,0.2927227,0.1147221,0.2645908,0.1130691,0.2019854,0.1476884,0.1757339,0.1619193,0.5113929,0.1109459,0.1672499,0.1301578,0.3276827,0.1130643,0.24379,0.1222486,0.2880189,0.1190105,0.206406,0.1267196,0.2094144,0.1224704,0.3987186,0.1125272,0.2479699,0.1652316
0.1437481,0.3030116,0.1089321,0.2043399,0.1361103,0.1914094,0.1357738,0.2169877,0.2884293,0.1405016,0.2178984,0.1375686,0.2591546,0.1298123,0.1396786,0.1427291,0.185891,0.1538706,0.2125994,0.1228602,0.151336,0.1142299,0.2115587,0.1016708,0.1867023,0.1156603,0.1699456,0.1203968,0.1303224,0.1186905,0.156483,0.1199884,0.1449722,0.1150673,0.1176338,0.1338381,0.2677984,0.1107596,0.3847203,0.1398387,0.34826,0.1224012,0.2942998,0.1475968,0.1930909,0.1313157,0.1676575,0.1151086,0.1552386,0.1136566,0.1323081,0.1066052,0.1498042,0.1015137,0.1584034,0.1180797,0.1656986,0.1117317,0.189632,0.1518685,0.1829243,0.1371155,0.151905,0.1490973,0.2682386,0.10655,0.1913448,0.1103436,0.1717399,0.1055046,0.2300952,0.1108294,0.2252314,0.135394,0.1775538,0.1381927,0.1468675,0.1146177,0.4032811,0.1453875,0.1704471,0.1056617,0.2714068,0.127691,0.2602026,0.1156985,0.2772122,0.1174318,0.2140159,0.1144663,0.2017935,0.1106482,0.3790375,0.1501516,0.2787743
0.3694187,0.1699964,0.1702326,0.1230081,0.2466613,0.1994548,0.2678619,0.2700171,0.2711547,0.26131,0.2710117,0.2514087,0.255961,0.1480288,0.1422226,0.1780903,0.1381986,0.1992367,0.1961513,0.1932566,0.147084,0.1741207,0.1202121,0.2087553,0.1399752,0.1490633,0.1246347,0.1837465,0.1803126,0.1374018,0.1269039,0.1366862,0.1325953,0.1349085,0.1416308,0.3528175,0.2179068,0.2883886,0.1398387,0.4328467,0.2061169,0.3189973,0.1605798,0.2968939,0.2389437,0.2708507,0.1720697,0.1964528,0.1308861,0.1859513,0.1277333,0.1696967,0.1695068,0.1951741,0.1391206,0.2348361,0.1968084,0.2310366,0.1921395,0.2277562,0.2003614,0.1429515,0.1266771,0.4375705,0.2504084,0.1819191,0.1162958,0.1602815,0.124282,0.1847845,0.1214204,0.1578452,0.1215637,0.1905136,0.1559296,0.224295,0.2170857,0.3073704,0.1299037,0.1386763,0.1290463,0.1996746,0.1211833,0.3380956,0.1693939,0.2514044,0.150778,0.2296705,0.1802307,0.2280604,0.1548198,0.2540513,0.1370281,0.4807632,0.3440244
0.1858074,0.3964045,0.1143964,0.1534164,0.1964713,0.2216131,0.1610142,0.2460357,0.4298916,0.2305712,0.2624054,0.2095443,0.2922591,0.1368248,0.1429308,0.1426784,0.1743564,0.1440813,0.2535523,0.1421193,0.1599081,0.1142292,0.176314,0.1182139,0.2036251,0.1246784,0.1463251,0.1550009,0.1664248,0.1378789,0.1407633,0.1340865,0.1384248,0.1266976,0.1334599,0.1883006,0.3636391,0.1343562,0.34826,0.2061169,0.4468915,0.1574522,0.2919147,0.2202677,0.2590751,0.174731,0.2381624,0.1330846,0.1477066,0.1329372,0.1414084,0.1226612,0.1882011,0.1163635,0.1872118,0.1527878,0.2125845,0.1405371,0.2361731,0.1714293,0.2196132,0.1241582,0.1279989,0.2147404,0.3992821,0.1164509,0.159695,0.117813,0.1459808,0.1131965,0.1645525,0.1185416,0.1604826,0.1430795,0.1730284,0.1843483,0.2038726,0.1352726,0.2812916,0.1410818,0.1333898,0.1105076,0.1807069,0.1590033,0.3415596,0.131641,0.2661441,0.1591901,0.2726195,0.1331022,0.2191617,0.1241416,0.2678232,0.2710636,0.354521
0.394484,0.1402898,0.2000044,0.11743,0.1899204,0.1542264,0.375176,0.2695533,0.1992774,0.1923371,0.1899001,0.1594351,0.1855148,0.1810327,0.1576125,0.203227,0.156008,0.2104365,0.1860344,0.1747884,0.1306995,0.2910747,0.1209712,0.2985702,0.1424395,0.2556988,0.1301617,0.2079579,0.2002757,0.1884251,0.1278654,0.176005,0.1427113,0.1589104,0.1627343,0.2665356,0.1744432,0.2872085,0.1224012,0.3189973,0.1574522,0.3525667,0.1360052,0.2093869,0.1780488,0.1877623,0.1361009,0.1650533,0.116176,0.1753664,0.1175493,0.2206595,0.165538,0.2700125,0.1463153,0.2709974,0.1655384,0.3144687,0.1601251,0.3064365,0.1858315,0.1529256,0.1367593,0.3016597,0.1968084,0.1892342,0.1143083,0.1668478,0.1204822,0.2107803,0.1180573,0.2020518,0.1165478,0.1872877,0.1486111,0.23112,0.1936954,0.2722883,0.1197364,0.1765056,0.1476718,0.2400417,0.1193713,0.2591349,0.144871,0.2307636,0.1360361,0.281121,0.1503189,0.2863927,0.1356361,0.2619953,0.1287938,0.291143,0.2202367
