0.729503,0.3663897,0.3233531,0.3459292,0.3682595,0.3562827,0.657262,0.3602455,0.4203733,0.3504699,0.4203026,0.3571914,0.3474516,0.3437542,0.3441296,0.3378317,0.3428888,0.3316165,0.3238819,0.3605709,0.3417902,0.3516763,0.3746868,0.3386234,0.3439537,0.3310566,0.3429985,0.3378287,0.3495333,0.3347273,0.3369272,0.3313184,0.3321373,0.4949618,0.3848306,0.4235561,0.3670433,0.538845,0.410217,0.5365758,0.3575183,0.4441364,0.3857197,0.4439909,0.3809305,0.3371381,0.3313992,0.3249277,0.3161508,0.3581673,0.3666638,0.3416697,0.3843922,0.4239231,0.3679788,0.5105659,0.4078007,0.6213191,0.4341436,0.3538628,0.343668,0.5127521,0.4373937,0.3301809,0.3358821,0.321447,0.3278319,0.3449281,0.3414192,0.3452643,0.3413127,0.3394761,0.335795,0.4103214,0.3806974,0.3854179,0.3547691,0.3374132,0.3328184,0.355687,0.3360062,0.495914,0.3911144,0.3869404,0.3862028,0.6193779,0.4021454,0.4406308,0.391313,0.381433,0.3722266,0.5296674,0.3626738
0.3663897,0.6398287,0.3228547,0.3167978,0.3600214,0.3769291,0.431341,0.3133497,0.4228424,0.3933446,0.3647969,0.3422427,0.3427943,0.3297776,0.3369626,0.3629175,0.3525831,0.3384145,0.3453882,0.3199669,0.3481154,0.3196667,0.3636176,0.3161944,0.3389158,0.3408042,0.3628676,0.3233966,0.3273915,0.3211361,0.3304138,0.3383381,0.3504162,0.3615677,0.4556004,0.3607995,0.3870993,0.3746619,0.5723094,0.3440686,0.5210826,0.3833735,0.4127964,0.362064,0.4379045,0.3337719,0.3285607,0.3312405,0.3303632,0.327905,0.3481941,0.3203117,0.3364894,0.3376481,0.4045826,0.3556008,0.4631934,0.4208579,0.5603977,0.3145165,0.3106955,0.4087804,0.4610548,0.3099204,0.3362636,0.3219429,0.3202499,0.3111329,0.3333883,0.3078725,0.3269337,0.3359019,0.3393084,0.3608272,0.392568,0.3399813,0.3750166,0.3219576,0.3240547,0.3247615,0.3256962,0.3568776,0.4296198,0.3414542,0.3677057,0.3604241,0.53699,0.3501279,0.4523556,0.3372704,0.381848,0.3594016,0.4254261
0.3233531,0.3228547,0.4989499,0.3171424,0.3431052,0.3226694,0.3245216,0.3051806,0.3372378,0.3357424,0.3372574,0.3223397,0.322426,0.3346985,0.3210805,0.3560357,0.3391784,0.3606959,0.3444365,0.3271941,0.3196727,0.3202966,0.3131241,0.3169246,0.3280261,0.324698,0.3211992,0.3087198,0.3183506,0.3120416,0.3191303,0.3180155,0.3170099,0.3369465,0.31868,0.3425186,0.2987545,0.3339024,0.3263858,0.3276815,0.3138657,0.3425455,0.3205343,0.3406552,0.3089128,0.3744716,0.3224281,0.3748849,0.3312191,0.32037,0.3053813,0.3203433,0.3042698,0.3230686,0.3130924,0.3213468,0.317066,0.3220557,0.3240636,0.3299318,0.3204468,0.3355826,0.3251453,0.4230323,0.3208254,0.3896025,0.3154311,0.351757,0.3255339,0.3302415,0.3214816,0.3649792,0.3341578,0.3189586,0.3159389,0.3340205,0.3080584,0.3190278,0.3205931,0.3697008,0.3227461,0.3352974,0.3135874,0.3748236,0.321379,0.322853,0.3215963,0.3307473,0.3211145,0.3492456,0.3177619,0.3279425,0.3324193
0.3459292,0.3167978,0.3171424,0.4790484,0.3275679,0.3459769,0.3334756,0.3225718,0.3274366,0.3326387,0.3233795,0.333762,0.325122,0.3351375,0.3387279,0.3322178,0.3308383,0.3335536,0.3649913,0.3248836,0.3413908,0.3327497,0.3190736,0.331634,0.334658,0.3290773,0.3187407,0.3326831,0.3271996,0.3305406,0.3262322,0.3292612,0.3240338,0.3266479,0.3354813,0.3204262,0.3419687,0.3289958,0.33055,0.3363519,0.326923,0.3241223,0.3425597,0.3237949,0.3558304,0.3241363,0.3891768,0.3275683,0.3787417,0.3384451,0.3155101,0.3356645,0.3177985,0.3345613,0.3210491,0.3400249,0.3293393,0.3409027,0.3279175,0.3476197,0.3444724,0.3231345,0.3314212,0.3304645,0.4434848,0.3235018,0.3913503,0.3363304,0.359744,0.3332602,0.3462326,0.3399848,0.3682472,0.3295866,0.3210967,0.3249275,0.3537268,0.3337375,0.3308225,0.3315237,0.3884349,0.3278324,0.3333555,0.3287876,0.369535,0.3428441,0.3241799,0.3350845,0.3339059,0.325962,0.3564537,0.3345832,0.338
0.3682595,0.3600214,0.3431052,0.3275679,0.4505187,0.4161964,0.3906489,0.3444682,0.4563046,0.4322839,0.4116659,0.3332833,0.3269846,0.3275006,0.3295337,0.366986,0.3658293,0.4020393,0.3787365,0.3239618,0.3284824,0.3320378,0.3348842,0.3242864,0.3332316,0.3264664,0.3369601,0.3189012,0.3247789,0.3195512,0.3219988,0.3214033,0.3230754,0.3809665,0.3631121,0.3446488,0.3232711,0.3732859,0.3805043,0.3510399,0.3460945,0.4400572,0.4045611,0.4075807,0.3633975,0.3736045,0.339924,0.3938522,0.3447673,0.3238406,0.3337136,0.3305113,0.3308046,0.3397614,0.3451762,0.3463701,0.3558553,0.3712488,0.3722298,0.3187737,0.3214549,0.3772082,0.379734,0.3271807,0.3313839,0.3397093,0.3232181,0.325265,0.3283988,0.3242228,0.3283005,0.3531305,0.3505278,0.3451008,0.3486428,0.3148681,0.3284167,0.3198453,0.3182833,0.3260203,0.3235337,0.3613405,0.3465694,0.3472579,0.3386057,0.3450509,0.3495455,0.3432158,0.3400559,0.3275599,0.3282743,0.3774993,0.3706291
0.3562827,0.3769291,0.3226694,0.3459769,0.4161964,0.4658855,0.381488,0.3495048,0.3904051,0.5231128,0.3797069,0.3361436,0.3281174,0.3311959,0.3384561,0.3652873,0.37513,0.3699141,0.4022132,0.3165574,0.3360525,0.327158,0.3421196,0.3200457,0.3396197,0.3336859,0.3389019,0.3170756,0.3260716,0.3202168,0.3243556,0.3194632,0.3271489,0.3621515,0.3769718,0.335299,0.332766,0.3669251,0.3788383,0.3499018,0.361897,0.3885928,0.4618199,0.3806984,0.3990574,0.3406737,0.3700287,0.3501758,0.3689412,0.3283542,0.3367628,0.3265048,0.3313602,0.3482782,0.3562714,0.3437524,0.3703902,0.3769665,0.3888794,0.3220764,0.3201719,0.3696482,0.382611,0.3155017,0.3432502,0.3190814,0.3326852,0.3206863,0.3298523,0.3210598,0.3288255,0.3382874,0.3668121,0.3546335,0.3590917,0.3198496,0.3295946,0.323581,0.3180273,0.3243486,0.3337997,0.342936,0.3616312,0.3335156,0.3547459,0.3369352,0.3681611,0.337317,0.3526803,0.3230706,0.3344374,0.4135319,0.3528114
0.657262,0.431341,0.3245216,0.3334756,0.3906489,0.381488,0.5401005,0.3036715,0.369853,0.3506275,0.3870631,0.3967979,0.357856,0.3382517,0.3378893,0.340698,0.3484446,0.3392075,0.3367636,0.3548141,0.3414476,0.3622433,0.335078,0.3415968,0.3559091,0.3845045,0.3721893,0.3286424,0.3392942,0.3357497,0.3274614,0.3363712,0.3306379,0.4390894,0.3912722,0.43521,0.3316677,0.4718533,0.4589964,0.5261117,0.3575828,0.435273,0.4049713,0.4110403,0.3513407,0.335515,0.3331307,0.3292766,0.326705,0.3663264,0.3207072,0.34578,0.3314267,0.4900805,0.3513428,0.5219249,0.3801261,0.6620736,0.4917584,0.3512531,0.3331583,0.4743521,0.4654593,0.3295633,0.3338059,0.3131554,0.3187744,0.3518421,0.3432998,0.351278,0.338491,0.3330283,0.3330225,0.4766437,0.4364818,0.38338,0.3598064,0.3415372,0.3300948,0.3538951,0.3422392,0.4160396,0.3564959,0.3639195,0.351856,0.54245,0.4047305,0.4037536,0.377174,0.376672,0.3538987,0.4880305,0.3711492
0.3602455,0.3133497,0.3051806,0.3225718,0.3444682,0.3495048,0.3036715,0,0.3687294,0.2710401,0.3601006,0.320033,0.3353273,0.2957698,0.3083023,0.3243048,0.4074262,0.3230075,0.3213993,0.3221444,0.3223389,0.3157153,0.4584784,0.3205742,0.3587601,0.3076328,0.3602338,0.323282,0.3524076,0.3189178,0.3423622,0.3310336,0.3453568,0.3414562,0.5239746,0.3269551,0.460161,0.3267088,0.4285998,0.328833,0.4224121,0.3395331,0.3902703,0.3272822,0.3736542,0.3183987,0.3127068,0.3236452,0.3159313,0.3114964,0.4516415,0.318594,0.3977113,0.3374708,0.4649414,0.3321534,0.4841984,0.3780493,0.4134103,0.3204794,0.3124724,0.3641114,0.5014068,0.311036,0.3032245,0.318685,0.3270664,0.3189884,0.313414,0.308086,0.3159619,0.3155643,0.336145,0.3725081,0.4078421,0.3160856,0.3377294,0.320567,0.3259714,0.3048387,0.3245311,0.3422852,0.4743218,0.3266534,0.4327364,0.3597621,0.4375382,0.3336652,0.3972275,0.3142918,0.4328527,0.3925044,0.5828525
0.4203733,0.4228424,0.3372378,0.3274366,0.4563046,0.3904051,0.369853,0.3687294,0.4758635,0.4227336,0.5224323,0.3381395,0.3370058,0.3322389,0.3336695,0.4285086,0.4243596,0.3779691,0.3532789,0.3325818,0.326744,0.3389892,0.3363868,0.3351939,0.327544,0.3265633,0.3471105,0.3208858,0.3293502,0.3162564,0.3326086,0.3197847,0.3337103,0.4364767,0.3942073,0.3457134,0.3316785,0.403638,0.4398841,0.359337,0.3732958,0.5293069,0.394376,0.4610888,0.4127721,0.382806,0.3396958,0.3766846,0.335355,0.3153582,0.3495663,0.3219251,0.34187,0.3320718,0.3530755,0.3644745,0.3516839,0.3874696,0.3752062,0.3175482,0.312297,0.4132908,0.4027654,0.3310556,0.3333455,0.3466954,0.323604,0.3174234,0.3290037,0.3173985,0.3285148,0.3603919,0.3407443,0.3439196,0.3478498,0.3183278,0.3311186,0.330241,0.3325137,0.3299184,0.3287977,0.420389,0.365186,0.3773423,0.346293,0.3777757,0.3562477,0.3501871,0.3441497,0.3352613,0.3416117,0.3482721,0.4581855
0.3504699,0.3933446,0.3357424,0.3326387,0.4322839,0.5231128,0.3506275,0.2710401,0.4227336,0,0.4073747,0.337826,0.3336227,0.3270063,0.3282209,0.3532369,0.3558313,0.3635328,0.3836246,0.3011521,0.3050037,0.3206378,0.3142384,0.2928115,0.3079277,0.3419601,0.3440547,0.3062763,0.3141528,0.3106522,0.322985,0.3169651,0.3310851,0.3832748,0.3746668,0.3498038,0.3155201,0.3977085,0.3936635,0.345383,0.3387405,0.4014394,0.5367699,0.4472937,0.4699112,0.3823064,0.3934757,0.3530062,0.370877,0.3273201,0.3298068,0.3277606,0.3158316,0.3364678,0.3440975,0.3256773,0.339866,0.3475212,0.358628,0.3061951,0.302571,0.3847319,0.3778356,0.3231418,0.3393992,0.3129917,0.3227914,0.3209032,0.3199978,0.3123971,0.3120071,0.3262635,0.3414172,0.3491799,0.3452318,0.3134326,0.3246265,0.3212788,0.3158947,0.336576,0.3291142,0.3669281,0.4002081,0.3429239,0.3565034,0.3131493,0.3564484,0.3336736,0.3397204,0.3301722,0.3250358,0.4593683,0.3361166
0.4203026,0.3647969,0.3372574,0.3233795,0.4116659,0.3797069,0.3870631,0.3601006,0.5224323,0.4073747,0.3603454,0.333323,0.330802,0.3263027,0.3287542,0.4203896,0.4086739,0.3394363,0.3394302,0.3234774,0.3183236,0.3225247,0.3329526,0.3240547,0.3250622,0.3261009,0.3295336,0.3172699,0.3252195,0.3226492,0.3234537,0.324487,0.3278894,0.4543507,0.3738816,0.3574686,0.3277797,0.4101439,0.3990976,0.3642394,0.3491844,0.4885815,0.3982261,0.4901246,0.3854704,0.3811679,0.3446038,0.3486978,0.3335446,0.3194104,0.3320693,0.311046,0.3317801,0.3318322,0.3376133,0.3469507,0.3488479,0.3665011,0.3624193,0.3169179,0.3135078,0.4275728,0.3970448,0.3185511,0.3198204,0.3262059,0.3157142,0.3127635,0.3161751,0.3124979,0.3176017,0.3380742,0.3272186,0.3355211,0.3355919,0.3097225,0.3234387,0.3281381,0.3240725,0.3244853,0.3203041,0.406023,0.3574053,0.3730542,0.3455055,0.376317,0.3553955,0.3439445,0.3394821,0.3354325,0.3310262,0.4132827,0.4106402
0.3571914,0.3422427,0.3223397,0.333762,0.3332833,0.3361436,0.3967979,0.320033,0.3381395,0.337826,0.333323,0.4448776,0.4364934,0.3728731,0.3805698,0.3437315,0.350085,0.3285036,0.3285964,0.3520123,0.3446304,0.3699734,0.3549322,0.3572232,0.3555548,0.4296854,0.4279936,0.3736576,0.3595169,0.3948905,0.3642489,0.4385746,0.4076422,0.338002,0.337955,0.3511864,0.3310263,0.3428058,0.3465698,0.3730602,0.3461275,0.3423398,0.337705,0.3308915,0.3325493,0.3212124,0.3279613,0.3227631,0.328366,0.3940131,0.3792365,0.3679823,0.3540253,0.4029525,0.3900951,0.3785153,0.3537821,0.3757914,0.3581776,0.3432799,0.3245687,0.3448343,0.3454028,0.336691,0.34075,0.3259314,0.3392996,0.3412434,0.3420564,0.350885,0.3391089,0.3399543,0.3431126,0.4053916,0.396169,0.3457839,0.3396152,0.3763822,0.3685912,0.3351819,0.328366,0.3410297,0.3385238,0.3338231,0.3298499,0.3570459,0.3515944,0.3535729,0.3565933,0.3408448,0.3310193,0.3479054,0.3532482
0.3474516,0.3427943,0.322426,0.325122,0.3269846,0.3281174,0.357856,0.3353273,0.3370058,0.3336227,0.330802,0.4364934,0.4661436,0.3591875,0.3828189,0.3419813,0.348308,0.3255426,0.3273225,0.3278068,0.3706634,0.3531344,0.3666826,0.3376406,0.3777331,0.3977761,0.419447,0.3459485,0.3893653,0.3683414,0.4029516,0.4272077,0.4508201,0.3354587,0.3401788,0.3246963,0.32882,0.3389397,0.3440137,0.3441913,0.3515077,0.3358628,0.3341122,0.3309427,0.3338034,0.3214493,0.3307816,0.3192552,0.3270602,0.3614185,0.4016912,0.3649894,0.3574772,0.3691771,0.3897217,0.3521402,0.3584839,0.3458897,0.3489625,0.3422311,0.3249774,0.3408611,0.3437546,0.3329228,0.3309839,0.3265179,0.3323207,0.3303252,0.3366865,0.3336836,0.3426734,0.3355019,0.3397572,0.3798497,0.3803759,0.3213836,0.3356733,0.3606718,0.369308,0.3247058,0.3263185,0.3352397,0.3398699,0.3276772,0.3329783,0.3399331,0.3523996,0.3375266,0.3511973,0.3257143,0.3322211,0.3428316,0.3524413
0.3437542,0.3297776,0.3346985,0.3351375,0.3275006,0.3311959,0.3382517,0.2957698,0.3322389,0.3270063,0.3263027,0.3728731,0.3591875,0.4685416,0.4590353,0.4302916,0.4335338,0.328872,0.3329425,0.3575333,0.3681469,0.3528214,0.3472148,0.3346673,0.3445027,0.3552665,0.3509775,0.3458854,0.3466008,0.3512574,0.3433154,0.3485794,0.3388,0.3429352,0.336143,0.3716732,0.3546933,0.3558837,0.3413788,0.3750275,0.3515685,0.3358679,0.3393206,0.3288422,0.3259687,0.3193623,0.3215711,0.3179208,0.3284054,0.3682994,0.3494407,0.3508868,0.348569,0.3571701,0.3389222,0.3654814,0.3369528,0.346507,0.3236404,0.4301389,0.407723,0.3636671,0.3360099,0.3740848,0.3512311,0.3531562,0.3381493,0.3806859,0.3634029,0.3759383,0.3618205,0.3790818,0.3762803,0.3428429,0.3393573,0.3889929,0.3746695,0.3956463,0.3954076,0.3593921,0.3385046,0.343521,0.3330795,0.3476009,0.3270788,0.3638904,0.3305103,0.3554784,0.3417334,0.3620198,0.3386458,0.3461007,0.3561556
0.3441296,0.3369626,0.3210805,0.3387279,0.3295337,0.3384561,0.3378893,0.3083023,0.3336695,0.3282209,0.3287542,0.3805698,0.3828189,0.4590353,0.4693349,0.4049045,0.4248174,0.3261019,0.3347564,0.3440461,0.3982264,0.3432284,0.3663955,0.3314977,0.3788317,0.3544088,0.3759321,0.3404823,0.376289,0.343454,0.3768547,0.3558049,0.3628575,0.3384498,0.3431496,0.3639007,0.3577908,0.3531416,0.3497227,0.3632385,0.3697272,0.3362824,0.3452242,0.3314977,0.3274972,0.3158883,0.3215718,0.3158417,0.3296651,0.3567213,0.3722906,0.3465855,0.3652183,0.3481611,0.3549159,0.3528602,0.3445838,0.3438586,0.3300744,0.4168366,0.4091597,0.3603724,0.3415162,0.3419222,0.3590187,0.3317428,0.3512523,0.3553501,0.3820776,0.3497874,0.3870761,0.3602137,0.3756829,0.3466533,0.3480293,0.3677556,0.388802,0.3946064,0.4178623,0.3419916,0.3443742,0.3388872,0.338289,0.3372874,0.3305383,0.3593769,0.336014,0.345115,0.3522401,0.3498611,0.3418837,0.3528933,0.3681622
0.3378317,0.3629175,0.3560357,0.3322178,0.366986,0.3652873,0.340698,0.3243048,0.4285086,0.3532369,0.4203896,0.3437315,0.3419813,0.4302916,0.4049045,0.6414506,0.6820245,0.3420879,0.3560839,0.3376802,0.3361977,0.3600124,0.3337362,0.3244278,0.3167661,0.3634427,0.3562137,0.3128969,0.3160821,0.313384,0.3214351,0.3170954,0.3299026,0.424452,0.3860033,0.3711834,0.3370596,0.3910708,0.4032528,0.3813757,0.3538279,0.4034149,0.3914828,0.3857073,0.3615812,0.3470599,0.3491725,0.3433834,0.3352851,0.3607537,0.353432,0.3352602,0.3471031,0.370724,0.3421,0.3966587,0.332884,0.3461881,0.3286574,0.3437588,0.3273719,0.4259008,0.3781656,0.3546206,0.3373525,0.3531492,0.3206522,0.3408375,0.3301284,0.3268461,0.3278058,0.4066761,0.3893626,0.3549956,0.3430431,0.3578709,0.3363217,0.335932,0.3430173,0.3476052,0.3331963,0.3853153,0.3395974,0.389125,0.3448879,0.3916645,0.3398566,0.3502214,0.3281175,0.3547158,0.3432469,0.4624767,0.4736201
0.3428888,0.3525831,0.3391784,0.3308383,0.3658293,0.37513,0.3484446,0.4074262,0.4243596,0.3558313,0.4086739,0.350085,0.348308,0.4335338,0.4248174,0.6820245,0.5935869,0.3290136,0.3469407,0.3286239,0.3537448,0.3581516,0.3618234,0.3152461,0.3309745,0.373772,0.3829542,0.3145976,0.3258891,0.3199684,0.330482,0.3111612,0.3238559,0.4128691,0.4107796,0.3614788,0.330269,0.4001254,0.4323741,0.3793451,0.3744327,0.4032917,0.4148834,0.3810337,0.3774919,0.3432736,0.3453814,0.3349637,0.3299353,0.3797787,0.3865247,0.3425885,0.3747711,0.3901787,0.3663041,0.3926983,0.3482307,0.3430502,0.3262245,0.3533341,0.3398018,0.4490086,0.4112371,0.3575848,0.3317059,0.3442562,0.3222698,0.3480901,0.3314121,0.331761,0.329906,0.378037,0.3822004,0.373857,0.365535,0.3490692,0.3394252,0.3406879,0.3430326,0.3424659,0.3414333,0.3724381,0.356172,0.3815679,0.3641919,0.3866939,0.3480842,0.3499889,0.3325303,0.3486875,0.3557274,0.4941828,0.5875149
0.3316165,0.3384145,0.3606959,0.3335536,0.4020393,0.3699141,0.3392075,0.3230075,0.3779691,0.3635328,0.3394363,0.3285036,0.3255426,0.328872,0.3261019,0.3420879,0.3290136,0.477845,0.4203255,0.3251976,0.3193176,0.3276954,0.325147,0.3196139,0.326712,0.3184127,0.3269739,0.3211868,0.3243565,0.3223416,0.3207143,0.3253576,0.319802,0.325816,0.329876,0.3251777,0.3228723,0.3215098,0.3297065,0.3236582,0.3296293,0.3592977,0.3456392,0.3423611,0.3359518,0.3772171,0.3414877,0.4473034,0.3649111,0.337592,0.3278973,0.3292167,0.3194102,0.3271801,0.3331787,0.3297735,0.3341033,0.3383514,0.341042,0.3191124,0.3229848,0.3216235,0.3266299,0.3397211,0.3280204,0.3713304,0.3318357,0.33547,0.3240754,0.3313957,0.3228216,0.3880942,0.3711129,0.3262082,0.3282489,0.3184377,0.324106,0.3184735,0.3150743,0.3298161,0.3172714,0.328811,0.3261742,0.3331081,0.3230052,0.3233005,0.3266656,0.3230025,0.3216467,0.3224236,0.3207642,0.3126007,0.3250039
0.3238819,0.3453882,0.3444365,0.3649913,0.3787365,0.4022132,0.3367636,0.3213993,0.3532789,0.3836246,0.3394302,0.3285964,0.3273225,0.3329425,0.3347564,0.3560839,0.3469407,0.4203255,0.4594577,0.3220893,0.3270578,0.3245904,0.3292458,0.3252625,0.3329993,0.3248305,0.3308987,0.3242219,0.3291844,0.3248273,0.3263013,0.3294175,0.3285351,0.3301852,0.3375653,0.323368,0.3276046,0.325891,0.3437242,0.3235182,0.3379348,0.3491831,0.3664045,0.3448699,0.3414992,0.3411304,0.3828686,0.3674168,0.441511,0.3323704,0.3314724,0.3274484,0.3195613,0.3279437,0.3379547,0.3236905,0.3455774,0.3293755,0.3471673,0.3291762,0.323882,0.3275308,0.3420675,0.3279501,0.3476143,0.337511,0.3532266,0.3267922,0.3312361,0.3265599,0.326722,0.3617121,0.3873996,0.3277567,0.3325038,0.3260005,0.3300107,0.3275004,0.3215947,0.3257448,0.3337749,0.3291399,0.3306001,0.3356946,0.3348558,0.3229213,0.3368761,0.3221963,0.3295908,0.3261518,0.3284279,0.3351634,0.3288357
0.3605709,0.3199669,0.3271941,0.3248836,0.3239618,0.3165574,0.3548141,0.3221444,0.3325818,0.3011521,0.3234774,0.3520123,0.3278068,0.3575333,0.3440461,0.3376802,0.3286239,0.3251976,0.3220893,0.4559048,0.3278436,0.3901818,0.3331703,0.4341294,0.3352314,0.3332626,0.3287985,0.3942017,0.3338884,0.3639659,0.33642,0.3378345,0.3265031,0.3360175,0.3265525,0.4032228,0.3328485,0.3517388,0.3258695,0.411572,0.322569,0.3274133,0.3210863,0.3218382,0.3158934,0.3196291,0.3165177,0.322836,0.3222269,0.3658004,0.3364861,0.3569369,0.3373116,0.3456223,0.3327737,0.369682,0.3259114,0.3672641,0.3252993,0.3427396,0.3340126,0.3396207,0.3275116,0.3428458,0.3233624,0.3253925,0.3257526,0.3649693,0.3352124,0.3829847,0.3384948,0.3305498,0.3311681,0.337449,0.3334725,0.4252201,0.3355597,0.3484826,0.3530181,0.3620995,0.3236868,0.3391373,0.3233108,0.3441432,0.3224615,0.3599277,0.3224435,0.3839464,0.3278887,0.381951,0.3213305,0.3499145,0.3243648
0.3417902,0.3481154,0.3196727,0.3413908,0.3284824,0.3360525,0.3414476,0.3223389,0.326744,0.3050037,0.3183236,0.3446304,0.3706634,0.3681469,0.3982264,0.3361977,0.3537448,0.3193176,0.3270578,0.3278436,0.5081741,0.3389862,0.412722,0.3379649,0.4818203,0.3321338,0.3627563,0.333744,0.4174718,0.337687,0.391243,0.3398328,0.3623137,0.3265932,0.3494522,0.3387627,0.3614725,0.3351099,0.3427417,0.3358183,0.4178417,0.331653,0.3365972,0.3241253,0.3210118,0.3209037,0.3221615,0.3145128,0.324413,0.3384255,0.3940259,0.3462061,0.3737361,0.3305189,0.3813642,0.3353392,0.3953506,0.3466678,0.3856937,0.3770192,0.3705051,0.3330385,0.342866,0.3309941,0.3496474,0.3195588,0.3278988,0.3365195,0.3874585,0.3302676,0.4049796,0.327628,0.3402705,0.3418853,0.3601879,0.3433762,0.4051086,0.3468759,0.3712337,0.3319123,0.3610068,0.3327122,0.3457938,0.3249102,0.3368135,0.3373234,0.3712195,0.3405036,0.3941717,0.3352879,0.3595116,0.3317026,0.3436759
0.3516763,0.3196667,0.3202966,0.3327497,0.3320378,0.327158,0.3622433,0.3157153,0.3389892,0.3206378,0.3225247,0.3699734,0.3531344,0.3528214,0.3432284,0.3600124,0.3581516,0.3276954,0.3245904,0.3901818,0.3389862,0.5386146,0.3166469,0.450118,0.3311238,0.4274041,0.3579097,0.3930585,0.3369267,0.3679641,0.3350566,0.3513316,0.3442755,0.3490326,0.3308249,0.3514387,0.3334072,0.3521705,0.3211134,0.4127028,0.3220873,0.339275,0.3258883,0.321208,0.329747,0.3331135,0.3340636,0.3217225,0.3242372,0.4597068,0.3258548,0.5611627,0.3240284,0.4492406,0.336407,0.4963631,0.3239589,0.3922595,0.3384522,0.3387338,0.3297395,0.3489244,0.3249156,0.3469114,0.337882,0.3311731,0.3220144,0.3526662,0.333121,0.3541804,0.3311521,0.3330569,0.3252277,0.4115726,0.3602714,0.3821868,0.3340252,0.3397566,0.3282432,0.3356468,0.3302055,0.3543764,0.3270987,0.3464481,0.3208596,0.3808998,0.3391235,0.3980628,0.3415081,0.3547904,0.3288423,0.3202824,0.3387701
0.3746868,0.3636176,0.3131241,0.3190736,0.3348842,0.3421196,0.335078,0.4584784,0.3363868,0.3142384,0.3329526,0.3549322,0.3666826,0.3472148,0.3663955,0.3337362,0.3618234,0.325147,0.3292458,0.3331703,0.412722,0.3166469,0.5535598,0.3291781,0.4609438,0.3375905,0.4057818,0.341141,0.4242437,0.3523022,0.389757,0.3736763,0.372058,0.3490962,0.393138,0.3417789,0.4057702,0.3468257,0.3735491,0.3484912,0.4648324,0.3417232,0.3476316,0.3316458,0.3260917,0.323026,0.3211877,0.3262222,0.3212602,0.3414458,0.510948,0.3133118,0.5535753,0.3482028,0.480196,0.3402437,0.5172807,0.3872797,0.4515335,0.3486705,0.3408877,0.3587765,0.3965473,0.3144703,0.3261762,0.3162787,0.3259938,0.3294022,0.3580439,0.3284168,0.372764,0.3256398,0.3411004,0.3771778,0.4273601,0.32844,0.3896759,0.3332401,0.3512235,0.326479,0.3401624,0.3474268,0.3922215,0.3291454,0.3741992,0.3612871,0.4199402,0.3373946,0.4255347,0.3322616,0.399765,0.3483469,0.3745707
0.3386234,0.3161944,0.3169246,0.331634,0.3242864,0.3200457,0.3415968,0.3205742,0.3351939,0.2928115,0.3240547,0.3572232,0.3376406,0.3346673,0.3314977,0.3244278,0.3152461,0.3196139,0.3252625,0.4341294,0.3379649,0.450118,0.3291781,0.4751564,0.3327477,0.3575197,0.3305928,0.4217531,0.3346616,0.3794704,0.3372988,0.3524661,0.3404588,0.3305314,0.3274733,0.3512857,0.3389657,0.3372109,0.3227793,0.3913296,0.3238139,0.3284077,0.3218127,0.3167976,0.31703,0.3182884,0.3239195,0.3206836,0.3276472,0.3678755,0.3329299,0.418187,0.3312004,0.3667849,0.3336577,0.397466,0.3282495,0.3658428,0.3280463,0.3355771,0.3331922,0.3328118,0.3284537,0.3297217,0.3332214,0.3221227,0.3303609,0.3439348,0.3344295,0.3623509,0.3347021,0.3255706,0.3296962,0.3514848,0.3389373,0.3672232,0.3369961,0.3420335,0.3370804,0.3341807,0.3268538,0.3339621,0.3242307,0.3308181,0.3267725,0.3526694,0.3256252,0.3724072,0.3312037,0.3467171,0.326271,0.3232517,0.3218732
0.3439537,0.3389158,0.3280261,0.334658,0.3332316,0.3396197,0.3559091,0.3587601,0.327544,0.3079277,0.3250622,0.3555548,0.3777331,0.3445027,0.3788317,0.3167661,0.3309745,0.326712,0.3329993,0.3352314,0.4818203,0.3311238,0.4609438,0.3327477,0.5646333,0.3585031,0.3979445,0.3352673,0.4712861,0.3498179,0.4135745,0.3582139,0.3833036,0.3269619,0.3522966,0.3353755,0.3501961,0.3292362,0.3441726,0.3424611,0.4071892,0.3313319,0.3412018,0.3282425,0.3277451,0.3225026,0.3300143,0.3251545,0.3245408,0.3593016,0.4198548,0.3341123,0.4069122,0.347799,0.4066799,0.3392325,0.4038854,0.3618212,0.383311,0.3471733,0.3469289,0.334632,0.3520266,0.3239864,0.3334568,0.3112219,0.3187062,0.3275148,0.3780202,0.3236483,0.3995212,0.3198014,0.3329435,0.3609649,0.3806839,0.3323379,0.3805814,0.3376509,0.3634642,0.3179807,0.3560252,0.3328804,0.3397838,0.3284579,0.3395201,0.3455815,0.3664961,0.3455094,0.3600474,0.3297431,0.3540333,0.3318404,0.3388322
0.3310566,0.3408042,0.324698,0.3290773,0.3264664,0.3336859,0.3845045,0.3076328,0.3265633,0.3419601,0.3261009,0.4296854,0.3977761,0.3552665,0.3544088,0.3634427,0.373772,0.3184127,0.3248305,0.3332626,0.3321338,0.4274041,0.3375905,0.3575197,0.3585031,0.5152273,0.5007935,0.357322,0.3524993,0.3851401,0.3509083,0.4069331,0.4068936,0.3387917,0.3341526,0.3416803,0.3202952,0.3407003,0.3430377,0.3740849,0.3366489,0.3348487,0.3326904,0.3232849,0.3292463,0.3216351,0.3401112,0.3142917,0.3287249,0.4850897,0.3718628,0.4370236,0.3380437,0.5034107,0.4059641,0.4227617,0.3348481,0.3685374,0.3456183,0.3250888,0.3062906,0.3438504,0.3349141,0.3470595,0.3299348,0.3194803,0.3235796,0.3421556,0.3186618,0.3384633,0.3158979,0.3237416,0.3246799,0.4894657,0.4427805,0.3449744,0.323143,0.3507619,0.3296112,0.3292125,0.323161,0.3440412,0.3306436,0.3425995,0.3226155,0.3582226,0.3538995,0.3645779,0.3454475,0.3401138,0.3203522,0.3384163,0.3633847
0.3429985,0.3628676,0.3211992,0.3187407,0.3369601,0.3389019,0.3721893,0.3602338,0.3471105,0.3440547,0.3295336,0.4279936,0.419447,0.3509775,0.3759321,0.3562137,0.3829542,0.3269739,0.3308987,0.3287985,0.3627563,0.3579097,0.4057818,0.3305928,0.3979445,0.5007935,0.5700808,0.3438918,0.3918387,0.3715594,0.3843879,0.4032414,0.430464,0.3306239,0.3619249,0.3262878,0.329076,0.3358637,0.378746,0.3434427,0.378582,0.3409267,0.3441641,0.3283128,0.3398651,0.3237696,0.3310947,0.3170097,0.3336087,0.384539,0.4929557,0.3632363,0.3640781,0.4226814,0.4915486,0.3538766,0.3812083,0.3581118,0.3573114,0.327083,0.3144204,0.340704,0.3672766,0.3336342,0.3174991,0.3228984,0.3251372,0.3357021,0.322839,0.3345515,0.3210728,0.3268467,0.3331432,0.4812006,0.4908604,0.3252787,0.3358073,0.341367,0.3436179,0.323325,0.3204817,0.3354774,0.3528593,0.3260734,0.3320142,0.3402682,0.3668688,0.3518489,0.3549702,0.3244738,0.3363912,0.3488834,0.3796152
0.3378287,0.3233966,0.3087198,0.3326831,0.3189012,0.3170756,0.3286424,0.323282,0.3208858,0.3062763,0.3172699,0.3736576,0.3459485,0.3458854,0.3404823,0.3128969,0.3145976,0.3211868,0.3242219,0.3942017,0.333744,0.3930585,0.341141,0.4217531,0.3352673,0.357322,0.3438918,0.4408717,0.3408694,0.4092089,0.3482219,0.3739297,0.3491333,0.3201118,0.3271964,0.3418474,0.328935,0.3275654,0.3226693,0.3613636,0.3297408,0.3193507,0.3206261,0.3131346,0.3205234,0.3171633,0.3232725,0.3217391,0.3259627,0.3824675,0.3478256,0.3804975,0.3377616,0.3611429,0.3480805,0.3603628,0.3406628,0.3506615,0.3312752,0.3413894,0.3359425,0.3258514,0.3274062,0.3256436,0.3368284,0.3188462,0.3357789,0.3476073,0.3367311,0.3798104,0.3375919,0.3258478,0.3301709,0.3522463,0.3461514,0.350381,0.334931,0.3653023,0.3494382,0.3257627,0.3278424,0.3251715,0.3284824,0.3193031,0.3276091,0.3394481,0.3341308,0.3387786,0.3374836,0.3283153,0.3267705,0.3244106,0.3171701
0.3495333,0.3273915,0.3183506,0.3271996,0.3247789,0.3260716,0.3392942,0.3524076,0.3293502,0.3141528,0.3252195,0.3595169,0.3893653,0.3466008,0.376289,0.3160821,0.3258891,0.3243565,0.3291844,0.3338884,0.4174718,0.3369267,0.4242437,0.3346616,0.4712861,0.3524993,0.3918387,0.3408694,0.4498235,0.3559865,0.4195688,0.3674464,0.3893968,0.3302125,0.3440287,0.3300665,0.3430094,0.3311194,0.3431581,0.3405764,0.3689667,0.3281394,0.3297261,0.3283194,0.3243853,0.3228421,0.3263215,0.3201714,0.3283814,0.3627442,0.4174917,0.3459519,0.3986373,0.3459305,0.3869065,0.3401659,0.3764873,0.3510734,0.3473053,0.3456444,0.3383512,0.3355342,0.3468418,0.3242943,0.3330036,0.319208,0.3287338,0.3325012,0.3631612,0.3327869,0.3895619,0.3256431,0.3367631,0.3561299,0.3653699,0.3320948,0.3635733,0.3538239,0.3751094,0.320159,0.3404185,0.3361865,0.3373441,0.3263795,0.3318166,0.3521671,0.3484704,0.3432575,0.3486519,0.3280856,0.3377649,0.3255,0.3387055
0.3347273,0.3211361,0.3120416,0.3305406,0.3195512,0.3202168,0.3357497,0.3189178,0.3162564,0.3106522,0.3226492,0.3948905,0.3683414,0.3512574,0.343454,0.313384,0.3199684,0.3223416,0.3248273,0.3639659,0.337687,0.3679641,0.3523022,0.3794704,0.3498179,0.3851401,0.3715594,0.4092089,0.3559865,0.4252475,0.3578085,0.4144913,0.3761736,0.3249896,0.3266358,0.3346019,0.3262671,0.3260379,0.3208606,0.3532178,0.3340032,0.3229291,0.3216044,0.319374,0.3226184,0.3184634,0.3246346,0.3199837,0.3277807,0.4044958,0.3589951,0.3642824,0.3450141,0.3762912,0.3635489,0.3560611,0.3487591,0.3472746,0.3392176,0.3426315,0.3279247,0.3288806,0.3269044,0.3238645,0.3303934,0.3126747,0.3285506,0.3415293,0.328237,0.3692374,0.3298506,0.3241846,0.3296378,0.3658036,0.3603083,0.3409393,0.3305294,0.3822967,0.3557523,0.325294,0.3252231,0.3297767,0.3315102,0.3261258,0.3286199,0.3431205,0.3391427,0.3411186,0.3435349,0.3306903,0.32603,0.3199458,0.3229228
0.3369272,0.3304138,0.3191303,0.3262322,0.3219988,0.3243556,0.3274614,0.3423622,0.3326086,0.322985,0.3234537,0.3642489,0.4029516,0.3433154,0.3768547,0.3214351,0.330482,0.3207143,0.3263013,0.33642,0.391243,0.3350566,0.389757,0.3372988,0.4135745,0.3509083,0.3843879,0.3482219,0.4195688,0.3578085,0.4347377,0.3772936,0.4117573,0.3234021,0.3388398,0.3277938,0.3301872,0.325384,0.3397087,0.3340028,0.3577921,0.3264042,0.3302679,0.3268451,0.3289596,0.3204116,0.3284028,0.3160211,0.328533,0.3472573,0.4037224,0.345829,0.3763948,0.3372827,0.3654449,0.3312192,0.3497542,0.335424,0.3293467,0.3377398,0.3378144,0.3276629,0.3377196,0.3234597,0.3352267,0.3182268,0.3311074,0.3239827,0.3573412,0.3289544,0.3818039,0.3233728,0.333875,0.345287,0.3471821,0.3254338,0.3518645,0.3714461,0.4061969,0.3201836,0.332622,0.3316348,0.3365248,0.3240403,0.3291871,0.3384621,0.3407698,0.3384728,0.3468498,0.3272316,0.3317199,0.3249674,0.3365456
0.3313184,0.3383381,0.3180155,0.3292612,0.3214033,0.3194632,0.3363712,0.3310336,0.3197847,0.3169651,0.324487,0.4385746,0.4272077,0.3485794,0.3558049,0.3170954,0.3111612,0.3253576,0.3294175,0.3378345,0.3398328,0.3513316,0.3736763,0.3524661,0.3582139,0.4069331,0.4032414,0.3739297,0.3674464,0.4144913,0.3772936,0.477222,0.4436114,0.3277909,0.333094,0.3223367,0.3344676,0.3229389,0.3308406,0.3427826,0.3489372,0.3278876,0.320985,0.3240216,0.3254597,0.3192832,0.3281303,0.3207885,0.3340638,0.3838234,0.38773,0.3596655,0.3634672,0.3733805,0.3872398,0.347255,0.3654629,0.3412797,0.3515441,0.3321363,0.3187861,0.3270595,0.3349817,0.3200084,0.3324454,0.3165972,0.3348544,0.3271605,0.3334268,0.3437635,0.3331577,0.329952,0.3351212,0.3741313,0.3762701,0.3289545,0.3334052,0.3747247,0.3617987,0.326244,0.3200404,0.3318717,0.3393878,0.3279515,0.3290866,0.3397468,0.347615,0.3376506,0.3587341,0.3274646,0.3287018,0.3132741,0.3283237
0.3321373,0.3504162,0.3170099,0.3240338,0.3230754,0.3271489,0.3306379,0.3453568,0.3337103,0.3310851,0.3278894,0.4076422,0.4508201,0.3388,0.3628575,0.3299026,0.3238559,0.319802,0.3285351,0.3265031,0.3623137,0.3442755,0.372058,0.3404588,0.3833036,0.4068936,0.430464,0.3491333,0.3893968,0.3761736,0.4117573,0.4436114,0.4743342,0.3304273,0.3417283,0.3086005,0.3249205,0.3230616,0.3416408,0.3344598,0.3575801,0.3300834,0.3288747,0.3277297,0.3330421,0.3186229,0.3289804,0.3125559,0.3305749,0.3622893,0.4155571,0.3551659,0.3516375,0.3610028,0.3980199,0.344658,0.3617747,0.3336952,0.3448761,0.3214778,0.315477,0.3266114,0.340474,0.3167804,0.3273926,0.3139412,0.3318119,0.3169357,0.325172,0.3263496,0.3288893,0.3243773,0.3341264,0.367669,0.3742891,0.313643,0.3268375,0.3634439,0.3650406,0.3142985,0.3159178,0.3359213,0.3415002,0.3227708,0.3288454,0.3381505,0.3528369,0.3390767,0.3508715,0.3142777,0.3243563,0.3216455,0.3347787
0.4949618,0.3615677,0.3369465,0.3266479,0.3809665,0.3621515,0.4390894,0.3414562,0.4364767,0.3832748,0.4543507,0.338002,0.3354587,0.3429352,0.3384498,0.424452,0.4128691,0.325816,0.3301852,0.3360175,0.3265932,0.3490326,0.3490962,0.3305314,0.3269619,0.3387917,0.3306239,0.3201118,0.3302125,0.3249896,0.3234021,0.3277909,0.3304273,0.4814131,0.3749368,0.3890885,0.345052,0.470089,0.388368,0.4182584,0.355304,0.4471843,0.3874216,0.4505076,0.3686937,0.3514151,0.3401355,0.3277438,0.3290335,0.3471923,0.3452023,0.3380275,0.3490096,0.3693211,0.350728,0.4146839,0.376696,0.4277534,0.3830007,0.3334419,0.3235131,0.4746691,0.3954752,0.3271587,0.3249069,0.3278673,0.3180912,0.327805,0.320198,0.3233096,0.3225527,0.3398089,0.3314392,0.3580775,0.3481547,0.3440841,0.3282536,0.3253327,0.3189052,0.336183,0.3216777,0.4567267,0.3665145,0.3941103,0.3533838,0.4564187,0.3728486,0.3850384,0.3608387,0.3615972,0.3444811,0.4632027,0.4025084
0.3848306,0.4556004,0.31868,0.3354813,0.3631121,0.3769718,0.3912722,0.5239746,0.3942073,0.3746668,0.3738816,0.337955,0.3401788,0.336143,0.3431496,0.3860033,0.4107796,0.329876,0.3375653,0.3265525,0.3494522,0.3308249,0.393138,0.3274733,0.3522966,0.3341526,0.3619249,0.3271964,0.3440287,0.3266358,0.3388398,0.333094,0.3417283,0.3749368,0.4681949,0.3533188,0.395382,0.3793927,0.4792736,0.3637449,0.4237744,0.3781038,0.4258373,0.3699655,0.42271,0.3358874,0.3399347,0.3295206,0.3297943,0.326899,0.3902694,0.3276431,0.3707063,0.3524279,0.4089075,0.3611187,0.4368857,0.402389,0.4354515,0.3302485,0.3257366,0.4078992,0.4712329,0.3200451,0.3276489,0.3223943,0.3293461,0.3227525,0.3261075,0.3163839,0.3267524,0.3377633,0.3469844,0.3687596,0.3893639,0.3327147,0.3518831,0.3245938,0.3266743,0.3244275,0.3346978,0.3619552,0.4364997,0.3437916,0.4021978,0.3753034,0.4410395,0.3476236,0.4107548,0.3345956,0.4017984,0.4144028,0.4687572
0.4235561,0.3607995,0.3425186,0.3204262,0.3446488,0.335299,0.43521,0.3269551,0.3457134,0.3498038,0.3574686,0.3511864,0.3246963,0.3716732,0.3639007,0.3711834,0.3614788,0.3251777,0.323368,0.4032228,0.3387627,0.3514387,0.3417789,0.3512857,0.3353755,0.3416803,0.3262878,0.3418474,0.3300665,0.3346019,0.3277938,0.3223367,0.3086005,0.3890885,0.3533188,0.4642263,0.3474026,0.42843,0.3709663,0.4244795,0.3541341,0.3729999,0.3540419,0.3671084,0.3417112,0.3331289,0.3277002,0.3331901,0.321866,0.35301,0.3317291,0.3555432,0.3468919,0.3716445,0.3403388,0.3781843,0.3605831,0.3994041,0.3808146,0.3753714,0.3585503,0.3997241,0.3707407,0.3399861,0.3285171,0.3363998,0.3246294,0.3784403,0.3455351,0.3648209,0.3479641,0.3448377,0.3361292,0.3626258,0.3480159,0.5192979,0.3516757,0.3462189,0.3520427,0.3852787,0.3290438,0.3878525,0.3564067,0.4023649,0.3401412,0.3849216,0.3714496,0.3589689,0.3733341,0.4905037,0.3411369,0.4168814,0.3450596
0.3670433,0.3870993,0.2987545,0.3419687,0.3232711,0.332766,0.3316677,0.460161,0.3316785,0.3155201,0.3277797,0.3310263,0.32882,0.3546933,0.3577908,0.3370596,0.330269,0.3228723,0.3276046,0.3328485,0.3614725,0.3334072,0.4057702,0.3389657,0.3501961,0.3202952,0.329076,0.328935,0.3430094,0.3262671,0.3301872,0.3344676,0.3249205,0.345052,0.395382,0.3474026,0.4634117,0.3425366,0.3702192,0.3533148,0.4304638,0.3294838,0.3437583,0.3361406,0.3511571,0.3124102,0.3210245,0.3134173,0.3174064,0.3293011,0.3994784,0.3289911,0.3786379,0.3418508,0.4103324,0.3695771,0.4390702,0.40268,0.4254844,0.3688477,0.3575656,0.3530461,0.3925583,0.3099917,0.347855,0.3173477,0.3318873,0.3242386,0.3568645,0.3244763,0.3507318,0.3321454,0.3422729,0.3590245,0.3862794,0.3383693,0.5242051,0.3335323,0.3407069,0.3213019,0.3582885,0.3544657,0.4094496,0.3403229,0.4061616,0.3689289,0.4099608,0.3505028,0.400627,0.3337171,0.478575,0.3092457,0.3728008
0.538845,0.3746619,0.3339024,0.3289958,0.3732859,0.3669251,0.4718533,0.3267088,0.403638,0.3977085,0.4101439,0.3428058,0.3389397,0.3558837,0.3531416,0.3910708,0.4001254,0.3215098,0.325891,0.3517388,0.3351099,0.3521705,0.3468257,0.3372109,0.3292362,0.3407003,0.3358637,0.3275654,0.3311194,0.3260379,0.325384,0.3229389,0.3230616,0.470089,0.3793927,0.42843,0.3425366,0.5073391,0.4087412,0.4447361,0.3585308,0.4256534,0.3989649,0.4222954,0.3637613,0.3397795,0.3406253,0.3219934,0.3237765,0.3464503,0.3390177,0.3505117,0.3556808,0.3651486,0.3434724,0.4059132,0.3674276,0.4431344,0.3837919,0.3397586,0.3278022,0.5179398,0.4101701,0.3344252,0.3293604,0.3279322,0.3162249,0.3354522,0.3283286,0.3312218,0.3321283,0.3348953,0.3320813,0.3596969,0.3469761,0.3904434,0.336618,0.325993,0.3246731,0.3500332,0.3246085,0.4378361,0.3694088,0.3898667,0.358374,0.4416828,0.3706311,0.3834396,0.3666099,0.3865053,0.3481179,0.5656084,0.4203905
0.410217,0.5723094,0.3263858,0.33055,0.3805043,0.3788383,0.4589964,0.4285998,0.4398841,0.3936635,0.3990976,0.3465698,0.3440137,0.3413788,0.3497227,0.4032528,0.4323741,0.3297065,0.3437242,0.3258695,0.3427417,0.3211134,0.3735491,0.3227793,0.3441726,0.3430377,0.378746,0.3226693,0.3431581,0.3208606,0.3397087,0.3308406,0.3416408,0.388368,0.4792736,0.3709663,0.3702192,0.4087412,0.552187,0.3745921,0.4465015,0.4169389,0.4300936,0.3925355,0.4132192,0.3398382,0.340138,0.3248154,0.3344791,0.3158231,0.3750478,0.3139104,0.3593472,0.3520192,0.3862347,0.3537459,0.4132472,0.4105271,0.4502721,0.3178733,0.3142177,0.4468138,0.5200574,0.324273,0.3337557,0.3235431,0.3236263,0.3244685,0.3323255,0.3141619,0.3301027,0.3359332,0.344633,0.3656504,0.3789291,0.3389819,0.3733844,0.3245777,0.3298666,0.3305121,0.3445409,0.3671292,0.4231183,0.3503498,0.3886636,0.3818765,0.4494182,0.3464258,0.403918,0.3422743,0.3942155,0.4544943,0.5327301
0.5365758,0.3440686,0.3276815,0.3363519,0.3510399,0.3499018,0.5261117,0.328833,0.359337,0.345383,0.3642394,0.3730602,0.3441913,0.3750275,0.3632385,0.3813757,0.3793451,0.3236582,0.3235182,0.411572,0.3358183,0.4127028,0.3484912,0.3913296,0.3424611,0.3740849,0.3434427,0.3613636,0.3405764,0.3532178,0.3340028,0.3427826,0.3344598,0.4182584,0.3637449,0.4244795,0.3533148,0.4447361,0.3745921,0.4915575,0.3410591,0.3824296,0.3681418,0.3790231,0.3504458,0.3303424,0.3327779,0.320083,0.3187682,0.3879399,0.339343,0.3841665,0.3528018,0.4301662,0.3468113,0.4956011,0.3627524,0.5159667,0.3868928,0.3622261,0.3472381,0.4367316,0.3874722,0.3423182,0.3345726,0.3190153,0.3249477,0.3585562,0.3429846,0.3642077,0.3429268,0.3346052,0.3366438,0.4007138,0.3651494,0.4191519,0.3530317,0.3511126,0.3480859,0.3539175,0.3329921,0.4094752,0.3566724,0.3719979,0.3562787,0.4872921,0.3660728,0.4289766,0.3592552,0.38482,0.3506116,0.4488532,0.3602155
0.3575183,0.5210826,0.3138657,0.326923,0.3460945,0.361897,0.3575828,0.4224121,0.3732958,0.3387405,0.3491844,0.3461275,0.3515077,0.3515685,0.3697272,0.3538279,0.3744327,0.3296293,0.3379348,0.322569,0.4178417,0.3220873,0.4648324,0.3238139,0.4071892,0.3366489,0.378582,0.3297408,0.3689667,0.3340032,0.3577921,0.3489372,0.3575801,0.355304,0.4237744,0.3541341,0.4304638,0.3585308,0.4465015,0.3410591,0.4995739,0.3600603,0.3752892,0.3451354,0.3700962,0.3235623,0.3208774,0.3230776,0.3223993,0.3317614,0.4262635,0.3233794,0.4107985,0.3407533,0.454885,0.3436038,0.5019988,0.3944191,0.5112419,0.3487458,0.3358035,0.3776154,0.4200385,0.3171209,0.3345996,0.3217163,0.3239245,0.326961,0.3516361,0.3214389,0.355542,0.3274102,0.339812,0.3715382,0.4148879,0.3381093,0.4060182,0.3331408,0.3453225,0.3265079,0.342286,0.3499739,0.4162591,0.3334641,0.3823934,0.3491695,0.4757229,0.3416068,0.4512433,0.3359321,0.4094692,0.3568701,0.4078774
0.4441364,0.3833735,0.3425455,0.3241223,0.4400572,0.3885928,0.435273,0.3395331,0.5293069,0.4014394,0.4885815,0.3423398,0.3358628,0.3358679,0.3362824,0.4034149,0.4032917,0.3592977,0.3491831,0.3274133,0.331653,0.339275,0.3417232,0.3284077,0.3313319,0.3348487,0.3409267,0.3193507,0.3281394,0.3229291,0.3264042,0.3278876,0.3300834,0.4471843,0.3781038,0.3729999,0.3294838,0.4256534,0.4169389,0.3824296,0.3600603,0.4998296,0.4050824,0.4654986,0.3733959,0.3725383,0.3443888,0.3587623,0.3386025,0.3265072,0.342839,0.3275875,0.3414257,0.3522397,0.3523567,0.3749841,0.371734,0.4055083,0.3934756,0.3237811,0.3170786,0.4338829,0.4157596,0.3308949,0.3317508,0.335661,0.3200241,0.3225204,0.327317,0.3207009,0.3259727,0.3505095,0.33856,0.3554946,0.356944,0.3196266,0.3357446,0.3298195,0.3249058,0.3286641,0.3299736,0.4124111,0.3580004,0.3717231,0.3453622,0.3927847,0.3725163,0.3582816,0.3595358,0.3432154,0.3393978,0.4072165,0.414327
0.3857197,0.4127964,0.3205343,0.3425597,0.4045611,0.4618199,0.4049713,0.3902703,0.394376,0.5367699,0.3982261,0.337705,0.3341122,0.3393206,0.3452242,0.3914828,0.4148834,0.3456392,0.3664045,0.3210863,0.3365972,0.3258883,0.3476316,0.3218127,0.3412018,0.3326904,0.3441641,0.3206261,0.3297261,0.3216044,0.3302679,0.320985,0.3288747,0.3874216,0.4258373,0.3540419,0.3437583,0.3989649,0.4300936,0.3681418,0.3752892,0.4050824,0.4942726,0.4091629,0.4462574,0.3459947,0.3685246,0.3372177,0.3522151,0.3239562,0.3464065,0.3231133,0.3391734,0.354132,0.3693228,0.3525772,0.3893894,0.3981541,0.4037271,0.3261937,0.3210809,0.4151993,0.4323897,0.3188863,0.3372185,0.3211804,0.3290473,0.3211244,0.3255116,0.3196496,0.3258341,0.3412766,0.3606195,0.3658463,0.3743109,0.3244844,0.3343247,0.325666,0.3240772,0.323395,0.335346,0.3576096,0.3941526,0.3406417,0.3760267,0.3571019,0.3987831,0.3436422,0.3745343,0.3287929,0.3532205,0.4711729,0.404045
