0.6974161,0.3017823,0.237317,0.2255737,0.3126775,0.275665,0.657478,0.2859092,0.3310537,0.2911465,0.3565375,0.2624232,0.2461611,0.250166,0.2402508,0.2336004,0.2422288,0.2493813,0.2338873,0.2909476,0.2432874,0.2707092,0.2625079,0.2588657,0.2345556,0.2532489,0.2564884,0.2307122,0.2322247,0.2276449,0.2285511,0.2289598,0.2283747,0.436187,0.3069127,0.3767762,0.2513981,0.4996022,0.3534956,0.4962395,0.2664514,0.3862275,0.3110509,0.3949562,0.2695871,0.2543469,0.2362191,0.2417335,0.2285086,0.2739881,0.2498697,0.2676838,0.261676,0.3659301,0.2793425,0.4416817,0.3255663,0.5864633,0.4170082,0.2461405,0.2345893,0.4689369,0.396473,0.2374447,0.224647,0.2367306,0.2296822,0.242981,0.2362619,0.2368036,0.2397252,0.2429101,0.2444226,0.3625021,0.3271948,0.3399023,0.2489059,0.2375935,0.2401156,0.2285775,0.2316159,0.4316747,0.288663,0.3082621,0.2803625,0.5744935,0.3381158,0.3996854,0.2999254,0.3061731,0.2657037,0.5406522,0.2891727
0.3017823,0.6387621,0.2280831,0.2204084,0.2603968,0.2724148,0.3924195,0.2623602,0.3314623,0.2874551,0.2696592,0.2546399,0.248961,0.230772,0.2468374,0.2454357,0.2597325,0.230674,0.2254429,0.2256889,0.2739248,0.2418001,0.2906704,0.2330013,0.2580762,0.2642654,0.284959,0.2376163,0.2476721,0.2296322,0.2378923,0.2404834,0.2492816,0.2814685,0.4046405,0.2426175,0.2990606,0.3153626,0.5409747,0.2663437,0.4893367,0.2954763,0.3240595,0.2613242,0.3594886,0.2430018,0.2305124,0.2316209,0.2296636,0.2332254,0.2596804,0.2402514,0.2623864,0.2569521,0.351908,0.2762351,0.4281558,0.3684855,0.5324717,0.2206106,0.2289166,0.3596185,0.4102635,0.2237846,0.2260027,0.2237965,0.2194021,0.2240923,0.2438825,0.2257994,0.2403976,0.2243494,0.2319413,0.3159833,0.35417,0.2332965,0.2906247,0.2221853,0.2243914,0.2308698,0.2323778,0.2534043,0.3766973,0.2458639,0.2985027,0.2829492,0.517515,0.2604866,0.4130804,0.234222,0.3033203,0.2850413,0.3787046
0.237317,0.2280831,0.4579655,0.2226672,0.2689817,0.2571648,0.235917,0.2201984,0.2466565,0.2388474,0.2494475,0.2179488,0.2160081,0.2520683,0.2256523,0.2729549,0.2507245,0.2939783,0.2773111,0.2384202,0.2204704,0.2313899,0.2123514,0.2223142,0.2159526,0.2226062,0.2181547,0.2208603,0.2169941,0.2199623,0.2174708,0.2169498,0.21397,0.2530113,0.221777,0.25038,0.2317324,0.2454985,0.2271185,0.2385193,0.2239173,0.2552761,0.2378237,0.2686101,0.2209647,0.3180158,0.2314945,0.324677,0.2515741,0.2284076,0.2081653,0.2299749,0.2175182,0.2315924,0.215396,0.2432968,0.2147322,0.2399383,0.2248601,0.2347136,0.222501,0.2468026,0.2244281,0.3622462,0.2220445,0.3331322,0.2317695,0.262311,0.2281185,0.2377583,0.225513,0.2888803,0.2610492,0.232409,0.2228629,0.2550538,0.2296284,0.2249599,0.2208873,0.2965246,0.2227168,0.2481483,0.2172928,0.3017921,0.2196558,0.2375247,0.2233878,0.2391995,0.2243817,0.2751106,0.2225776,0.2225735,0.2440734
0.2255737,0.2204084,0.2226672,0.4406537,0.2283259,0.2561572,0.2201381,0.2488815,0.217361,0.2220751,0.2214094,0.2271089,0.2274761,0.2397867,0.2496884,0.2549631,0.2506374,0.2419498,0.290316,0.2139945,0.2437942,0.2193892,0.2314877,0.2186803,0.2281066,0.22093,0.2251144,0.2256602,0.2320683,0.2253374,0.2277439,0.2289044,0.2247858,0.2285359,0.2573135,0.2202804,0.259795,0.2286128,0.2320473,0.2256334,0.2306395,0.2231081,0.2588718,0.2295148,0.3096635,0.2252903,0.3368827,0.2314097,0.3312197,0.216287,0.2293077,0.2199471,0.2336139,0.2215126,0.2243081,0.2232946,0.224048,0.2250808,0.2218112,0.2383525,0.2454322,0.2302961,0.2368459,0.2248284,0.3855874,0.2290607,0.3349259,0.2271014,0.2761799,0.2280181,0.2563235,0.2510702,0.2935306,0.2238394,0.225756,0.2256451,0.2598934,0.2281568,0.2319994,0.2301701,0.3250971,0.2297057,0.2473806,0.2249523,0.2924454,0.2244664,0.2218083,0.2247341,0.2305353,0.2238532,0.2790514,0.2282893,0.2427146
0.3126775,0.2603968,0.2689817,0.2283259,0.4125738,0.3580053,0.3191122,0.2964483,0.375683,0.3523568,0.3486687,0.2421173,0.2276929,0.2609966,0.2473852,0.3036615,0.2979044,0.3731332,0.3341452,0.2402871,0.2263561,0.2401542,0.2191197,0.2345788,0.2226524,0.2454015,0.2376026,0.2265161,0.218436,0.2258599,0.2156253,0.2268284,0.2189378,0.3199379,0.2825328,0.2821402,0.2416686,0.3167787,0.2966093,0.2891099,0.2442828,0.3705407,0.3275555,0.3471687,0.2599196,0.3156442,0.2501982,0.3607494,0.2777148,0.2523732,0.2191141,0.243532,0.2223621,0.2697957,0.2381999,0.2751531,0.2458473,0.2980524,0.2761179,0.227147,0.2269481,0.3133463,0.3051128,0.2570982,0.2310484,0.2838787,0.249629,0.2324174,0.2347903,0.229103,0.2210592,0.3023612,0.2988295,0.265231,0.2562064,0.2577192,0.24349,0.2206868,0.2152064,0.2438075,0.2277202,0.2868163,0.2589933,0.2687171,0.2463823,0.283762,0.2568511,0.2683679,0.2475681,0.2617673,0.2366061,0.3284888,0.314873
0.275665,0.2724148,0.2571648,0.2561572,0.3580053,0.424942,0.2993248,0.2895145,0.294715,0.4629315,0.2945905,0.2415483,0.2282095,0.2510864,0.2554234,0.2961913,0.2998661,0.3286597,0.3771453,0.2362987,0.2422473,0.2265176,0.2418491,0.2304255,0.2294886,0.2425729,0.2387463,0.2257364,0.2249703,0.228161,0.2179274,0.230245,0.2216529,0.2914781,0.3098343,0.263102,0.2748584,0.304638,0.2981443,0.269781,0.2651685,0.3050332,0.4079539,0.2824084,0.324829,0.2583747,0.3022647,0.2940223,0.3271773,0.247818,0.2327649,0.2297524,0.2403487,0.2617471,0.2519546,0.2468121,0.266099,0.2832696,0.2888189,0.2261284,0.2326212,0.2964677,0.3081253,0.2559478,0.2520295,0.2651121,0.2741215,0.2312794,0.249026,0.22821,0.2340964,0.2818526,0.3280126,0.2629485,0.26537,0.2574433,0.261021,0.2247567,0.2181069,0.2424129,0.2484281,0.2607592,0.2769509,0.2481213,0.2767136,0.2532614,0.2654274,0.2457439,0.2640581,0.2476112,0.2595103,0.3633221,0.2904633
0.657478,0.3924195,0.235917,0.2201381,0.3191122,0.2993248,0.5649123,0.2747277,0.2811469,0.2657005,0.3409803,0.3205994,0.2828341,0.2312986,0.2309215,0.2308125,0.249136,0.2419834,0.2304127,0.2712568,0.2398167,0.2929536,0.2390166,0.2590658,0.2361983,0.3027394,0.311805,0.2269346,0.2285085,0.2308988,0.2221656,0.2325142,0.2296849,0.3922074,0.3386686,0.3648903,0.2360913,0.4356409,0.4251968,0.4954241,0.2929673,0.3713579,0.334097,0.3745544,0.2446442,0.2469574,0.2297886,0.2332743,0.2200353,0.2811233,0.2293924,0.2746693,0.2333724,0.4388925,0.2882935,0.4645182,0.3090571,0.6413128,0.4744652,0.2265962,0.2275443,0.4449258,0.4459433,0.2345134,0.2199161,0.2393808,0.2270767,0.2392009,0.2367669,0.2292778,0.2386955,0.2351882,0.2383921,0.4443276,0.4163281,0.2655231,0.2404954,0.2287306,0.2229334,0.2267309,0.2276715,0.3579392,0.2598665,0.2730776,0.250838,0.5249392,0.3504704,0.3573976,0.308242,0.2763059,0.2505116,0.4829421,0.3534523
0.2859092,0.2623602,0.2201984,0.2488815,0.2964483,0.2895145,0.2747277,0,0.3319506,0.2288964,0.2978613,0.240785,0.2369633,0.221784,0.2159301,0.2558675,0.3378932,0.2588046,0.2571,0.2474492,0.2350647,0.2447547,0.3400701,0.252735,0.2394834,0.2410683,0.2592984,0.2394736,0.2384409,0.2272532,0.2296923,0.2362784,0.2441583,0.2689454,0.4688317,0.245403,0.4026722,0.2712519,0.3634533,0.2691951,0.3402556,0.297571,0.3351573,0.2670213,0.2973429,0.2236743,0.2447577,0.2417773,0.2461791,0.2285124,0.3259874,0.2428293,0.3260337,0.2615703,0.3569514,0.2847099,0.4050031,0.3131382,0.3440413,0.2196063,0.2202924,0.2942683,0.4552709,0.2210902,0.2488088,0.2329114,0.2323688,0.2218056,0.2318263,0.2214665,0.2204155,0.2471884,0.2644779,0.2849169,0.3158763,0.2406359,0.2791846,0.2089005,0.2048761,0.2189807,0.246653,0.254903,0.4223986,0.2340382,0.3571832,0.2702317,0.3907694,0.2447885,0.3412476,0.2378723,0.354897,0.3113902,0.5343964
0.3310537,0.3314623,0.2466565,0.217361,0.375683,0.294715,0.2811469,0.3319506,0.4443952,0.3264714,0.4732488,0.2291905,0.2205295,0.2627724,0.2471292,0.3509974,0.3659548,0.2810727,0.2572661,0.2406087,0.2294944,0.2427315,0.2173732,0.2400943,0.2248879,0.2258297,0.2281854,0.2254277,0.2217576,0.2199018,0.2205255,0.2220653,0.2145724,0.3675595,0.3009919,0.2618465,0.2381932,0.3557024,0.3494352,0.2908442,0.2793004,0.4605922,0.2958129,0.3785921,0.3022858,0.3108476,0.2554017,0.2899291,0.2433342,0.2258716,0.2171729,0.2281318,0.213093,0.2361135,0.2350919,0.2821313,0.2439489,0.3130041,0.2844835,0.2218677,0.2186065,0.3618771,0.3186839,0.2391495,0.2146058,0.244566,0.2266689,0.2229878,0.2304064,0.2221824,0.2217475,0.2692051,0.2551177,0.2469683,0.2451045,0.2707288,0.2360602,0.2289872,0.2305286,0.2375697,0.2245534,0.3223304,0.2734633,0.2919613,0.24216,0.2876602,0.2558655,0.265326,0.2461748,0.2628905,0.2394335,0.2970998,0.4077477
0.2911465,0.2874551,0.2388474,0.2220751,0.3523568,0.4629315,0.2657005,0.2288964,0.3264714,0,0.3469186,0.2414149,0.2307178,0.2313657,0.2233486,0.3122976,0.2927768,0.2740966,0.3095676,0.2480422,0.2283847,0.2201811,0.2485431,0.2294222,0.2354569,0.2361534,0.2388845,0.2204787,0.2329307,0.2239221,0.2244918,0.2362145,0.2302077,0.3455994,0.3094061,0.2829713,0.2328209,0.3668478,0.3195908,0.2845221,0.2544285,0.3219808,0.5044684,0.3480447,0.3670089,0.2792199,0.3006994,0.2544765,0.2775545,0.2451612,0.2454178,0.2286056,0.2487065,0.2458024,0.244971,0.2308262,0.2531542,0.281732,0.2864258,0.2109424,0.2123226,0.3350418,0.3180555,0.2307708,0.219456,0.2291888,0.2407207,0.226132,0.233408,0.2254491,0.2290932,0.2395115,0.2695408,0.2493355,0.2441241,0.266934,0.248588,0.2173402,0.2082738,0.2499818,0.2304569,0.2888163,0.3175109,0.2599764,0.2969626,0.241749,0.2633277,0.2364768,0.2518865,0.2571126,0.243488,0.4722316,0.2531241
0.3565375,0.2696592,0.2494475,0.2214094,0.3486687,0.2945905,0.3409803,0.2978613,0.4732488,0.3469186,0.3133391,0.2320013,0.2240538,0.2562165,0.243836,0.3527402,0.3516365,0.2616472,0.252931,0.2365038,0.2222615,0.2225769,0.2245182,0.2264982,0.2189238,0.2207057,0.2278095,0.2201002,0.2213613,0.222988,0.2240673,0.2203511,0.2167191,0.3922305,0.2931549,0.2786849,0.2351975,0.3475966,0.3147599,0.3008821,0.249071,0.4220454,0.314781,0.4388099,0.2937699,0.3185876,0.2555496,0.2731929,0.2421735,0.2273379,0.2211823,0.2211034,0.2307449,0.2452377,0.2285133,0.2644335,0.2471905,0.3035676,0.2815005,0.2211005,0.2170456,0.3670444,0.3202698,0.2331134,0.2149952,0.2332304,0.2284336,0.2210524,0.2271724,0.2229606,0.224372,0.2539463,0.2504816,0.2481394,0.2432951,0.2440032,0.2316647,0.2265422,0.2301284,0.2280024,0.2205926,0.3265267,0.268601,0.2913259,0.252918,0.3033368,0.2613016,0.2672332,0.2441894,0.2592839,0.2364855,0.3587386,0.3489644
0.2624232,0.2546399,0.2179488,0.2271089,0.2421173,0.2415483,0.3205994,0.240785,0.2291905,0.2414149,0.2320013,0.3842128,0.3723664,0.2698795,0.2817555,0.2497656,0.2612737,0.2365515,0.2303112,0.2645279,0.2426348,0.2906999,0.2523084,0.2797635,0.2468241,0.3625144,0.3486293,0.2915303,0.2614805,0.3164609,0.2748556,0.3602504,0.3258591,0.2474709,0.2456416,0.265101,0.2263923,0.2578217,0.2527672,0.2932291,0.2533041,0.2405925,0.2443943,0.2340323,0.2279891,0.2285174,0.2255047,0.2278855,0.2249708,0.3186363,0.2807381,0.2814619,0.2421935,0.331225,0.301165,0.3022936,0.2596679,0.296113,0.280742,0.2375429,0.2312869,0.2571684,0.2543666,0.2308242,0.2260874,0.2362938,0.2302337,0.2393245,0.235117,0.2531449,0.2424667,0.2382869,0.2400483,0.3286727,0.3154727,0.24889,0.2268971,0.2822371,0.2708688,0.2341262,0.2202762,0.2515698,0.2418111,0.2416391,0.2335787,0.2693175,0.2648973,0.2768535,0.2542147,0.2493368,0.2269649,0.2656152,0.2515105
0.2461611,0.248961,0.2160081,0.2274761,0.2276929,0.2282095,0.2828341,0.2369633,0.2205295,0.2307178,0.2240538,0.3723664,0.4144607,0.2578328,0.2873347,0.229811,0.2399397,0.2283201,0.2255692,0.2421081,0.2867412,0.268227,0.2808913,0.2543516,0.2899699,0.3261169,0.3433169,0.2607259,0.3052176,0.2835464,0.330044,0.3509411,0.3803565,0.2333581,0.2360682,0.246069,0.2297194,0.2439605,0.2394297,0.2576745,0.2643688,0.2278398,0.2305973,0.2248378,0.2234539,0.2238355,0.2257357,0.2216622,0.2257478,0.2769052,0.3161425,0.2730455,0.2550077,0.2898041,0.3055024,0.2642523,0.2620654,0.2607134,0.2676958,0.2406307,0.2336551,0.2423045,0.2400451,0.2278259,0.2246893,0.2325792,0.2270863,0.2348868,0.2387884,0.2379508,0.2536303,0.2328169,0.2333006,0.2996631,0.3032907,0.2386017,0.235149,0.2689326,0.27774,0.2375856,0.2206279,0.2387513,0.2387531,0.2333132,0.2301161,0.2470603,0.2548898,0.2550819,0.2487774,0.2438588,0.2265633,0.2486259,0.2323121
0.250166,0.230772,0.2520683,0.2397867,0.2609966,0.2510864,0.2312986,0.221784,0.2627724,0.2313657,0.2562165,0.2698795,0.2578328,0.4044017,0.3823589,0.3566984,0.3522483,0.2585728,0.2468739,0.2673929,0.2681003,0.2520692,0.2422231,0.242413,0.2517687,0.2480491,0.2303456,0.2595738,0.2499972,0.2661025,0.2502831,0.2575536,0.2476431,0.2641313,0.2430394,0.2938562,0.2518001,0.272427,0.2406278,0.2849774,0.2569814,0.2605037,0.2536717,0.2514358,0.2391839,0.2425386,0.2337022,0.2500294,0.2440363,0.2704343,0.2387548,0.2503984,0.2368148,0.2530362,0.2315241,0.2658502,0.2396686,0.2519046,0.230956,0.3654365,0.3267491,0.2766159,0.2414643,0.2965856,0.2456654,0.2813606,0.2462019,0.3071825,0.2662701,0.3112379,0.2670827,0.3040493,0.2937848,0.2394775,0.2310787,0.3266121,0.2649552,0.327402,0.3163846,0.2839413,0.2417098,0.2556128,0.2376243,0.2624834,0.2332525,0.264742,0.24047,0.2689593,0.2501106,0.2892957,0.2368002,0.2539269,0.2629613
0.2402508,0.2468374,0.2256523,0.2496884,0.2473852,0.2554234,0.2309215,0.2159301,0.2471292,0.2233486,0.243836,0.2817555,0.2873347,0.3823589,0.402448,0.3032465,0.3247965,0.2470515,0.2500316,0.2489137,0.309422,0.2424381,0.254251,0.2376184,0.284976,0.2494225,0.2544212,0.2501912,0.2810039,0.2544684,0.2861831,0.2641968,0.2720815,0.2491388,0.2476275,0.2650668,0.2781861,0.255698,0.2498526,0.2644623,0.2819085,0.247943,0.2533638,0.2389065,0.2417965,0.2303916,0.2360246,0.2313515,0.2470196,0.2554928,0.2531011,0.2455246,0.2440596,0.2455771,0.2487005,0.2508622,0.249274,0.243303,0.238278,0.3399068,0.3294449,0.2647785,0.2463572,0.250636,0.263495,0.2417156,0.2659184,0.2714807,0.2958992,0.2777367,0.3051406,0.2722293,0.2921154,0.2453092,0.2447499,0.2820129,0.2988656,0.3296103,0.350168,0.2549821,0.2566827,0.2448594,0.2406565,0.2447269,0.2369215,0.2560007,0.2463422,0.2534513,0.2624378,0.2592641,0.2472815,0.242195,0.2691861
0.2336004,0.2454357,0.2729549,0.2549631,0.3036615,0.2961913,0.2308125,0.2558675,0.3509974,0.3122976,0.3527402,0.2497656,0.229811,0.3566984,0.3032465,0.621267,0.6611432,0.2673993,0.2807438,0.2567229,0.2327836,0.2794987,0.2399382,0.243386,0.2365941,0.275999,0.2517548,0.2344529,0.2252301,0.2347483,0.2192664,0.2292043,0.2219817,0.367357,0.3003269,0.2825595,0.2298381,0.3226793,0.2996379,0.3031701,0.249907,0.338695,0.3262024,0.3233292,0.2719638,0.2674711,0.2638811,0.2683561,0.2768795,0.2818181,0.2440255,0.2599968,0.2457466,0.2845246,0.2418987,0.3134921,0.2305485,0.2460781,0.2296413,0.2584171,0.245103,0.3657404,0.2901005,0.2883606,0.246014,0.270572,0.251509,0.2583928,0.2376399,0.2538264,0.231239,0.3307371,0.3212693,0.2663262,0.2507436,0.2919173,0.2327006,0.2309427,0.2214146,0.2642505,0.2448603,0.3028651,0.2528646,0.3000389,0.260801,0.2979959,0.2408145,0.2696266,0.2327576,0.2775937,0.2476752,0.3920982,0.4038097
0.2422288,0.2597325,0.2507245,0.2506374,0.2979044,0.2998661,0.249136,0.3378932,0.3659548,0.2927768,0.3516365,0.2612737,0.2399397,0.3522483,0.3247965,0.6611432,0.5745771,0.2387275,0.2638367,0.2534171,0.2408695,0.2822765,0.2528956,0.2462464,0.2422277,0.2952744,0.2848047,0.2411117,0.229838,0.2439342,0.2247057,0.2317111,0.225175,0.3595936,0.3350233,0.2703425,0.2404485,0.3301528,0.3474683,0.3035841,0.2790549,0.3491859,0.3510218,0.3252263,0.291976,0.2638775,0.2620459,0.2441472,0.2626559,0.2988314,0.2709362,0.2681934,0.267045,0.2953287,0.2653659,0.3007804,0.2456565,0.2418348,0.2353102,0.2630658,0.2475038,0.3933996,0.3357848,0.2809104,0.2468579,0.2435667,0.2460665,0.2596946,0.2446335,0.2573582,0.234228,0.2935121,0.3080513,0.280065,0.2673191,0.2737945,0.2473044,0.2388243,0.2261194,0.2542838,0.2562786,0.2932886,0.2672205,0.2940062,0.2751393,0.2924691,0.2644789,0.2702783,0.2438443,0.267783,0.2618923,0.4194817,0.5262273
0.2493813,0.230674,0.2939783,0.2419498,0.3731332,0.3286597,0.2419834,0.2588046,0.2810727,0.2740966,0.2616472,0.2365515,0.2283201,0.2585728,0.2470515,0.2673993,0.2387275,0.4648167,0.388813,0.2249967,0.2227182,0.2327895,0.2140695,0.220075,0.2192287,0.2445351,0.2392372,0.2261981,0.2182623,0.2286753,0.2196853,0.2317498,0.2251359,0.2538025,0.2491674,0.2597624,0.2529992,0.2549464,0.2398594,0.2462211,0.2279198,0.2814118,0.2747088,0.275165,0.2481626,0.3277849,0.2586114,0.4241894,0.3083972,0.2520765,0.2189133,0.2410391,0.2154173,0.2521671,0.2326922,0.2520269,0.2264459,0.2463216,0.2327342,0.2293174,0.233748,0.246485,0.2440781,0.2744728,0.2421589,0.3358937,0.2712402,0.2351833,0.2365119,0.2283109,0.2229997,0.3465956,0.3274117,0.2486962,0.2361132,0.2572871,0.2454741,0.2269537,0.2202576,0.2473854,0.22737,0.2523656,0.2381635,0.2627568,0.2322656,0.2467955,0.2326885,0.2479382,0.227398,0.2573887,0.2337166,0.2422507,0.2355393
0.2338873,0.2254429,0.2773111,0.290316,0.3341452,0.3771453,0.2304127,0.2571,0.2572661,0.3095676,0.252931,0.2303112,0.2255692,0.2468739,0.2500316,0.2807438,0.2638367,0.388813,0.4459835,0.2161547,0.2265899,0.2152189,0.220122,0.2156558,0.2171562,0.2365105,0.2334616,0.2205808,0.2180435,0.222696,0.2164816,0.2269749,0.2216368,0.2515462,0.2621819,0.2421081,0.2662039,0.2516401,0.2439454,0.2347118,0.2301267,0.2655331,0.3082629,0.2610081,0.2815195,0.2693732,0.3197645,0.3174578,0.417777,0.23716,0.2200533,0.2239343,0.2194209,0.2390667,0.2268737,0.2316572,0.2250983,0.2289551,0.225431,0.2243133,0.2297253,0.249867,0.2503839,0.2662092,0.2752549,0.2892174,0.3167358,0.2254822,0.2497398,0.2210742,0.2266456,0.3018729,0.3557428,0.2357369,0.2297447,0.2421336,0.2500852,0.2237961,0.2172514,0.2347708,0.2506331,0.2433576,0.246823,0.2493088,0.2540947,0.2372068,0.2255324,0.2336142,0.23156,0.2411501,0.248003,0.2643431,0.2499314
0.2909476,0.2256889,0.2384202,0.2139945,0.2402871,0.2362987,0.2712568,0.2474492,0.2406087,0.2480422,0.2365038,0.2645279,0.2421081,0.2673929,0.2489137,0.2567229,0.2534171,0.2249967,0.2161547,0.3978703,0.234626,0.3329739,0.2325414,0.3706879,0.2315516,0.2593669,0.2455325,0.2993807,0.2357107,0.2629901,0.2361559,0.2447837,0.238959,0.256571,0.2359908,0.3255663,0.2255582,0.2779735,0.2405341,0.3440279,0.2292489,0.2449828,0.2420085,0.2369263,0.2239642,0.2273715,0.2194427,0.2248289,0.2140643,0.276574,0.2380424,0.3129485,0.2328191,0.274736,0.2406503,0.3126782,0.2314056,0.302825,0.2402373,0.2474314,0.2339017,0.2664657,0.2442397,0.2539622,0.215383,0.2255242,0.2240704,0.2919964,0.2235491,0.3070389,0.232244,0.2323935,0.2304907,0.263729,0.2467453,0.3488779,0.228805,0.2559386,0.2485801,0.2837743,0.2168246,0.2664318,0.2340949,0.2669761,0.231115,0.2920505,0.2359246,0.3296793,0.2396771,0.3056706,0.2268077,0.2847095,0.2443395
0.2432874,0.2739248,0.2204704,0.2437942,0.2263561,0.2422473,0.2398167,0.2350647,0.2294944,0.2283847,0.2222615,0.2426348,0.2867412,0.2681003,0.309422,0.2327836,0.2408695,0.2227182,0.2265899,0.234626,0.4692115,0.2523838,0.3459629,0.2490258,0.4134769,0.2421794,0.2652894,0.2454482,0.3386093,0.2431764,0.3074335,0.2501155,0.2796273,0.2273315,0.2534055,0.2392724,0.2994751,0.2347795,0.2526606,0.2368293,0.3448525,0.2300494,0.2373752,0.222254,0.2329204,0.2186113,0.2287532,0.2162083,0.2248105,0.2411444,0.3157789,0.2635401,0.309857,0.2412023,0.298208,0.2385178,0.3251667,0.248393,0.3064332,0.2942913,0.2880995,0.2340886,0.2516068,0.2203446,0.2628706,0.2176077,0.2384891,0.2377092,0.3135175,0.2355979,0.3355233,0.2319178,0.2494896,0.2506161,0.2740514,0.2520532,0.3336132,0.2588054,0.281011,0.2314556,0.2750374,0.2313214,0.2640354,0.2290877,0.2555917,0.2456872,0.2907512,0.2432232,0.3275804,0.2394098,0.2768081,0.2287463,0.2404002
0.2707092,0.2418001,0.2313899,0.2193892,0.2401542,0.2265176,0.2929536,0.2447547,0.2427315,0.2201811,0.2225769,0.2906999,0.268227,0.2520692,0.2424381,0.2794987,0.2822765,0.2327895,0.2152189,0.3329739,0.2523838,0.5077658,0.2410318,0.4046912,0.2499902,0.3648401,0.2776089,0.3066907,0.244905,0.2774765,0.2497771,0.2688347,0.2673205,0.2665509,0.2423753,0.2936037,0.2327244,0.2694718,0.2395435,0.3520684,0.2465987,0.2486155,0.2274175,0.2253223,0.2161381,0.2308058,0.2244899,0.2303725,0.2152655,0.3889133,0.2451593,0.5374336,0.2451412,0.3892635,0.2725773,0.4597694,0.2703005,0.3344932,0.2853989,0.238756,0.2364853,0.27219,0.2452233,0.2439243,0.2189637,0.2366232,0.2263197,0.2612471,0.2273012,0.2666295,0.2325251,0.2379801,0.2303412,0.3558681,0.2977521,0.2834847,0.2301328,0.2424736,0.2319682,0.2402031,0.2196905,0.2849951,0.2387451,0.2713832,0.2302695,0.3205816,0.2755441,0.3449523,0.2720266,0.2793751,0.2307874,0.2458452,0.2567522
0.2625079,0.2906704,0.2123514,0.2314877,0.2191197,0.2418491,0.2390166,0.3400701,0.2173732,0.2485431,0.2245182,0.2523084,0.2808913,0.2422231,0.254251,0.2399382,0.2528956,0.2140695,0.220122,0.2325414,0.3459629,0.2410318,0.5028398,0.2371798,0.3938867,0.2548547,0.3104685,0.2473818,0.3438167,0.2540432,0.3041671,0.2720593,0.2887864,0.2421928,0.2969754,0.2375944,0.2970583,0.2464472,0.2768648,0.2466915,0.387915,0.2298118,0.2610652,0.224828,0.2501548,0.2158349,0.2342731,0.2106757,0.2244482,0.2537278,0.4506507,0.2416934,0.5217538,0.2555827,0.3953453,0.2519787,0.4497487,0.2866798,0.368441,0.2448091,0.2451642,0.2539973,0.2992382,0.217094,0.2317642,0.2221749,0.2308877,0.2268014,0.2611504,0.2255069,0.2766784,0.2287174,0.2410119,0.2828846,0.3306057,0.2334433,0.2886246,0.2457299,0.2453796,0.2248922,0.2475118,0.2424662,0.2990247,0.2316343,0.283661,0.2549872,0.350627,0.2357858,0.3712977,0.2351344,0.3033158,0.2657036,0.2526987
0.2588657,0.2330013,0.2223142,0.2186803,0.2345788,0.2304255,0.2590658,0.252735,0.2400943,0.2294222,0.2264982,0.2797635,0.2543516,0.242413,0.2376184,0.243386,0.2462464,0.220075,0.2156558,0.3706879,0.2490258,0.4046912,0.2371798,0.4313428,0.240884,0.2808861,0.2452972,0.3443277,0.2399396,0.2906235,0.2448609,0.27211,0.255915,0.2428924,0.2382714,0.2630287,0.2356582,0.2510672,0.2361246,0.3177816,0.2389267,0.2391217,0.2332557,0.2233411,0.2240048,0.220403,0.2250264,0.2219071,0.213597,0.2788423,0.2401513,0.3791284,0.237198,0.2881627,0.2491446,0.3332868,0.2462981,0.2921436,0.2534235,0.230854,0.2283912,0.251252,0.2423535,0.2323293,0.2174828,0.2212442,0.2250236,0.2602898,0.2267942,0.2805882,0.2324706,0.2228066,0.2241497,0.271579,0.2520284,0.2727168,0.2327196,0.2451455,0.2373872,0.2509816,0.2187918,0.2469583,0.2362617,0.241197,0.2327869,0.275847,0.2468281,0.3053427,0.2488089,0.2587603,0.2311605,0.2462915,0.2470935
0.2345556,0.2580762,0.2159526,0.2281066,0.2226524,0.2294886,0.2361983,0.2394834,0.2248879,0.2354569,0.2189238,0.2468241,0.2899699,0.2517687,0.284976,0.2365941,0.2422277,0.2192287,0.2171562,0.2315516,0.4134769,0.2499902,0.3938867,0.240884,0.5036427,0.2707804,0.2881856,0.2393386,0.3890913,0.2499999,0.3271024,0.2625962,0.3004768,0.2283695,0.2502339,0.227688,0.2679996,0.2319437,0.2506528,0.2394931,0.3270201,0.2275973,0.2336779,0.2188975,0.2288403,0.2189451,0.2232018,0.2142859,0.218868,0.2628027,0.3191735,0.2563361,0.3440858,0.2573426,0.3044316,0.2447964,0.3211186,0.2511243,0.2833731,0.2530987,0.2598552,0.2380687,0.251515,0.2142356,0.2433788,0.2165595,0.2349963,0.2259214,0.2860789,0.2214285,0.3060467,0.2281065,0.2381013,0.263559,0.2768882,0.2409977,0.2842328,0.2497668,0.2637172,0.2283708,0.2556249,0.2277846,0.2496475,0.2282913,0.2464511,0.2421649,0.2739373,0.2385414,0.2944282,0.2362809,0.2636437,0.2313128,0.2372129
0.2532489,0.2642654,0.2226062,0.22093,0.2454015,0.2425729,0.3027394,0.2410683,0.2258297,0.2361534,0.2207057,0.3625144,0.3261169,0.2480491,0.2494225,0.275999,0.2952744,0.2445351,0.2365105,0.2593669,0.2421794,0.3648401,0.2548547,0.2808861,0.2707804,0.4780885,0.45021,0.2768785,0.2687643,0.3134894,0.2790278,0.347887,0.3492061,0.2585517,0.2541269,0.2667038,0.2280298,0.2609456,0.2604079,0.2973273,0.2577428,0.2403985,0.239901,0.2293404,0.2219319,0.233557,0.2263672,0.2324881,0.2268525,0.4397303,0.3012985,0.3751724,0.2445947,0.4564496,0.3544292,0.3727145,0.2772831,0.3042468,0.2991343,0.2262971,0.2234098,0.2671208,0.2566993,0.2379414,0.2234237,0.2375723,0.2320185,0.2388563,0.2272411,0.2423929,0.231128,0.2367782,0.2372566,0.4395225,0.38592,0.2521473,0.2225847,0.244647,0.2306475,0.2300412,0.2206394,0.2720438,0.244715,0.2580565,0.2330052,0.2936726,0.2903323,0.2978967,0.2729595,0.254733,0.2313205,0.25804,0.2767463
0.2564884,0.284959,0.2181547,0.2251144,0.2376026,0.2387463,0.311805,0.2592984,0.2281854,0.2388845,0.2278095,0.3486293,0.3433169,0.2303456,0.2544212,0.2517548,0.2848047,0.2392372,0.2334616,0.2455325,0.2652894,0.2776089,0.3104685,0.2452972,0.2881856,0.45021,0.5117496,0.2514658,0.2981308,0.2831975,0.3042324,0.3361234,0.3634405,0.2415948,0.2629001,0.2611448,0.2414641,0.2565121,0.283337,0.2654865,0.2903433,0.2359125,0.2416124,0.2299663,0.2269523,0.2358873,0.2245474,0.229499,0.2291891,0.3260001,0.416021,0.2806416,0.2697852,0.3605399,0.4238799,0.2860488,0.2911799,0.2824162,0.2930078,0.2225282,0.2223244,0.2609364,0.2709346,0.2305449,0.2178713,0.2329987,0.2273104,0.2291271,0.2282103,0.2320864,0.236456,0.2293679,0.2325062,0.4155,0.4230767,0.2417578,0.2382858,0.2277337,0.2379449,0.2227894,0.2218272,0.2474251,0.2501627,0.2408091,0.2369091,0.2622009,0.2857724,0.2700602,0.2699279,0.2457594,0.2435564,0.2664757,0.2895523
0.2307122,0.2376163,0.2208603,0.2256602,0.2265161,0.2257364,0.2269346,0.2394736,0.2254277,0.2204787,0.2201002,0.2915303,0.2607259,0.2595738,0.2501912,0.2344529,0.2411117,0.2261981,0.2205808,0.2993807,0.2454482,0.3066907,0.2473818,0.3443277,0.2393386,0.2768785,0.2514658,0.367226,0.2445899,0.3324002,0.2560853,0.3005763,0.2683497,0.2299937,0.2364637,0.2388371,0.2228612,0.2356356,0.2320693,0.2634874,0.2404219,0.2254825,0.228782,0.2187431,0.2276225,0.2223604,0.2205444,0.2221582,0.2169793,0.2938614,0.2537563,0.2985069,0.2428294,0.2676205,0.2492826,0.2672926,0.2459316,0.2476427,0.2446409,0.2320655,0.2384043,0.2372434,0.2329774,0.2314106,0.2258282,0.2266372,0.2277591,0.2564574,0.2337362,0.2961588,0.2360181,0.2288741,0.2311644,0.2567586,0.2433518,0.2502672,0.2280509,0.2838802,0.2541143,0.2352318,0.223626,0.2304121,0.2376619,0.2296688,0.2323233,0.2392724,0.2458334,0.2561913,0.2449351,0.2360363,0.2276032,0.2349301,0.2361556
0.2322247,0.2476721,0.2169941,0.2320683,0.218436,0.2249703,0.2285085,0.2384409,0.2217576,0.2329307,0.2213613,0.2614805,0.3052176,0.2499972,0.2810039,0.2252301,0.229838,0.2182623,0.2180435,0.2357107,0.3386093,0.244905,0.3438167,0.2399396,0.3890913,0.2687643,0.2981308,0.2445899,0.3731571,0.2646508,0.343224,0.2811455,0.3124985,0.2270343,0.2417942,0.2295066,0.2473475,0.2279666,0.2432551,0.2363947,0.2780754,0.2234958,0.2298694,0.2190066,0.2307772,0.2190847,0.2259768,0.2167216,0.2221903,0.2702169,0.3335627,0.2515737,0.3212646,0.2510988,0.2934389,0.2380278,0.2871378,0.2391527,0.2543342,0.2454265,0.2452134,0.2326554,0.2446512,0.2214523,0.2392179,0.22286,0.2336066,0.2317593,0.267108,0.2354982,0.3000171,0.2287523,0.2331507,0.2609423,0.2703739,0.2389961,0.2625937,0.264645,0.2828741,0.2275408,0.2408551,0.228405,0.242975,0.2274178,0.2366472,0.24028,0.2595793,0.239027,0.2649855,0.2348518,0.2418413,0.226539,0.2283646
0.2276449,0.2296322,0.2199623,0.2253374,0.2258599,0.228161,0.2308988,0.2272532,0.2199018,0.2239221,0.222988,0.3164609,0.2835464,0.2661025,0.2544684,0.2347483,0.2439342,0.2286753,0.222696,0.2629901,0.2431764,0.2774765,0.2540432,0.2906235,0.2499999,0.3134894,0.2831975,0.3324002,0.2646508,0.3609959,0.270529,0.3447183,0.2977472,0.2343067,0.2324535,0.2347884,0.2214105,0.2351976,0.2262792,0.2529421,0.2376576,0.2263319,0.2301574,0.2223631,0.2268318,0.2230035,0.2223195,0.2233777,0.2206976,0.3299375,0.2635226,0.275536,0.2410049,0.2903627,0.2615403,0.2601708,0.2499512,0.2407336,0.2453463,0.2422737,0.2420855,0.2379453,0.2300129,0.2290694,0.2246152,0.2307989,0.2250982,0.2459961,0.2307375,0.2845913,0.232164,0.2311321,0.2301243,0.2715259,0.2598063,0.2423934,0.2227746,0.3084613,0.2643819,0.2294937,0.2221023,0.2356833,0.2367448,0.230744,0.2324416,0.240851,0.247692,0.2565455,0.2427743,0.2331133,0.2252457,0.2371978,0.2291181
0.2285511,0.2378923,0.2174708,0.2277439,0.2156253,0.2179274,0.2221656,0.2296923,0.2205255,0.2244918,0.2240673,0.2748556,0.330044,0.2502831,0.2861831,0.2192664,0.2247057,0.2196853,0.2164816,0.2361559,0.3074335,0.2497771,0.3041671,0.2448609,0.3271024,0.2790278,0.3042324,0.2560853,0.343224,0.270529,0.3656116,0.2965594,0.34201,0.2253597,0.2333595,0.2324466,0.2286987,0.2263582,0.2328036,0.2323481,0.2624053,0.220799,0.2214721,0.2206167,0.2256146,0.221203,0.2205673,0.2191758,0.2194702,0.2612838,0.3244523,0.260694,0.2842598,0.2521305,0.2790252,0.2383505,0.2611929,0.2302636,0.2382462,0.2466346,0.2526903,0.226867,0.2324473,0.2225189,0.2323289,0.223442,0.2306218,0.22904,0.2581828,0.2347234,0.2934265,0.2260944,0.2277468,0.2614252,0.2629723,0.2387043,0.2455841,0.2827205,0.3252147,0.2254919,0.2308948,0.2310108,0.2383614,0.2267367,0.2284525,0.2352034,0.2468331,0.2386393,0.252579,0.2349665,0.2296058,0.2238035,0.2205764
0.2289598,0.2404834,0.2169498,0.2289044,0.2268284,0.230245,0.2325142,0.2362784,0.2220653,0.2362145,0.2203511,0.3602504,0.3509411,0.2575536,0.2641968,0.2292043,0.2317111,0.2317498,0.2269749,0.2447837,0.2501155,0.2688347,0.2720593,0.27211,0.2625962,0.347887,0.3361234,0.3005763,0.2811455,0.3447183,0.2965594,0.4112064,0.375245,0.2365779,0.2395789,0.2343024,0.2235683,0.2369905,0.2310313,0.2440959,0.2493216,0.2263493,0.2324459,0.2230988,0.2291936,0.2262208,0.2259257,0.2252174,0.225814,0.308851,0.3019927,0.2733052,0.2461266,0.2975641,0.3018151,0.259822,0.2646012,0.2399791,0.2602918,0.2310979,0.23077,0.2394979,0.2357413,0.224555,0.2275117,0.2351177,0.2297824,0.2294838,0.2325595,0.2485634,0.238538,0.2336497,0.2323717,0.2945606,0.2893592,0.2371868,0.2206433,0.2954782,0.2736057,0.2280048,0.2221202,0.2397324,0.2432906,0.2337795,0.2326447,0.2452837,0.2527925,0.2501074,0.2473813,0.235827,0.2265696,0.237619,0.2242686
0.2283747,0.2492816,0.21397,0.2247858,0.2189378,0.2216529,0.2296849,0.2441583,0.2145724,0.2302077,0.2167191,0.3258591,0.3803565,0.2476431,0.2720815,0.2219817,0.225175,0.2251359,0.2216368,0.238959,0.2796273,0.2673205,0.2887864,0.255915,0.3004768,0.3492061,0.3634405,0.2683497,0.3124985,0.2977472,0.34201,0.375245,0.4102421,0.2320414,0.2389719,0.2387389,0.2204525,0.2332444,0.2363222,0.2406409,0.261979,0.2202871,0.2244916,0.2178098,0.2219629,0.2216911,0.2194965,0.2194915,0.2225701,0.2878852,0.3434863,0.279112,0.2569463,0.2895042,0.3227423,0.2592142,0.2678752,0.2379502,0.2576142,0.2294322,0.2279044,0.2350691,0.2384983,0.2240499,0.2244087,0.2295506,0.2282187,0.2282753,0.2301335,0.2343398,0.2429016,0.2267962,0.2267154,0.294998,0.2979383,0.2384587,0.2243049,0.2782563,0.2824393,0.2296451,0.2191679,0.2375426,0.2396788,0.2310255,0.2268842,0.243425,0.2594803,0.2469494,0.2498847,0.238573,0.2252521,0.2336876,0.2261157
0.436187,0.2814685,0.2530113,0.2285359,0.3199379,0.2914781,0.3922074,0.2689454,0.3675595,0.3455994,0.3922305,0.2474709,0.2333581,0.2641313,0.2491388,0.367357,0.3595936,0.2538025,0.2515462,0.256571,0.2273315,0.2665509,0.2421928,0.2428924,0.2283695,0.2585517,0.2415948,0.2299937,0.2270343,0.2343067,0.2253597,0.2365779,0.2320414,0.4289981,0.2990228,0.3326692,0.2445213,0.4248907,0.3179795,0.358041,0.2563459,0.3848934,0.3218726,0.396571,0.2765061,0.2790118,0.2490565,0.2521136,0.2423351,0.2649678,0.237054,0.263442,0.2476512,0.2958733,0.252101,0.3423855,0.2756636,0.3610413,0.3139876,0.2318871,0.2225304,0.4278593,0.3300437,0.2506757,0.2271374,0.2396329,0.2294334,0.2393927,0.227486,0.2377303,0.2250382,0.2566419,0.2523326,0.2882073,0.2715465,0.293334,0.2345795,0.2350568,0.2288342,0.2453325,0.2285334,0.3939247,0.2759587,0.3202055,0.2610673,0.3926724,0.2874678,0.3212493,0.2666866,0.2966158,0.2486423,0.4419426,0.3438701
0.3069127,0.4046405,0.221777,0.2573135,0.2825328,0.3098343,0.3386686,0.4688317,0.3009919,0.3094061,0.2931549,0.2456416,0.2360682,0.2430394,0.2476275,0.3003269,0.3350233,0.2491674,0.2621819,0.2359908,0.2534055,0.2423753,0.2969754,0.2382714,0.2502339,0.2541269,0.2629001,0.2364637,0.2417942,0.2324535,0.2333595,0.2395789,0.2389719,0.2990228,0.4130791,0.2606156,0.3222906,0.3142665,0.4212208,0.2855033,0.3467099,0.2983367,0.364767,0.2883019,0.3610823,0.2414822,0.2650287,0.2359241,0.2562914,0.2387318,0.2759076,0.2426512,0.2859844,0.2656367,0.3107331,0.2806503,0.3619043,0.3271218,0.3722066,0.2203349,0.221733,0.3417935,0.41693,0.2251408,0.2465395,0.2258413,0.2406134,0.2235481,0.2406,0.2247473,0.2326908,0.2411456,0.2637473,0.2845244,0.3026716,0.2408347,0.270109,0.2240946,0.2194481,0.2261201,0.2511764,0.2697179,0.3748124,0.2467614,0.331022,0.2831741,0.3838656,0.2537489,0.3446657,0.2420057,0.3244292,0.3592929,0.4038375
0.3767762,0.2426175,0.25038,0.2202804,0.2821402,0.263102,0.3648903,0.245403,0.2618465,0.2829713,0.2786849,0.265101,0.246069,0.2938562,0.2650668,0.2825595,0.2703425,0.2597624,0.2421081,0.3255663,0.2392724,0.2936037,0.2375944,0.2630287,0.227688,0.2667038,0.2611448,0.2388371,0.2295066,0.2347884,0.2324466,0.2343024,0.2387389,0.3326692,0.2606156,0.4367025,0.2235502,0.3904109,0.2725846,0.3662687,0.2405943,0.2966108,0.2754322,0.3046702,0.2397183,0.2495157,0.2286648,0.2451092,0.228335,0.2641141,0.2365533,0.3049706,0.2462609,0.29064,0.2564256,0.3060912,0.260893,0.3270301,0.2913272,0.2844153,0.2458069,0.3440753,0.2869176,0.2646077,0.2229749,0.2473319,0.2251859,0.3005942,0.2290465,0.2902702,0.2313781,0.2620379,0.2513907,0.2919857,0.2772754,0.4872538,0.2322859,0.2602014,0.2546549,0.3059111,0.2250984,0.3403793,0.2570011,0.3497668,0.2445176,0.3186983,0.2735713,0.2888719,0.2769361,0.4494704,0.2402688,0.4013992,0.254786
0.2513981,0.2990606,0.2317324,0.259795,0.2416686,0.2748584,0.2360913,0.4026722,0.2381932,0.2328209,0.2351975,0.2263923,0.2297194,0.2518001,0.2781861,0.2298381,0.2404485,0.2529992,0.2662039,0.2255582,0.2994751,0.2327244,0.2970583,0.2356582,0.2679996,0.2280298,0.2414641,0.2228612,0.2473475,0.2214105,0.2286987,0.2235683,0.2204525,0.2445213,0.3222906,0.2235502,0.4929653,0.2370285,0.2891217,0.2375016,0.3604752,0.2355083,0.2734838,0.2375839,0.2917316,0.230662,0.2522078,0.235782,0.2606852,0.2279273,0.2910531,0.2314598,0.2616636,0.2402811,0.3113798,0.2612768,0.3304718,0.2841159,0.3171909,0.2417392,0.2496798,0.2484255,0.310763,0.2230817,0.2710568,0.2208491,0.2615002,0.2151425,0.2835214,0.2198502,0.2713135,0.2436322,0.2733546,0.2614627,0.2975127,0.2184412,0.5313673,0.2320162,0.2442057,0.2278535,0.3032404,0.2469324,0.3448371,0.2331547,0.3527977,0.2590103,0.3170427,0.2441738,0.3069262,0.2250375,0.4602098,0.21844,0.293195
0.4996022,0.3153626,0.2454985,0.2286128,0.3167787,0.304638,0.4356409,0.2712519,0.3557024,0.3668478,0.3475966,0.2578217,0.2439605,0.272427,0.255698,0.3226793,0.3301528,0.2549464,0.2516401,0.2779735,0.2347795,0.2694718,0.2464472,0.2510672,0.2319437,0.2609456,0.2565121,0.2356356,0.2279666,0.2351976,0.2263582,0.2369905,0.2332444,0.4248907,0.3142665,0.3904109,0.2370285,0.485856,0.3596705,0.3927094,0.2737053,0.3708651,0.3455554,0.3607407,0.2791848,0.2594701,0.244057,0.2464588,0.2375224,0.2447417,0.2395223,0.2696036,0.2546543,0.2856531,0.2607358,0.3260148,0.2822786,0.3933224,0.3314736,0.2449402,0.2287847,0.4839993,0.3613944,0.256519,0.2201639,0.2405885,0.2272909,0.2566357,0.2285369,0.2470591,0.2270806,0.254674,0.2593998,0.2973458,0.2834186,0.3711074,0.235631,0.2380676,0.2325256,0.2613477,0.2293313,0.3841584,0.2796904,0.322104,0.2674905,0.3770073,0.2965274,0.3131288,0.2773214,0.3330117,0.2540448,0.5736367,0.3679885
0.3534956,0.5409747,0.2271185,0.2320473,0.2966093,0.2981443,0.4251968,0.3634533,0.3494352,0.3195908,0.3147599,0.2527672,0.2394297,0.2406278,0.2498526,0.2996379,0.3474683,0.2398594,0.2439454,0.2405341,0.2526606,0.2395435,0.2768648,0.2361246,0.2506528,0.2604079,0.283337,0.2320693,0.2432551,0.2262792,0.2328036,0.2310313,0.2363222,0.3179795,0.4212208,0.2725846,0.2891217,0.3596705,0.5020947,0.3107764,0.3839144,0.3358865,0.3566191,0.3067723,0.3285361,0.2471477,0.2423207,0.2331311,0.235219,0.2324593,0.2641629,0.238295,0.2667056,0.2679122,0.2995695,0.2818779,0.34856,0.3593185,0.4121115,0.2124691,0.2189031,0.3981882,0.4686227,0.2259858,0.230907,0.2228875,0.2281176,0.2241969,0.2427357,0.2250495,0.2328723,0.2347865,0.2527163,0.294835,0.3084892,0.2486801,0.2913238,0.220662,0.2174682,0.2276026,0.2459353,0.2744238,0.3561848,0.2558188,0.3063638,0.3012845,0.4066736,0.2634666,0.3461138,0.2493148,0.3072994,0.4124419,0.4842324
0.4962395,0.2663437,0.2385193,0.2256334,0.2891099,0.269781,0.4954241,0.2691951,0.2908442,0.2845221,0.3008821,0.2932291,0.2576745,0.2849774,0.2644623,0.3031701,0.3035841,0.2462211,0.2347118,0.3440279,0.2368293,0.3520684,0.2466915,0.3177816,0.2394931,0.2973273,0.2654865,0.2634874,0.2363947,0.2529421,0.2323481,0.2440959,0.2406409,0.358041,0.2855033,0.3662687,0.2375016,0.3927094,0.3107764,0.4450821,0.2488595,0.3246856,0.292061,0.3210027,0.2475663,0.2462914,0.2341883,0.2402624,0.2271079,0.2953052,0.2418512,0.3253214,0.2505537,0.3636335,0.2672295,0.4402137,0.2798841,0.4775704,0.3378184,0.2646849,0.2407685,0.3829586,0.3333709,0.2520218,0.2227633,0.2403573,0.2306686,0.2716046,0.2330309,0.2763213,0.2366323,0.2475608,0.2466427,0.346687,0.3070436,0.348536,0.2391619,0.2514525,0.2446671,0.2570845,0.2261044,0.3461002,0.2608742,0.2959385,0.2575768,0.4340236,0.2936707,0.3753015,0.274742,0.312569,0.2482952,0.4199449,0.297482
0.2664514,0.4893367,0.2239173,0.2306395,0.2442828,0.2651685,0.2929673,0.3402556,0.2793004,0.2544285,0.249071,0.2533041,0.2643688,0.2569814,0.2819085,0.249907,0.2790549,0.2279198,0.2301267,0.2292489,0.3448525,0.2465987,0.387915,0.2389267,0.3270201,0.2577428,0.2903433,0.2404219,0.2780754,0.2376576,0.2624053,0.2493216,0.261979,0.2563459,0.3467099,0.2405943,0.3604752,0.2737053,0.3839144,0.2488595,0.4505116,0.2631755,0.288806,0.243145,0.2984783,0.2299702,0.2312573,0.2222133,0.2278598,0.2362967,0.3326879,0.2482408,0.3361266,0.2542014,0.3784259,0.2614927,0.4440048,0.3166639,0.4536374,0.2532217,0.2559739,0.3005777,0.3435884,0.2266555,0.2395371,0.2223171,0.2324843,0.2306999,0.2668413,0.2307946,0.2689669,0.2316613,0.2510009,0.3002944,0.3452066,0.2344478,0.3349765,0.2402235,0.2520364,0.2333508,0.2535375,0.2443036,0.3426059,0.238907,0.3050866,0.2565958,0.4237429,0.244915,0.3964485,0.2352853,0.3290384,0.2599387,0.3268525
0.3862275,0.2954763,0.2552761,0.2231081,0.3705407,0.3050332,0.3713579,0.297571,0.4605922,0.3219808,0.4220454,0.2405925,0.2278398,0.2605037,0.247943,0.338695,0.3491859,0.2814118,0.2655331,0.2449828,0.2300494,0.2486155,0.2298118,0.2391217,0.2275973,0.2403985,0.2359125,0.2254825,0.2234958,0.2263319,0.220799,0.2263493,0.2202871,0.3848934,0.2983367,0.2966108,0.2355083,0.3708651,0.3358865,0.3246856,0.2631755,0.4283773,0.3214115,0.3966488,0.2743399,0.2983325,0.252042,0.2838014,0.2486813,0.2444612,0.2282307,0.2426296,0.2299704,0.2733955,0.2485589,0.3017427,0.2707698,0.3424097,0.315351,0.2249006,0.2225236,0.3785025,0.3441108,0.2477239,0.2216755,0.249273,0.2316488,0.230448,0.2308957,0.2291101,0.2228096,0.2721673,0.263281,0.2734517,0.2687714,0.2576483,0.2399521,0.2290555,0.2257525,0.2344226,0.2278468,0.3330789,0.2701011,0.2861148,0.2518926,0.3331394,0.2831777,0.2836114,0.2636138,0.2663737,0.2401435,0.371877,0.3665215
0.3110509,0.3240595,0.2378237,0.2588718,0.3275555,0.4079539,0.334097,0.3351573,0.2958129,0.5044684,0.314781,0.2443943,0.2305973,0.2536717,0.2533638,0.3262024,0.3510218,0.2747088,0.3082629,0.2420085,0.2373752,0.2274175,0.2610652,0.2332557,0.2336779,0.239901,0.2416124,0.228782,0.2298694,0.2301574,0.2214721,0.2324459,0.2244916,0.3218726,0.364767,0.2754322,0.2734838,0.3455554,0.3566191,0.292061,0.288806,0.3214115,0.4464578,0.3125384,0.3815499,0.2527954,0.2964498,0.256871,0.2873463,0.2376965,0.2452037,0.2268038,0.2645682,0.2606562,0.2674373,0.2508761,0.2996274,0.3130032,0.3264364,0.2239576,0.2267578,0.3502296,0.3661992,0.2404773,0.2436308,0.2402385,0.2541832,0.230171,0.24003,0.2285791,0.2307685,0.2608078,0.2980313,0.2689167,0.278252,0.257356,0.2563514,0.2235586,0.2152383,0.2394171,0.2474959,0.272019,0.3145392,0.2485667,0.3074085,0.2659748,0.3123736,0.2482162,0.2929942,0.2501196,0.2786907,0.4379782,0.3429197
