0.6737004,0.2157214,0.1282299,0.1190332,0.2135194,0.1690124,0.5993192,0.1784584,0.2914166,0.152868,0.2954167,0.1656156,0.1511971,0.1646408,0.155686,0.1810511,0.1581138,0.1371687,0.1238396,0.2114887,0.1250709,0.1821747,0.167628,0.1631818,0.1424877,0.1625794,0.1619487,0.1270836,0.1523269,0.1219519,0.1394201,0.1158781,0.1222732,0.3731864,0.2041938,0.2892153,0.1596943,0.4239264,0.2518072,0.438392,0.1677077,0.3282588,0.2036795,0.3023661,0.1652211,0.146866,0.1257795,0.1299434,0.117198,0.1925829,0.1765661,0.1537716,0.1508114,0.2852322,0.1937749,0.3859987,0.2593621,0.5376937,0.3406006,0.1520063,0.14828,0.3922599,0.3033691,0.1381026,0.118378,0.1212792,0.1149518,0.1575504,0.1301301,0.1429802,0.1413805,0.1414648,0.1308052,0.2809003,0.2403305,0.249467,0.1332094,0.1236819,0.1500001,0.1573688,0.1289753,0.3648227,0.1942763,0.2252137,0.1729285,0.5337776,0.2561911,0.3247696,0.2020887,0.2162822,0.1605056,0.412189,0.1597941
0.2157214,0.6193942,0.1399477,0.1489716,0.18107,0.2138752,0.3301671,0.1895577,0.2677659,0.2638346,0.183207,0.1579689,0.1390834,0.1283017,0.1412393,0.1611067,0.1570382,0.1627848,0.1492526,0.1177007,0.1951508,0.1498828,0.2271847,0.1263873,0.1621098,0.1827549,0.2136804,0.1340873,0.1447794,0.1304236,0.1343848,0.1410873,0.1410645,0.198481,0.3604415,0.1655645,0.2667705,0.2412546,0.5008215,0.1680633,0.4518409,0.2171341,0.2790245,0.1766013,0.3166656,0.159472,0.1485198,0.1539072,0.149932,0.1369238,0.1776755,0.1562475,0.1856742,0.1724659,0.2926849,0.2072293,0.3921783,0.3177452,0.5183527,0.1387858,0.1206574,0.2932203,0.3588816,0.1221176,0.1428462,0.1205223,0.1166307,0.1248255,0.1490232,0.126284,0.1430131,0.1417493,0.1463218,0.2486512,0.2866119,0.1377309,0.2224898,0.120422,0.117174,0.1340591,0.1448899,0.1781842,0.3307824,0.1602591,0.231128,0.1973273,0.488476,0.1691749,0.3651448,0.1419178,0.2352945,0.1987531,0.2941985
0.1282299,0.1399477,0.4293906,0.1100594,0.1630558,0.137191,0.1211006,0.1125705,0.1605934,0.1323777,0.1545892,0.1262703,0.1185924,0.1730232,0.1380675,0.2084716,0.1693739,0.2130728,0.1550838,0.1708408,0.1185605,0.1583849,0.111675,0.1441094,0.1146059,0.123723,0.114665,0.1297603,0.1126055,0.1212544,0.1124728,0.1130428,0.1117041,0.1510914,0.12599,0.1954382,0.1123566,0.1462442,0.1291452,0.1521716,0.1248152,0.1603389,0.1298915,0.1644502,0.1213016,0.2375941,0.1161342,0.2411523,0.1282673,0.1238343,0.1088957,0.1521147,0.1121352,0.1362073,0.1265001,0.160217,0.1258127,0.1530681,0.1400018,0.1709016,0.1411953,0.1479947,0.1214259,0.3100926,0.1136332,0.2623648,0.1189684,0.2180167,0.1173856,0.1855849,0.1162881,0.2305122,0.1652876,0.1373727,0.1306662,0.1844883,0.110834,0.1458266,0.1354082,0.2790569,0.1113812,0.1363872,0.1167928,0.215883,0.1128852,0.1310115,0.1309714,0.1561477,0.1263238,0.2107781,0.1151225,0.1149215,0.1309193
0.1190332,0.1489716,0.1100594,0.3960535,0.1315528,0.1810723,0.1225056,0.1615174,0.1159532,0.1292529,0.1150045,0.1221399,0.121295,0.1421773,0.1624417,0.1654082,0.1605178,0.1550417,0.2195538,0.112034,0.1905716,0.1170819,0.146836,0.1111824,0.1506951,0.1138397,0.1168069,0.1103157,0.1417528,0.1091625,0.1288391,0.109876,0.1097739,0.1172859,0.173099,0.1192176,0.1754767,0.1202026,0.150153,0.117143,0.1594067,0.1251042,0.1800999,0.1152441,0.2189576,0.1147732,0.2578812,0.1271466,0.2552929,0.1136092,0.1266344,0.118469,0.1474609,0.1223556,0.136543,0.1216359,0.1619389,0.1346806,0.1592723,0.1330463,0.1675648,0.1245488,0.1575588,0.1147718,0.3456997,0.1283244,0.2675516,0.1133607,0.2301242,0.1139126,0.215654,0.1690862,0.2286576,0.1270443,0.1368046,0.1150699,0.2072155,0.128791,0.1508886,0.1137617,0.2808132,0.1113322,0.1606249,0.1118118,0.2112889,0.1189157,0.1499091,0.1138395,0.1710971,0.1130882,0.1944429,0.12999,0.1561692
0.2135194,0.18107,0.1630558,0.1315528,0.3265059,0.2732737,0.2174199,0.2075122,0.3277327,0.2946422,0.2834629,0.137193,0.1235142,0.1470263,0.1391861,0.2421384,0.2445436,0.2625481,0.2264284,0.1459924,0.1323437,0.1463005,0.1250388,0.1396054,0.1209248,0.1443348,0.1369728,0.1203546,0.1147048,0.119986,0.1120042,0.1179935,0.1148866,0.2420461,0.200455,0.1809841,0.1267614,0.2337256,0.220316,0.1942575,0.1593401,0.3070744,0.2542567,0.2622051,0.1815622,0.2272554,0.1556833,0.2496745,0.1794081,0.1357029,0.1279162,0.137507,0.1307199,0.1704436,0.1522926,0.1827138,0.1622753,0.2119404,0.1941376,0.123962,0.1208895,0.2363863,0.2221343,0.1433923,0.130658,0.15334,0.1311471,0.1336445,0.1252722,0.1295164,0.1175532,0.1814777,0.1726697,0.16877,0.1649437,0.1476452,0.1320225,0.1216209,0.1190299,0.1529034,0.1252178,0.1925893,0.1642663,0.1736262,0.1491815,0.1859354,0.1710699,0.1619006,0.1563038,0.1551747,0.1327576,0.2353001,0.2459724
0.1690124,0.2138752,0.137191,0.1810723,0.2732737,0.3655093,0.1889282,0.2405582,0.2146702,0.4374819,0.2187281,0.1446112,0.1314971,0.1383108,0.1481825,0.2154674,0.2297806,0.2177479,0.286427,0.1330156,0.1781279,0.131658,0.1559386,0.1311852,0.1413834,0.1437627,0.1372346,0.1185271,0.1258133,0.1220511,0.1174605,0.1186416,0.1158629,0.2048969,0.2414796,0.1535179,0.177566,0.210957,0.2262949,0.1674236,0.2000794,0.2212463,0.3562435,0.20099,0.2655554,0.1634609,0.231265,0.1794483,0.2455476,0.1384681,0.1364941,0.1295225,0.1491392,0.1679913,0.1809462,0.1519264,0.2047967,0.1992111,0.2355857,0.1253381,0.1301015,0.2095389,0.2331469,0.1346527,0.1730058,0.1398602,0.1589817,0.1219532,0.1558827,0.1150491,0.1491821,0.1657158,0.2128795,0.1741355,0.1861887,0.1338679,0.1622208,0.1227445,0.1290543,0.1320922,0.16439,0.1599766,0.2027113,0.1399735,0.19127,0.1521542,0.2072611,0.1386646,0.1943261,0.127347,0.1613269,0.2805921,0.2131674
0.5993192,0.3301671,0.1211006,0.1225056,0.2174199,0.1889282,0.5332795,0.1355989,0.1908496,0.1179683,0.2186181,0.258569,0.2111127,0.1621896,0.1528554,0.1704998,0.1677967,0.1270933,0.1195662,0.2308708,0.1465299,0.2431922,0.1425157,0.2027283,0.1456251,0.2192072,0.2202172,0.1308226,0.1354028,0.1224899,0.1216873,0.1153781,0.1090434,0.2927841,0.2306239,0.2952127,0.1397837,0.3464189,0.3270053,0.4446745,0.2135188,0.2831456,0.2267324,0.2431973,0.1332543,0.1320112,0.1211933,0.1230269,0.1172295,0.189197,0.1419285,0.2141468,0.1198055,0.3683223,0.2001124,0.4163484,0.232642,0.5908152,0.3976908,0.1604857,0.1483361,0.3503905,0.3431193,0.1521188,0.1226527,0.1255347,0.1168157,0.1768513,0.1383076,0.1480015,0.1393107,0.137409,0.1343902,0.3666696,0.3313424,0.2106845,0.1410305,0.1174003,0.1270317,0.1679277,0.1246635,0.2545861,0.1584077,0.1802298,0.1415103,0.4591232,0.2658975,0.2644403,0.216092,0.1951389,0.1374836,0.3565129,0.2101089
0.1784584,0.1895577,0.1125705,0.1615174,0.2075122,0.2405582,0.1355989,0,0.2930503,0.1201623,0.2311416,0.1230976,0.1278571,0.1190913,0.1145709,0.1801229,0.3250921,0.1370781,0.1595552,0.137146,0.1532641,0.1248545,0.2856359,0.1303463,0.1499818,0.1254827,0.1643855,0.1341273,0.1339512,0.1259612,0.1332156,0.1157163,0.1453526,0.1653259,0.4492514,0.1474008,0.3295639,0.1811287,0.3160428,0.1603065,0.2997528,0.233301,0.3057785,0.1820512,0.2833142,0.1453575,0.1785814,0.1339708,0.1552725,0.1163119,0.2726447,0.1362168,0.2592749,0.1705769,0.3137955,0.1639894,0.3631242,0.2433015,0.3051452,0.1419155,0.1242047,0.228125,0.4189061,0.1130248,0.1347723,0.1175823,0.1167116,0.1158999,0.1317485,0.1225997,0.1284977,0.1409515,0.1732339,0.2026157,0.2509582,0.1541337,0.1859084,0.1159915,0.1213758,0.1118012,0.1530783,0.1317441,0.3916345,0.1242492,0.3293145,0.1647398,0.3469744,0.1451929,0.279965,0.1240745,0.2820986,0.3137801,0.5515839
0.2914166,0.2677659,0.1605934,0.1159532,0.3277327,0.2146702,0.1908496,0.2930503,0.437112,0.2445213,0.4613527,0.1249154,0.1214675,0.1419533,0.1413299,0.3323031,0.3624304,0.1914711,0.1522575,0.1631867,0.1190207,0.1549506,0.1245399,0.1499832,0.1141817,0.1289921,0.1306317,0.1163285,0.1149542,0.1085313,0.1161833,0.1073128,0.1130162,0.3309597,0.2517104,0.1842827,0.1335372,0.2868926,0.3053619,0.2181914,0.2039602,0.4424978,0.2284041,0.3524924,0.2368861,0.2650306,0.1557009,0.1954824,0.135226,0.1186829,0.1370773,0.1249431,0.1372157,0.157096,0.1606079,0.2245108,0.168861,0.2625524,0.2203493,0.118459,0.1216909,0.3066794,0.263306,0.1369785,0.1175591,0.1305082,0.1137663,0.1348461,0.1205725,0.1318998,0.1138501,0.1702833,0.1427373,0.1639264,0.1667452,0.155083,0.12822,0.1101514,0.1206334,0.158443,0.122771,0.2783587,0.1919878,0.2329609,0.1562601,0.2423161,0.1788351,0.1902446,0.1628441,0.1715128,0.1480966,0.1956751,0.3888962
0.152868,0.2638346,0.1323777,0.1292529,0.2946422,0.4374819,0.1179683,0.1201623,0.2445213,0,0.303991,0.1410077,0.1319287,0.1187814,0.1105416,0.2070271,0.1857775,0.1979155,0.2405408,0.1300274,0.1411502,0.1127051,0.1248704,0.1223528,0.1280068,0.1552438,0.1694535,0.1149717,0.1251361,0.1251217,0.1161016,0.1364485,0.1333877,0.2661509,0.2331566,0.1534627,0.1387901,0.2546417,0.2484105,0.1620262,0.1845194,0.234754,0.4625053,0.2928351,0.3204382,0.2367248,0.2338439,0.1811214,0.2062211,0.1369856,0.1184883,0.1122896,0.1181962,0.1532175,0.1810335,0.1183918,0.176272,0.1715252,0.2320512,0.1163986,0.1211858,0.2331308,0.2251039,0.1297058,0.1236807,0.1324206,0.115782,0.116665,0.1226278,0.1121612,0.1202279,0.1365662,0.1574464,0.1698713,0.1784547,0.1104324,0.1339134,0.1041785,0.1039805,0.1300745,0.1241946,0.1861399,0.2511309,0.1511348,0.2030001,0.1362737,0.2056077,0.1248119,0.1669051,0.1210464,0.1478904,0.3635355,0.1234759
0.2954167,0.183207,0.1545892,0.1150045,0.2834629,0.2187281,0.2186181,0.2311416,0.4613527,0.303991,0.2879041,0.1218937,0.1188402,0.1351513,0.1294477,0.3163482,0.3160949,0.1703665,0.1521947,0.1359676,0.1100487,0.1295586,0.1218962,0.1300932,0.1106013,0.1224089,0.1199535,0.1108919,0.1150012,0.1128346,0.115416,0.1127023,0.1152809,0.3519429,0.2172882,0.1919029,0.1237918,0.2848542,0.2437615,0.2146977,0.1603184,0.3972992,0.2507689,0.4067335,0.2117482,0.265787,0.1551334,0.1816214,0.1386745,0.1154051,0.1240809,0.1097792,0.1288546,0.1435635,0.1338832,0.1879071,0.1575326,0.2247961,0.1837168,0.111267,0.1083318,0.3047361,0.243846,0.1195835,0.1145954,0.1180955,0.1115075,0.1179137,0.111329,0.1192967,0.1098662,0.1533363,0.1380218,0.1440932,0.1416574,0.1363686,0.1194986,0.1054362,0.115472,0.1318269,0.1148743,0.2733306,0.1801882,0.2316352,0.155127,0.2358498,0.170709,0.168398,0.1479081,0.1609378,0.1350748,0.2772137,0.2943459
0.1656156,0.1579689,0.1262703,0.1221399,0.137193,0.1446112,0.258569,0.1230976,0.1249154,0.1410077,0.1218937,0.340304,0.3237805,0.2106923,0.2243627,0.2031331,0.2029812,0.1247024,0.1188378,0.197273,0.158158,0.2281414,0.1584539,0.2187245,0.1549534,0.2983032,0.2797823,0.221073,0.1792133,0.2410504,0.1912373,0.3004062,0.2561905,0.1469506,0.1440714,0.1786516,0.1343569,0.1539371,0.1588304,0.2187977,0.1588625,0.1392858,0.1436003,0.1279235,0.1278533,0.1185236,0.1138242,0.1186016,0.1157356,0.2528337,0.1917861,0.2134303,0.1505669,0.2674524,0.2132387,0.232127,0.1584893,0.2183513,0.1892183,0.1407077,0.1327175,0.156621,0.1548812,0.1528077,0.1373086,0.1431392,0.1306117,0.1629783,0.1480089,0.1776458,0.155763,0.1590481,0.1607577,0.2591326,0.2352274,0.1541684,0.1311546,0.2021886,0.1918171,0.1540372,0.1345614,0.1488474,0.1399629,0.1394964,0.1270119,0.1816308,0.1678142,0.1804532,0.1601489,0.1493195,0.1285899,0.1558685,0.1643631
0.1511971,0.1390834,0.1185924,0.121295,0.1235142,0.1314971,0.2111127,0.1278571,0.1214675,0.1319287,0.1188402,0.3237805,0.3695017,0.1913749,0.229232,0.1620846,0.1632618,0.1145721,0.1139452,0.1466417,0.2180579,0.1741226,0.19486,0.1620513,0.2063492,0.2521527,0.2719649,0.1702861,0.235275,0.1959963,0.2528191,0.284275,0.3160912,0.1300668,0.1343207,0.1411281,0.140728,0.1388697,0.1396112,0.1652074,0.1732166,0.1257506,0.1278357,0.1211755,0.1206304,0.1158139,0.1108026,0.1111526,0.1138317,0.1909367,0.235379,0.1785271,0.1695227,0.2100465,0.2236921,0.1719749,0.1686565,0.1745833,0.1750876,0.1489533,0.1405723,0.1369463,0.1389414,0.133678,0.1397108,0.136619,0.1294941,0.1418948,0.1604649,0.1507938,0.175977,0.1458837,0.1504039,0.2211435,0.2223631,0.1291326,0.1442516,0.17222,0.1874143,0.1313567,0.1424801,0.134591,0.1354885,0.1264669,0.1247658,0.1505362,0.1554228,0.1513539,0.1558898,0.126597,0.1320015,0.1365957,0.1382551
0.1646408,0.1283017,0.1730232,0.1421773,0.1470263,0.1383108,0.1621896,0.1190913,0.1419533,0.1187814,0.1351513,0.2106923,0.1913749,0.3397067,0.3226053,0.2832871,0.2779295,0.150856,0.1343977,0.2018149,0.1805032,0.1841546,0.1401108,0.165168,0.1448436,0.1705393,0.149536,0.174784,0.162975,0.1787871,0.1636342,0.1685516,0.1571577,0.1549043,0.1446103,0.2039552,0.1679682,0.1730768,0.1411526,0.2120411,0.1555406,0.1474459,0.1452832,0.1324262,0.1292121,0.1279359,0.1173875,0.1424084,0.1308538,0.1819998,0.1461844,0.1723594,0.1469235,0.1789633,0.1429906,0.2012537,0.1373996,0.1799983,0.1330694,0.2991361,0.2642274,0.1779727,0.1430914,0.2375271,0.165152,0.2092424,0.1679483,0.2485785,0.1899528,0.2435696,0.1893422,0.2389224,0.2259457,0.1624507,0.1485892,0.2385559,0.1821076,0.2632943,0.2503237,0.2220727,0.1621108,0.1480225,0.1341972,0.1554475,0.1277933,0.1842722,0.1447651,0.1841934,0.1536222,0.1906127,0.139096,0.1541951,0.1742466
0.155686,0.1412393,0.1380675,0.1624417,0.1391861,0.1481825,0.1528554,0.1145709,0.1413299,0.1105416,0.1294477,0.2243627,0.229232,0.3226053,0.3465638,0.2343964,0.251728,0.1385871,0.1429343,0.1665056,0.2201899,0.1537248,0.1642472,0.1388493,0.1861252,0.1694006,0.1851519,0.1517913,0.2049551,0.158675,0.2114716,0.17802,0.1899594,0.1491919,0.1508293,0.1714785,0.1992518,0.1614523,0.1546079,0.1852745,0.1848741,0.1422794,0.1486435,0.128249,0.1343485,0.1194082,0.1220104,0.124927,0.1410343,0.1618892,0.1714075,0.1500692,0.1603688,0.1606381,0.1647909,0.1742915,0.149971,0.1635346,0.1408401,0.2611482,0.2479219,0.1701263,0.1490731,0.1782113,0.1920822,0.1564382,0.1903689,0.1976203,0.2266569,0.196403,0.2383286,0.1964393,0.2174708,0.1619249,0.1608661,0.1951052,0.2190012,0.2629718,0.2923693,0.1700592,0.1922226,0.1460491,0.1378155,0.1419694,0.1342657,0.1769917,0.1518293,0.1701675,0.1656305,0.1581522,0.1580849,0.1504397,0.192212
0.1810511,0.1611067,0.2084716,0.1654082,0.2421384,0.2154674,0.1704998,0.1801229,0.3323031,0.2070271,0.3163482,0.2031331,0.1620846,0.2832871,0.2343964,0.6352631,0.6724761,0.1935124,0.1909888,0.2300231,0.1479023,0.2486349,0.1309372,0.1956703,0.1205453,0.2113601,0.177722,0.1490422,0.123594,0.1388644,0.116305,0.124165,0.1154425,0.3255117,0.2216176,0.2419538,0.1255124,0.2676725,0.2403511,0.2635638,0.1629967,0.2941203,0.2471829,0.2670526,0.1832944,0.192704,0.1598796,0.1866769,0.1711053,0.1870354,0.1408857,0.197407,0.1442971,0.2258901,0.1567501,0.2969143,0.1287015,0.2105891,0.1287972,0.1683343,0.160955,0.3162015,0.21233,0.2307847,0.1721281,0.2084229,0.1642518,0.2098555,0.1552891,0.1892623,0.1394511,0.3025996,0.2743909,0.2084103,0.1744626,0.2265525,0.1459724,0.1401389,0.132213,0.2419565,0.1640547,0.2417718,0.1545128,0.2377419,0.1643201,0.2621286,0.1502796,0.2074932,0.1403548,0.2102415,0.1510344,0.3587429,0.3755272
0.1581138,0.1570382,0.1693739,0.1605178,0.2445436,0.2297806,0.1677967,0.3250921,0.3624304,0.1857775,0.3160949,0.2029812,0.1632618,0.2779295,0.251728,0.6724761,0.5790372,0.1590168,0.1673995,0.2118137,0.165853,0.234741,0.1652638,0.1788728,0.1309685,0.2282023,0.2172964,0.1486866,0.125996,0.1480558,0.1227785,0.1208074,0.1161393,0.3140752,0.2718118,0.2211337,0.1444103,0.2704144,0.2900091,0.2529588,0.1982927,0.3100052,0.2830772,0.2735114,0.2172988,0.1880254,0.1570223,0.1622847,0.1490731,0.2148652,0.1908215,0.191509,0.187058,0.2441367,0.1969223,0.2743502,0.1545491,0.1869264,0.128528,0.1657232,0.1612282,0.3436739,0.2693387,0.2037825,0.1661566,0.167422,0.1526243,0.1926817,0.1589231,0.172297,0.137327,0.2525543,0.2535051,0.2263791,0.2057873,0.2086309,0.1584321,0.1325589,0.1270413,0.2069109,0.1667107,0.2343399,0.1869066,0.231993,0.1953958,0.2504414,0.1840253,0.1990995,0.1515062,0.1958016,0.1760214,0.3923141,0.5127451
0.1371687,0.1627848,0.2130728,0.1550417,0.2625481,0.2177479,0.1270933,0.1370781,0.1914711,0.1979155,0.1703665,0.1247024,0.1145721,0.150856,0.1385871,0.1935124,0.1590168,0.3898303,0.2958297,0.1359132,0.1196345,0.1397503,0.1117692,0.1261906,0.1128047,0.1353623,0.1334327,0.1229012,0.1152198,0.1188746,0.1153541,0.1220293,0.1159317,0.1490294,0.1537778,0.1433256,0.1294105,0.1509487,0.1508726,0.1398498,0.1313418,0.1866428,0.1836963,0.163769,0.165022,0.2392746,0.1691767,0.3347251,0.224267,0.1258473,0.1156121,0.1376589,0.1146142,0.138733,0.1331978,0.1506868,0.1314485,0.1495642,0.1407225,0.1267378,0.1214209,0.150153,0.1446046,0.1726378,0.1458976,0.2195594,0.1604094,0.1430039,0.127679,0.13693,0.1218082,0.2405923,0.2114213,0.1444061,0.1357274,0.1436803,0.1274924,0.1472486,0.1371782,0.1617252,0.1306113,0.1320248,0.1338552,0.1470729,0.127304,0.135255,0.1416257,0.139149,0.1313008,0.1427681,0.1253516,0.1269303,0.1367494
0.1238396,0.1492526,0.1550838,0.2195538,0.2264284,0.286427,0.1195662,0.1595552,0.1522575,0.2405408,0.1521947,0.1188378,0.1139452,0.1343977,0.1429343,0.1909888,0.1673995,0.2958297,0.3691831,0.1149214,0.1442399,0.1167235,0.1188565,0.1124749,0.1200966,0.1269355,0.122047,0.1130559,0.1183836,0.1130967,0.115056,0.1157069,0.1124867,0.143508,0.1685133,0.1232237,0.143194,0.1450845,0.1526139,0.1249285,0.1370902,0.1612172,0.227132,0.145142,0.1959341,0.1561006,0.2568754,0.2065175,0.3540043,0.1230104,0.1124526,0.1184662,0.12118,0.1277641,0.128127,0.1234645,0.1368186,0.1259206,0.1398739,0.1173223,0.1261416,0.1461069,0.1580384,0.1371409,0.190024,0.1618433,0.2120599,0.1148016,0.1537701,0.1125773,0.1395541,0.1934783,0.2472234,0.129043,0.1291721,0.1225827,0.1433503,0.1295598,0.1315678,0.1237324,0.1648097,0.1297735,0.1434751,0.129831,0.1518206,0.1267183,0.1401704,0.1182638,0.1439434,0.1202762,0.1346955,0.1635181,0.137016
0.2114887,0.1177007,0.1708408,0.112034,0.1459924,0.1330156,0.2308708,0.137146,0.1631867,0.1300274,0.1359676,0.197273,0.1466417,0.2018149,0.1665056,0.2300231,0.2118137,0.1359132,0.1149214,0.3633563,0.115666,0.2807993,0.130116,0.3310702,0.1272117,0.1788515,0.1509481,0.2397316,0.129564,0.1878917,0.1271636,0.1483301,0.1272559,0.1625323,0.1333479,0.2665461,0.1190415,0.1935134,0.1346093,0.3037589,0.121068,0.1545049,0.1362768,0.1272077,0.1186725,0.1269508,0.1126499,0.1291168,0.1106656,0.1908092,0.136857,0.2429213,0.1334637,0.2058565,0.1481348,0.2617333,0.1353021,0.2539923,0.1493017,0.158074,0.1634279,0.1786831,0.142714,0.2257981,0.112063,0.1558862,0.1172952,0.2632793,0.1257397,0.2617733,0.1272619,0.1645015,0.1460668,0.1922619,0.1643637,0.2929969,0.1208394,0.1625177,0.1545717,0.2698918,0.1143018,0.1557122,0.1287074,0.1811814,0.1222983,0.2063571,0.1362162,0.2594554,0.1361308,0.2545745,0.1175044,0.1817768,0.1482889
0.1250709,0.1951508,0.1185605,0.1905716,0.1323437,0.1781279,0.1465299,0.1532641,0.1190207,0.1411502,0.1100487,0.158158,0.2180579,0.1805032,0.2201899,0.1479023,0.165853,0.1196345,0.1442399,0.115666,0.4493906,0.1459561,0.3064987,0.1403875,0.3787475,0.1421829,0.1859566,0.1346463,0.2864026,0.1386393,0.2251398,0.1487436,0.1863898,0.1137158,0.1758208,0.1334839,0.2496152,0.1221299,0.1655873,0.1209175,0.3037123,0.1265375,0.1642046,0.1092477,0.1326223,0.1101551,0.1330137,0.1097042,0.1367511,0.1307798,0.2491552,0.157325,0.2720886,0.1443118,0.2488053,0.1331984,0.2923786,0.1612823,0.2825464,0.197803,0.2027537,0.1259488,0.1693392,0.1235492,0.2376011,0.127026,0.1539454,0.132813,0.2830071,0.1300728,0.2978194,0.1389537,0.1766546,0.1708045,0.2106494,0.1399858,0.2895874,0.1615905,0.1764223,0.1247377,0.2770079,0.1155719,0.1775771,0.1190632,0.1764057,0.1322564,0.2312049,0.1264576,0.2911866,0.1286946,0.2251831,0.1222844,0.1588008
0.1821747,0.1498828,0.1583849,0.1170819,0.1463005,0.131658,0.2431922,0.1248545,0.1549506,0.1127051,0.1295586,0.2281414,0.1741226,0.1841546,0.1537248,0.2486349,0.234741,0.1397503,0.1167235,0.2807993,0.1459561,0.4924644,0.1436059,0.3649829,0.1407615,0.342052,0.2097662,0.2393525,0.1366756,0.2169043,0.1457162,0.1952505,0.1771369,0.188384,0.1538325,0.2265698,0.1273415,0.1923115,0.1441266,0.3061576,0.1461794,0.1590028,0.130624,0.1271744,0.1230311,0.1321129,0.1124196,0.1297524,0.1086185,0.3556873,0.1460989,0.5175469,0.1627592,0.3698955,0.1897737,0.4352376,0.184982,0.2938238,0.2079779,0.1521208,0.147591,0.1956486,0.149163,0.1823108,0.1160423,0.1487829,0.109574,0.2022913,0.1232351,0.1964351,0.1252986,0.1616267,0.1359168,0.316833,0.2294175,0.2263758,0.1250375,0.1635114,0.1384664,0.209782,0.1239892,0.1908771,0.1411888,0.1913978,0.1250677,0.2495333,0.1988895,0.2729594,0.1908274,0.2140499,0.1281504,0.1356483,0.1689344
0.167628,0.2271847,0.111675,0.146836,0.1250388,0.1559386,0.1425157,0.2856359,0.1245399,0.1248704,0.1218962,0.1584539,0.19486,0.1401108,0.1642472,0.1309372,0.1652638,0.1117692,0.1188565,0.130116,0.3064987,0.1436059,0.4718186,0.1460159,0.3528715,0.1673618,0.2466047,0.1487114,0.2872414,0.1576704,0.2281605,0.1855189,0.201998,0.1453971,0.2271966,0.1289267,0.2467798,0.1517117,0.1949942,0.1479382,0.3467623,0.1396898,0.1687593,0.1219692,0.1513591,0.1146186,0.1250287,0.1097958,0.1198868,0.163211,0.406253,0.144436,0.4840934,0.1744057,0.3571089,0.1625743,0.4214094,0.2215375,0.3432319,0.1538377,0.1635436,0.1666602,0.2280807,0.1221523,0.1620799,0.1269741,0.1287612,0.1270329,0.2050085,0.1247334,0.2249324,0.1287838,0.1424449,0.2141338,0.2845294,0.1306843,0.2383956,0.1361772,0.1616766,0.1232409,0.2029678,0.1407615,0.2301639,0.1267584,0.204283,0.1614259,0.2991787,0.1438452,0.3237068,0.1278397,0.2413074,0.1506791,0.1797773
0.1631818,0.1263873,0.1441094,0.1111824,0.1396054,0.1311852,0.2027283,0.1303463,0.1499832,0.1223528,0.1300932,0.2187245,0.1620513,0.165168,0.1388493,0.1956703,0.1788728,0.1261906,0.1124749,0.3310702,0.1403875,0.3649829,0.1460159,0.3991129,0.1439723,0.2228428,0.1618864,0.2904513,0.140184,0.2317875,0.1450404,0.195277,0.1650564,0.1497264,0.1339718,0.1931461,0.1172375,0.158604,0.1262787,0.2637337,0.1330013,0.1454786,0.1288482,0.1225105,0.1161642,0.1211196,0.1121079,0.1226664,0.1090695,0.2144657,0.1507146,0.3297783,0.14619,0.2291302,0.1608866,0.2817688,0.1588062,0.2297543,0.1636698,0.1373949,0.1398007,0.1546563,0.1386455,0.179435,0.1114172,0.1405121,0.1095881,0.2101843,0.1202874,0.2253913,0.1267454,0.145441,0.1299016,0.2025339,0.1681079,0.2141992,0.1176561,0.1583853,0.1437043,0.2161297,0.1136269,0.1397498,0.1289148,0.1492421,0.1195373,0.1829745,0.1533558,0.2294985,0.1523344,0.1942285,0.1177865,0.1332027,0.1350992
0.1424877,0.1621098,0.1146059,0.1506951,0.1209248,0.1413834,0.1456251,0.1499818,0.1141817,0.1280068,0.1106013,0.1549534,0.2063492,0.1448436,0.1861252,0.1205453,0.1309685,0.1128047,0.1200966,0.1272117,0.3787475,0.1407615,0.3528715,0.1439723,0.4775811,0.1717372,0.2073409,0.1347751,0.3416999,0.1519231,0.2492193,0.1667835,0.2070802,0.1237894,0.1519438,0.1242841,0.2009184,0.1289193,0.147163,0.1385812,0.2732816,0.1200411,0.136161,0.1127751,0.1203688,0.1126366,0.1186831,0.1104994,0.1173216,0.164916,0.2508019,0.1447319,0.2943854,0.1575745,0.2345962,0.142321,0.2723825,0.1623257,0.2229753,0.1515859,0.1621463,0.1309462,0.1527127,0.1159314,0.1860262,0.1157328,0.1315002,0.1235078,0.2462867,0.1192013,0.2748032,0.1209415,0.1383427,0.1686688,0.19445,0.1359008,0.2422913,0.1395619,0.1668538,0.1182113,0.2359178,0.1260027,0.1516375,0.1240666,0.1507955,0.148752,0.187552,0.1431297,0.2313156,0.1240568,0.195647,0.1235659,0.1377771
0.1625794,0.1827549,0.123723,0.1138397,0.1443348,0.1437627,0.2192072,0.1254827,0.1289921,0.1552438,0.1224089,0.2983032,0.2521527,0.1705393,0.1694006,0.2113601,0.2282023,0.1353623,0.1269355,0.1788515,0.1421829,0.342052,0.1673618,0.2228428,0.1717372,0.4384136,0.3970205,0.2001669,0.1765845,0.2470377,0.1890431,0.2883744,0.2840798,0.1736318,0.1606464,0.1746012,0.1235353,0.176883,0.1794958,0.2313782,0.1649477,0.1466886,0.1458854,0.1290896,0.1295279,0.127725,0.1261867,0.124306,0.1205874,0.3992607,0.2226901,0.341086,0.1619299,0.4156193,0.2803265,0.3207159,0.1784576,0.2195006,0.1992752,0.1308531,0.1225403,0.1859456,0.164762,0.1459406,0.1155921,0.1271226,0.1116723,0.1537944,0.1211593,0.1559221,0.1218404,0.1343718,0.1240212,0.3883837,0.3212814,0.162222,0.1221046,0.1624605,0.1368943,0.146728,0.1196264,0.1836231,0.1450641,0.1642805,0.1253415,0.2169201,0.2015089,0.2057045,0.178237,0.161406,0.1278306,0.1662017,0.2037695
0.1619487,0.2136804,0.114665,0.1168069,0.1369728,0.1372346,0.2202172,0.1643855,0.1306317,0.1694535,0.1199535,0.2797823,0.2719649,0.149536,0.1851519,0.177722,0.2172964,0.1334327,0.122047,0.1509481,0.1859566,0.2097662,0.2466047,0.1618864,0.2073409,0.3970205,0.4716848,0.1582842,0.2204065,0.1954045,0.2234209,0.2666795,0.3026115,0.1381321,0.1797259,0.1581736,0.1477157,0.1592674,0.2160787,0.1724118,0.2164338,0.1354471,0.1480626,0.1257381,0.1340717,0.1342067,0.1190476,0.1230031,0.1188472,0.2518461,0.3717464,0.2055036,0.195443,0.3008114,0.3703686,0.2015855,0.2159676,0.1856281,0.1989723,0.126058,0.1280301,0.1636619,0.1903547,0.1292088,0.1163143,0.1239113,0.1105297,0.1337372,0.1320088,0.1339261,0.1372057,0.1265706,0.1231938,0.360546,0.3697435,0.1412308,0.1465024,0.1328353,0.1507529,0.126968,0.1251984,0.1438649,0.1647006,0.1357541,0.1380076,0.1647452,0.2058254,0.1719271,0.181168,0.1395988,0.1504719,0.1704634,0.2155528
0.1270836,0.1340873,0.1297603,0.1103157,0.1203546,0.1185271,0.1308226,0.1341273,0.1163285,0.1149717,0.1108919,0.221073,0.1702861,0.174784,0.1517913,0.1490422,0.1486866,0.1229012,0.1130559,0.2397316,0.1346463,0.2393525,0.1487114,0.2904513,0.1347751,0.2001669,0.1582842,0.3072227,0.1429144,0.2717491,0.1619047,0.2307913,0.1825991,0.123819,0.1313872,0.1559379,0.1128789,0.1337697,0.1269307,0.1859777,0.1337818,0.1190668,0.121092,0.1113483,0.117997,0.11454,0.1109885,0.1172931,0.1117754,0.2347813,0.1619527,0.2285125,0.1493157,0.1944592,0.1566445,0.1896802,0.1483902,0.1548773,0.143215,0.1327209,0.1357838,0.1351832,0.1298933,0.1615574,0.1121008,0.1339815,0.1146669,0.1907173,0.1214534,0.2308229,0.1281034,0.1377306,0.1320266,0.1728195,0.1524168,0.1699548,0.1137653,0.2065749,0.1667912,0.1716252,0.1064794,0.1234328,0.1314318,0.1257905,0.1172951,0.1425575,0.1485008,0.1671735,0.1413609,0.1486514,0.1137282,0.1311507,0.1290959
0.1523269,0.1447794,0.1126055,0.1417528,0.1147048,0.1258133,0.1354028,0.1339512,0.1149542,0.1251361,0.1150012,0.1792133,0.235275,0.162975,0.2049551,0.123594,0.125996,0.1152198,0.1183836,0.129564,0.2864026,0.1366756,0.2872414,0.140184,0.3416999,0.1765845,0.2204065,0.1429144,0.3250037,0.1727069,0.2772016,0.1931052,0.2334411,0.1294502,0.1433654,0.1221813,0.1727167,0.131401,0.1437075,0.1389632,0.2017344,0.1190829,0.1255527,0.1156801,0.1176279,0.1133895,0.1136178,0.111454,0.1181547,0.1807596,0.2685488,0.146291,0.2708843,0.1573752,0.2237125,0.1373796,0.2251914,0.150853,0.174547,0.153733,0.1628132,0.131353,0.1491334,0.1201375,0.1706223,0.1257929,0.1390401,0.1284872,0.2076165,0.1325011,0.2501571,0.1309084,0.140275,0.1708239,0.1951552,0.1346179,0.195023,0.1819824,0.2145172,0.1128112,0.1846823,0.1306412,0.1435987,0.122088,0.1372172,0.1543614,0.1730331,0.1427953,0.190711,0.1207194,0.157149,0.1263307,0.1336315
0.1219519,0.1304236,0.1212544,0.1091625,0.119986,0.1220511,0.1224899,0.1259612,0.1085313,0.1251217,0.1128346,0.2410504,0.1959963,0.1787871,0.158675,0.1388644,0.1480558,0.1188746,0.1130967,0.1878917,0.1386393,0.2169043,0.1576704,0.2317875,0.1519231,0.2470377,0.1954045,0.2717491,0.1727069,0.3027796,0.1803558,0.2774831,0.2187113,0.1291772,0.1322234,0.136621,0.1144267,0.1307119,0.1276412,0.1692604,0.1326504,0.1185708,0.1270298,0.1154918,0.1225267,0.1137392,0.1135908,0.1135174,0.1117015,0.2797173,0.1729833,0.2100574,0.1599366,0.2244451,0.1714897,0.1820128,0.1521432,0.1387807,0.1393305,0.149651,0.1386658,0.1369613,0.1314177,0.146562,0.1103485,0.1293178,0.1121663,0.1680662,0.1186187,0.2094218,0.1253579,0.1291453,0.1246933,0.1932262,0.1722238,0.1461923,0.1136703,0.2338663,0.1768917,0.149688,0.1086253,0.1314125,0.1336027,0.1274981,0.1203888,0.1457545,0.1546019,0.1615071,0.1449969,0.1336596,0.1147451,0.1320193,0.133619
0.1394201,0.1343848,0.1124728,0.1288391,0.1120042,0.1174605,0.1216873,0.1332156,0.1161833,0.1161016,0.115416,0.1912373,0.2528191,0.1636342,0.2114716,0.116305,0.1227785,0.1153541,0.115056,0.1271636,0.2251398,0.1457162,0.2281605,0.1450404,0.2492193,0.1890431,0.2234209,0.1619047,0.2772016,0.1803558,0.2984492,0.2121128,0.2626779,0.1227186,0.1340656,0.1167439,0.1455634,0.1260705,0.1367886,0.1289067,0.1734612,0.1158387,0.118591,0.1156499,0.1176778,0.1132405,0.1116595,0.1116242,0.1142181,0.1675136,0.2520224,0.1630047,0.2094421,0.1527121,0.1962284,0.1313838,0.1724555,0.1287242,0.1342334,0.1480664,0.1650296,0.1247548,0.1364783,0.1179857,0.1528873,0.1197282,0.1373836,0.1235405,0.184989,0.1307746,0.224931,0.1244687,0.1326725,0.1643492,0.1748935,0.1259362,0.1672732,0.1996713,0.2563325,0.1130338,0.1565987,0.1286618,0.1343343,0.1180549,0.1256635,0.1433215,0.1496849,0.1393921,0.1562982,0.1163177,0.1354552,0.1238712,0.1294086
0.1158781,0.1410873,0.1130428,0.109876,0.1179935,0.1186416,0.1153781,0.1157163,0.1073128,0.1364485,0.1127023,0.3004062,0.284275,0.1685516,0.17802,0.124165,0.1208074,0.1220293,0.1157069,0.1483301,0.1487436,0.1952505,0.1855189,0.195277,0.1667835,0.2883744,0.2666795,0.2307913,0.1931052,0.2774831,0.2121128,0.3649424,0.3156391,0.1287344,0.1370969,0.1240453,0.1143484,0.1251999,0.1379322,0.1496558,0.1485392,0.1173439,0.1235962,0.1200995,0.1238594,0.1181177,0.1163893,0.1161895,0.1170775,0.2481149,0.2206467,0.2002348,0.1640348,0.2234893,0.2186913,0.1685835,0.170941,0.1287681,0.1502077,0.1235115,0.1176332,0.1306182,0.1339665,0.1240043,0.113584,0.1250702,0.1154381,0.12963,0.1228369,0.1579222,0.1306037,0.1296542,0.1261009,0.2140765,0.2024047,0.1248467,0.113341,0.2000398,0.1776653,0.1169625,0.1085302,0.1307486,0.1441684,0.1225145,0.1224759,0.1403209,0.15561,0.1436342,0.1510423,0.1198994,0.1190125,0.1168223,0.1180966
0.1222732,0.1410645,0.1117041,0.1097739,0.1148866,0.1158629,0.1090434,0.1453526,0.1130162,0.1333877,0.1152809,0.2561905,0.3160912,0.1571577,0.1899594,0.1154425,0.1161393,0.1159317,0.1124867,0.1272559,0.1863898,0.1771369,0.201998,0.1650564,0.2070802,0.2840798,0.3026115,0.1825991,0.2334411,0.2187113,0.2626779,0.3156391,0.3558857,0.1256459,0.1399165,0.1172401,0.1113727,0.1223936,0.1417309,0.1331802,0.1641454,0.116946,0.1186694,0.1195209,0.1198851,0.1184791,0.1126952,0.1116542,0.1143899,0.2070989,0.2758328,0.1909435,0.1679044,0.2016528,0.2461539,0.1540068,0.1722648,0.1186608,0.1351453,0.1227651,0.1192428,0.1219491,0.139204,0.1149196,0.1133481,0.1213304,0.114971,0.119049,0.1249693,0.1343738,0.1389654,0.1229147,0.1215563,0.2069221,0.2120305,0.1166672,0.1200553,0.1798281,0.1825047,0.108252,0.1114062,0.1320779,0.1416137,0.1191395,0.1211625,0.1360113,0.1588392,0.1376567,0.1490974,0.1140793,0.1192769,0.114432,0.1241086
0.3731864,0.198481,0.1510914,0.1172859,0.2420461,0.2048969,0.2927841,0.1653259,0.3309597,0.2661509,0.3519429,0.1469506,0.1300668,0.1549043,0.1491919,0.3255117,0.3140752,0.1490294,0.143508,0.1625323,0.1137158,0.188384,0.1453971,0.1497264,0.1237894,0.1736318,0.1381321,0.123819,0.1294502,0.1291772,0.1227186,0.1287344,0.1256459,0.3892586,0.2077879,0.2498368,0.1379738,0.3672436,0.2377008,0.2865382,0.168314,0.3391253,0.2443957,0.3376507,0.1874383,0.200883,0.1437046,0.1509609,0.1330171,0.1796274,0.1428723,0.1708009,0.1514978,0.2203643,0.1595045,0.2906397,0.1918883,0.2917347,0.223818,0.125734,0.1228712,0.3712082,0.2439573,0.1327548,0.1174791,0.1214834,0.1153263,0.1381855,0.1180139,0.1357198,0.1182489,0.1596965,0.1450653,0.2021337,0.1773987,0.1966976,0.1217974,0.1274082,0.1286316,0.1516277,0.1190946,0.3408453,0.1783811,0.2603555,0.1564552,0.3441362,0.2028711,0.2452109,0.171009,0.2076012,0.1419012,0.3779805,0.2779155
0.2041938,0.3604415,0.12599,0.173099,0.200455,0.2414796,0.2306239,0.4492514,0.2517104,0.2331566,0.2172882,0.1440714,0.1343207,0.1446103,0.1508293,0.2216176,0.2718118,0.1537778,0.1685133,0.1333479,0.1758208,0.1538325,0.2271966,0.1339718,0.1519438,0.1606464,0.1797259,0.1313872,0.1433654,0.1322234,0.1340656,0.1370969,0.1399165,0.2077879,0.3706713,0.1647015,0.2511975,0.2263557,0.3734145,0.1862475,0.29842,0.2253791,0.3091021,0.2017809,0.3100516,0.1549108,0.1841811,0.1428375,0.1671274,0.1420792,0.2074664,0.1567827,0.210162,0.1784349,0.2553141,0.1958031,0.3123886,0.2524416,0.3261051,0.1309274,0.1246489,0.2695132,0.3655265,0.12453,0.1487963,0.1230459,0.1258536,0.1226818,0.1436988,0.1244572,0.1377912,0.1483864,0.1689267,0.2065601,0.2326057,0.1413238,0.1800875,0.1261724,0.1269042,0.1266907,0.1602539,0.1733907,0.3269777,0.1511295,0.268686,0.1886808,0.3377365,0.1582489,0.2836485,0.1368135,0.2461586,0.2796515,0.3692974
0.2892153,0.1655645,0.1954382,0.1192176,0.1809841,0.1535179,0.2952127,0.1474008,0.1842827,0.1534627,0.1919029,0.1786516,0.1411281,0.2039552,0.1714785,0.2419538,0.2211337,0.1433256,0.1232237,0.2665461,0.1334839,0.2265698,0.1289267,0.1931461,0.1242841,0.1746012,0.1581736,0.1559379,0.1221813,0.136621,0.1167439,0.1240453,0.1172401,0.2498368,0.1647015,0.3930791,0.1180827,0.3054948,0.1972321,0.3056818,0.1489003,0.2236909,0.172508,0.1989458,0.1337216,0.1443728,0.1229747,0.1344494,0.1155351,0.1719646,0.1265488,0.2295197,0.1287191,0.2115641,0.1574976,0.2398663,0.1641159,0.2542299,0.2047201,0.2084612,0.1615094,0.2536285,0.2043359,0.1895854,0.1157911,0.1603874,0.1213652,0.2321883,0.1284853,0.2285179,0.1326558,0.184528,0.1527988,0.2070389,0.1842081,0.4127651,0.1345325,0.1748898,0.1573705,0.2434515,0.1192753,0.2394299,0.1533051,0.2686382,0.1380157,0.2297251,0.1795336,0.1960603,0.1804065,0.3771372,0.1252633,0.3173342,0.1859298
0.1596943,0.2667705,0.1123566,0.1754767,0.1267614,0.177566,0.1397837,0.3295639,0.1335372,0.1387901,0.1237918,0.1343569,0.140728,0.1679682,0.1992518,0.1255124,0.1444103,0.1294105,0.143194,0.1190415,0.2496152,0.1273415,0.2467798,0.1172375,0.2009184,0.1235353,0.1477157,0.1128789,0.1727167,0.1144267,0.1455634,0.1143484,0.1113727,0.1379738,0.2511975,0.1180827,0.40207,0.1522065,0.2205157,0.1366779,0.3163418,0.1311557,0.1986556,0.1257049,0.2143047,0.1164334,0.1438262,0.1194541,0.1429471,0.1171773,0.2232226,0.1292976,0.2186553,0.1500307,0.2491217,0.1653578,0.2852008,0.2232786,0.2892112,0.167497,0.1642457,0.1612131,0.2372718,0.1192321,0.1788463,0.1167216,0.1626908,0.121915,0.2205217,0.1224173,0.223423,0.1339596,0.1634186,0.1827087,0.22615,0.1323951,0.441539,0.1406865,0.1761244,0.1178134,0.2415965,0.13636,0.2662433,0.1254159,0.2746218,0.154045,0.273059,0.1471609,0.2525822,0.1207627,0.3822891,0.1318071,0.2059079
0.4239264,0.2412546,0.1462442,0.1202026,0.2337256,0.210957,0.3464189,0.1811287,0.2868926,0.2546417,0.2848542,0.1539371,0.1388697,0.1730768,0.1614523,0.2676725,0.2704144,0.1509487,0.1450845,0.1935134,0.1221299,0.1923115,0.1517117,0.158604,0.1289193,0.176883,0.1592674,0.1337697,0.131401,0.1307119,0.1260705,0.1251999,0.1223936,0.3672436,0.2263557,0.3054948,0.1522065,0.4216126,0.2792606,0.3208818,0.1901318,0.3053052,0.2570555,0.286696,0.1887132,0.1715865,0.141905,0.1458179,0.130722,0.1655172,0.1556113,0.1828786,0.1607708,0.2109288,0.1801803,0.2704593,0.2068143,0.3236752,0.2526421,0.160019,0.1500392,0.4247075,0.2760368,0.1443126,0.1187715,0.1257422,0.1140061,0.1590118,0.1268394,0.149219,0.1285543,0.1551706,0.1486692,0.2187486,0.1977975,0.2768382,0.1343059,0.1311401,0.1338962,0.1732061,0.1240051,0.3133849,0.1885593,0.2449977,0.1688815,0.3181126,0.2184973,0.2433957,0.1873987,0.2395139,0.1523784,0.5051376,0.2913089
0.2518072,0.5008215,0.1291452,0.150153,0.220316,0.2262949,0.3270053,0.3160428,0.3053619,0.2484105,0.2437615,0.1588304,0.1396112,0.1411526,0.1546079,0.2403511,0.2900091,0.1508726,0.1526139,0.1346093,0.1655873,0.1441266,0.1949942,0.1262787,0.147163,0.1794958,0.2160787,0.1269307,0.1437075,0.1276412,0.1367886,0.1379322,0.1417309,0.2377008,0.3734145,0.1972321,0.2205157,0.2792606,0.4685917,0.2131352,0.3304564,0.2701119,0.2957134,0.2298414,0.2648152,0.1649065,0.1537241,0.1425041,0.1471322,0.1385492,0.1946572,0.14647,0.1796902,0.1833705,0.2410323,0.193514,0.2919884,0.274177,0.3558113,0.1364084,0.1192192,0.3378123,0.4203944,0.1211165,0.1431523,0.1183382,0.1215923,0.1270688,0.1446791,0.1281801,0.1353996,0.1417283,0.1556828,0.2174529,0.2337072,0.1503166,0.2054781,0.1178023,0.123071,0.1335969,0.1559662,0.1921904,0.3022451,0.1699771,0.2310068,0.2076525,0.3517302,0.1619287,0.2793605,0.1517093,0.228408,0.3495525,0.4357021
0.438392,0.1680633,0.1521716,0.117143,0.1942575,0.1674236,0.4446745,0.1603065,0.2181914,0.1620262,0.2146977,0.2187977,0.1652074,0.2120411,0.1852745,0.2635638,0.2529588,0.1398498,0.1249285,0.3037589,0.1209175,0.3061576,0.1479382,0.2637337,0.1385812,0.2313782,0.1724118,0.1859777,0.1389632,0.1692604,0.1289067,0.1496558,0.1331802,0.2865382,0.1862475,0.3056818,0.1366779,0.3208818,0.2131352,0.4004995,0.1447993,0.2471002,0.1911968,0.2215378,0.143185,0.1405708,0.1248044,0.1313138,0.1164766,0.2344062,0.1507473,0.2692428,0.1522791,0.3098111,0.1744769,0.3993985,0.193237,0.4266903,0.2550013,0.1742248,0.1606512,0.3096812,0.2386812,0.1844525,0.1172014,0.1409379,0.1186983,0.2150617,0.1329623,0.2036246,0.1353317,0.1641969,0.1487096,0.2752911,0.2202561,0.2936064,0.1321443,0.1525483,0.1493838,0.2162053,0.1237574,0.2621684,0.1629426,0.2219327,0.1508761,0.3777274,0.2024982,0.3133862,0.1741183,0.2540652,0.1383201,0.3135526,0.2036415
0.1677077,0.4518409,0.1248152,0.1594067,0.1593401,0.2000794,0.2135188,0.2997528,0.2039602,0.1845194,0.1603184,0.1588625,0.1732166,0.1555406,0.1848741,0.1629967,0.1982927,0.1313418,0.1370902,0.121068,0.3037123,0.1461794,0.3467623,0.1330013,0.2732816,0.1649477,0.2164338,0.1337818,0.2017344,0.1326504,0.1734612,0.1485392,0.1641454,0.168314,0.29842,0.1489003,0.3163418,0.1901318,0.3304564,0.1447993,0.4130378,0.1825289,0.2301646,0.1535342,0.2340308,0.1347376,0.1359583,0.1270202,0.1311977,0.1331159,0.2702017,0.1528453,0.2869878,0.166776,0.3317323,0.173928,0.411037,0.2565203,0.4356806,0.1599568,0.1532439,0.2245374,0.2907746,0.1232301,0.1731489,0.1220188,0.1277912,0.1275784,0.2016042,0.1266439,0.2024143,0.136478,0.1583377,0.2271009,0.2853957,0.1376005,0.2773859,0.1311565,0.1487809,0.129918,0.2029378,0.1556067,0.2868132,0.1432745,0.2386003,0.1630869,0.3864967,0.1491717,0.3541893,0.1349369,0.2711899,0.1805073,0.2538978
0.3282588,0.2171341,0.1603389,0.1251042,0.3070744,0.2212463,0.2831456,0.233301,0.4424978,0.234754,0.3972992,0.1392858,0.1257506,0.1474459,0.1422794,0.2941203,0.3100052,0.1866428,0.1612172,0.1545049,0.1265375,0.1590028,0.1396898,0.1454786,0.1200411,0.1466886,0.1354471,0.1190668,0.1190829,0.1185708,0.1158387,0.1173439,0.116946,0.3391253,0.2253791,0.2236909,0.1311557,0.3053052,0.2701119,0.2471002,0.1825289,0.4032815,0.2524302,0.3521888,0.1936928,0.2374892,0.152847,0.1888608,0.1467265,0.1388493,0.1431924,0.1382285,0.1473541,0.1906493,0.1659284,0.2333242,0.1966715,0.2764086,0.237754,0.1283372,0.1229101,0.3163038,0.2765593,0.1378338,0.1290712,0.1288538,0.1221988,0.1363896,0.1226851,0.1350863,0.1170283,0.1690337,0.1530468,0.1863,0.1834079,0.1582548,0.1338799,0.1200859,0.1222424,0.1587035,0.126783,0.271067,0.1793289,0.2209215,0.1550978,0.2713796,0.206864,0.1942572,0.1798931,0.1823124,0.140644,0.2769063,0.3166417
0.2036795,0.2790245,0.1298915,0.1800999,0.2542567,0.3562435,0.2267324,0.3057785,0.2284041,0.4625053,0.2507689,0.1436003,0.1278357,0.1452832,0.1486435,0.2471829,0.2830772,0.1836963,0.227132,0.1362768,0.1642046,0.130624,0.1687593,0.1288482,0.136161,0.1458854,0.1480626,0.121092,0.1255527,0.1270298,0.118591,0.1235962,0.1186694,0.2443957,0.3091021,0.172508,0.1986556,0.2570555,0.2957134,0.1911968,0.2301646,0.2524302,0.4002109,0.2456695,0.3325296,0.1736797,0.2225929,0.1594611,0.2076785,0.1376152,0.149747,0.1276692,0.1600771,0.174254,0.2010489,0.1620905,0.2403822,0.230193,0.2740547,0.1282566,0.128226,0.2735198,0.3024479,0.1289198,0.1584672,0.1299415,0.142135,0.1213453,0.143214,0.1186998,0.1368489,0.1596609,0.1981904,0.1888009,0.2057973,0.1378766,0.1591216,0.11968,0.1213222,0.1283412,0.1555929,0.1783675,0.2534762,0.1499355,0.228376,0.1751286,0.2622899,0.1505278,0.2234449,0.1325666,0.1875297,0.3578158,0.2852444
