0.6852291,0.1963018,0.1370212,0.1183558,0.2111873,0.1568345,0.5662034,0.1612715,0.2821093,0.1374739,0.310113,0.1526757,0.1493592,0.1615285,0.1573352,0.173968,0.1570674,0.1375611,0.1223392,0.2004155,0.1410725,0.159726,0.1560938,0.1598034,0.1441881,0.1692289,0.1758676,0.1335246,0.1566495,0.1349439,0.1497779,0.1311177,0.1452051,0.3901471,0.1866161,0.2982499,0.1472165,0.434692,0.2306817,0.4194592,0.1614774,0.3354597,0.190666,0.2965389,0.1667735,0.1484253,0.1413447,0.1361526,0.1227854,0.2044789,0.178314,0.1426463,0.1652496,0.2694589,0.184723,0.3466558,0.2293742,0.5214449,0.3037548,0.1452218,0.140627,0.3984798,0.2787856,0.1329161,0.1151257,0.1146638,0.1198464,0.1473711,0.125327,0.1414888,0.1381525,0.1353883,0.1264376,0.2709305,0.2153834,0.2638795,0.1256402,0.1363957,0.1543013,0.1497449,0.1187367,0.3735453,0.1941925,0.2227325,0.1747648,0.5306838,0.2322821,0.332068,0.2020717,0.2149871,0.1582586,0.4188112,0.1651552
0.1963018,0.6250178,0.1234618,0.146815,0.180453,0.2116845,0.3525134,0.2097906,0.2563935,0.2738645,0.1761798,0.1664497,0.1513434,0.1475336,0.1586079,0.2104198,0.2028453,0.1788172,0.1573052,0.1255737,0.1877495,0.1308074,0.2064302,0.1351149,0.1686555,0.2004856,0.2350765,0.1442709,0.1509978,0.1390559,0.1489031,0.1548816,0.1710471,0.1984145,0.3668651,0.1600927,0.2701364,0.2343854,0.5062861,0.1728019,0.4459661,0.2119485,0.2808699,0.1851353,0.3003909,0.1677703,0.1530918,0.1616749,0.1477832,0.1475632,0.187496,0.143958,0.174024,0.1660089,0.2857671,0.1917054,0.3725944,0.2998648,0.5040687,0.1289993,0.123556,0.2910148,0.3663942,0.1230857,0.1433502,0.1227299,0.1253755,0.1223817,0.1522418,0.1314303,0.1420044,0.1484177,0.1590917,0.2367749,0.2740594,0.1457087,0.2345481,0.1320109,0.1264589,0.1290043,0.1448403,0.1937907,0.3304872,0.1629547,0.227098,0.1915023,0.4827638,0.1744856,0.3661632,0.1356906,0.2414478,0.2147361,0.3088525
0.1370212,0.1234618,0.4089063,0.1216833,0.1491992,0.130107,0.1234744,0.1232378,0.1401682,0.1426418,0.1364214,0.1264577,0.1265022,0.1520292,0.1317111,0.1736709,0.1465043,0.1971036,0.1464822,0.1421559,0.1146868,0.1363371,0.1255347,0.1286008,0.1145504,0.1199576,0.118292,0.1228904,0.1215472,0.1199151,0.1244488,0.1217117,0.1271341,0.1412154,0.1266313,0.1722963,0.1107595,0.1420534,0.1276371,0.1412652,0.1229528,0.1475107,0.1326801,0.1419939,0.1256409,0.2147965,0.1211326,0.2258826,0.126878,0.1263709,0.1279958,0.1367837,0.1276006,0.1279492,0.1262608,0.1399495,0.1247275,0.1404193,0.1228981,0.1415729,0.119253,0.1453676,0.126118,0.2794614,0.1143984,0.2460192,0.1219837,0.1762453,0.1134673,0.1403176,0.1204703,0.2081535,0.1565641,0.1255018,0.1197894,0.1533712,0.1084017,0.1227371,0.1274291,0.209862,0.1106047,0.128422,0.1200813,0.1953149,0.1169319,0.1343383,0.1222917,0.1336312,0.1217585,0.1723584,0.116769,0.13423,0.1334751
0.1183558,0.146815,0.1216833,0.3712308,0.1301276,0.1551978,0.1257786,0.150002,0.1296998,0.1186661,0.1258041,0.1253506,0.1219296,0.1378412,0.1502299,0.1671302,0.1591831,0.1450479,0.1985629,0.1139315,0.1456299,0.1135589,0.1365339,0.1135832,0.1292261,0.1178487,0.1216347,0.1176247,0.1309471,0.1196572,0.1230583,0.1251337,0.122239,0.122593,0.1638762,0.1217289,0.1494299,0.1197323,0.1541845,0.1204394,0.147647,0.1317801,0.1561756,0.1220065,0.1839229,0.1209252,0.2351034,0.1265069,0.2314353,0.1138067,0.1311623,0.1127547,0.1297657,0.1167379,0.1358965,0.118999,0.1508816,0.1263778,0.149213,0.1287145,0.1417356,0.1264481,0.1557869,0.1157677,0.3051185,0.1251295,0.2423177,0.1186051,0.1882278,0.1200534,0.1619255,0.1630578,0.2069083,0.1205164,0.1280309,0.1242742,0.1786501,0.1279083,0.1310951,0.1164731,0.2363834,0.117201,0.1482399,0.1165992,0.1950485,0.1195812,0.1465377,0.1147925,0.1473417,0.1164049,0.1813737,0.132536,0.1516177
0.2111873,0.180453,0.1491992,0.1301276,0.318072,0.2718499,0.202938,0.2399513,0.3366557,0.2890993,0.2903459,0.1310081,0.1205198,0.1648647,0.1593609,0.279981,0.2863061,0.2489633,0.2132829,0.1406445,0.1413868,0.1345776,0.1381024,0.1420652,0.1409988,0.1367454,0.133724,0.1323095,0.1303359,0.1298815,0.1258444,0.1306607,0.1280702,0.2508021,0.2214784,0.1687733,0.1274874,0.2376219,0.2323967,0.1867911,0.1723991,0.3102205,0.2669981,0.2632475,0.2047086,0.2114068,0.1604302,0.2318447,0.1696716,0.1316637,0.1356648,0.1246019,0.1363999,0.1542302,0.1481262,0.1694241,0.1654583,0.1902911,0.1828407,0.1221056,0.1172059,0.2504535,0.2331221,0.1344624,0.1235104,0.149968,0.1238207,0.1286791,0.1256172,0.1322416,0.1243016,0.1878309,0.1783692,0.1523002,0.1495545,0.1402842,0.1342405,0.1249237,0.1242625,0.1324544,0.1231273,0.2090791,0.1852022,0.1779198,0.1725184,0.1908261,0.1786536,0.1558335,0.1554316,0.1448717,0.142345,0.250944,0.2727274
0.1568345,0.2116845,0.130107,0.1551978,0.2718499,0.3520583,0.1857297,0.2518919,0.2263002,0.4269418,0.2365588,0.1337335,0.1228091,0.1497498,0.1651277,0.2528358,0.2677632,0.2026784,0.2617278,0.1348476,0.1649677,0.1311949,0.1570591,0.1411927,0.1457728,0.1373258,0.1303488,0.1292407,0.1330732,0.1291667,0.1284581,0.1274454,0.1296216,0.2180377,0.2460893,0.1514643,0.1611546,0.2119654,0.2313851,0.1707228,0.195127,0.236345,0.349722,0.2237421,0.2588117,0.1571005,0.2092016,0.1658908,0.2193506,0.1328425,0.1380752,0.1251623,0.1463211,0.1537777,0.1664708,0.1449521,0.1965438,0.1723913,0.2158777,0.1189779,0.1231619,0.2209241,0.2397816,0.1220178,0.1432627,0.1254246,0.1512829,0.1167902,0.1402964,0.1176931,0.1387823,0.1666798,0.2137477,0.1574809,0.1657482,0.1315039,0.1581776,0.1260509,0.1307205,0.1201744,0.1352768,0.1741113,0.2134003,0.1521103,0.1943374,0.1579072,0.2072237,0.1345507,0.1834613,0.1284515,0.1554824,0.2835508,0.2357109
0.5662034,0.3525134,0.1234744,0.1257786,0.202938,0.1857297,0.5248452,0.1432177,0.1786839,0.1188891,0.2214466,0.2226883,0.1846521,0.1357639,0.1340212,0.1395745,0.1582267,0.1285039,0.1293396,0.2079074,0.1642779,0.2105534,0.1380943,0.1857866,0.1432673,0.2062883,0.2225624,0.1295365,0.1327514,0.1290439,0.1267578,0.1255123,0.1277996,0.2874183,0.2458224,0.2834565,0.1488691,0.3568847,0.3521503,0.4268437,0.2347979,0.2670813,0.2306168,0.2158269,0.140172,0.1411878,0.1422441,0.1292751,0.1310539,0.1746403,0.1428281,0.1932503,0.1419281,0.3478981,0.1866947,0.3830409,0.2238071,0.5852379,0.3904513,0.1410993,0.1249424,0.3569008,0.3544682,0.1349235,0.1164898,0.112581,0.1176149,0.1586596,0.1320596,0.1529376,0.132316,0.1175496,0.1274711,0.358249,0.3174254,0.2195894,0.1478686,0.1327661,0.1287096,0.1543013,0.1211771,0.2326445,0.1730629,0.1698294,0.1724966,0.4288146,0.2627281,0.2710194,0.227396,0.1873462,0.1618652,0.4037839,0.2491268
0.1612715,0.2097906,0.1232378,0.150002,0.2399513,0.2518919,0.1432177,0,0.3436346,0.1091457,0.2704504,0.1407266,0.1623471,0.1476729,0.1696111,0.2419274,0.3939596,0.1294503,0.1354409,0.148948,0.1777553,0.1303971,0.3095718,0.1449153,0.1843075,0.1387073,0.1908911,0.1563963,0.1508576,0.1403079,0.1459297,0.1356199,0.1846721,0.1820559,0.457547,0.1382282,0.2973535,0.1845932,0.346762,0.1579092,0.3232865,0.2541816,0.3183789,0.2110464,0.2724979,0.1629381,0.1489233,0.1432877,0.1174963,0.1194795,0.3079321,0.1530443,0.2887179,0.1689967,0.3540748,0.15541,0.4112594,0.2424638,0.3443326,0.1164092,0.1138526,0.2463503,0.4377964,0.1256859,0.1268187,0.120813,0.1201376,0.1250261,0.1278265,0.1377984,0.1272848,0.1347351,0.1681024,0.2139672,0.2714599,0.1282486,0.1742882,0.1324328,0.1260225,0.1155468,0.1430283,0.1545895,0.3964185,0.1390475,0.3323146,0.1608808,0.3882437,0.1392686,0.3201877,0.1196026,0.29665,0.3053029,0.5432709
0.2821093,0.2563935,0.1401682,0.1296998,0.3366557,0.2263002,0.1786839,0.3436346,0.4515607,0.2191213,0.4712999,0.1243959,0.119795,0.19415,0.1904654,0.395091,0.4330068,0.1831721,0.152359,0.1491906,0.1308196,0.1317473,0.1255625,0.1411716,0.1364847,0.1244728,0.1266536,0.1292512,0.1257242,0.1243774,0.1230147,0.1189436,0.1268281,0.3398463,0.2943226,0.1598504,0.1347049,0.2924572,0.3288837,0.2012377,0.2155013,0.4449736,0.2668176,0.3690133,0.2876845,0.2489263,0.1706507,0.189199,0.1397778,0.1367651,0.1347993,0.1228836,0.1289794,0.1371096,0.138675,0.1842938,0.1506664,0.2185727,0.1785854,0.1182613,0.1153634,0.3281896,0.2819605,0.1249524,0.120169,0.1338173,0.1172342,0.1171822,0.1246737,0.1278989,0.1194931,0.1782504,0.1612245,0.1391893,0.1366353,0.1502229,0.1280737,0.1350119,0.1364801,0.1241369,0.1256728,0.3125421,0.2089683,0.2262513,0.191035,0.244911,0.1662816,0.1780194,0.150545,0.1474115,0.1646822,0.24657,0.4328239
0.1374739,0.2738645,0.1426418,0.1186661,0.2890993,0.4269418,0.1188891,0.1091457,0.2191213,0,0.285311,0.133792,0.1197108,0.1211814,0.1170831,0.2077795,0.1853798,0.1981799,0.2321627,0.1383718,0.110852,0.1152196,0.1218221,0.1329754,0.1311901,0.1513224,0.165966,0.1246652,0.1430907,0.1293912,0.1253792,0.1453634,0.1383832,0.2536962,0.2335413,0.155098,0.1342764,0.2386838,0.241185,0.1611901,0.1693181,0.2297153,0.4374742,0.2960417,0.3298654,0.2096094,0.1965415,0.1750938,0.1895616,0.1350389,0.1203692,0.1051247,0.1131557,0.1391962,0.1461126,0.1233314,0.148143,0.1348515,0.1832911,0.1082512,0.1033794,0.2125883,0.2088798,0.1285453,0.1096239,0.1266132,0.1134648,0.1118773,0.1084444,0.1105368,0.1114457,0.1407902,0.1592655,0.1479818,0.1479622,0.1269078,0.1358222,0.1151617,0.1140363,0.1165088,0.1099908,0.1815938,0.2716359,0.1558692,0.1909623,0.1371069,0.1986615,0.1227123,0.1580828,0.125828,0.140248,0.3169142,0.1322591
0.310113,0.1761798,0.1364214,0.1258041,0.2903459,0.2365588,0.2214466,0.2704504,0.4712999,0.285311,0.2944611,0.1297926,0.1254343,0.1725815,0.1651137,0.3505982,0.3542396,0.1522322,0.1504589,0.1469862,0.1233287,0.1300868,0.1303085,0.1408495,0.1253352,0.1260307,0.1273956,0.1276407,0.1256211,0.1296894,0.1255491,0.126095,0.1283024,0.3542872,0.2429521,0.1853084,0.1293494,0.2976747,0.2557478,0.2171555,0.171095,0.3992634,0.2795277,0.4033634,0.2411001,0.2426813,0.1689478,0.1611692,0.1391606,0.1296239,0.1360277,0.1223397,0.1427646,0.1378181,0.1342732,0.1694114,0.1580029,0.2069622,0.1751803,0.117285,0.1141319,0.3205331,0.2591263,0.1186492,0.117067,0.1228145,0.1167769,0.1194503,0.1170892,0.1250923,0.1154751,0.1569503,0.1512002,0.1382635,0.1344739,0.1416359,0.1254711,0.129136,0.1324047,0.1224931,0.1207191,0.3006471,0.2061699,0.2265029,0.1890861,0.2438306,0.1786922,0.1755967,0.1517358,0.1522183,0.1499238,0.311456,0.3102789
0.1526757,0.1664497,0.1264577,0.1253506,0.1310081,0.1337335,0.2226883,0.1407266,0.1243959,0.133792,0.1297926,0.3305687,0.3101708,0.2090977,0.2254414,0.1782666,0.1900894,0.122127,0.119635,0.1970552,0.1766602,0.2384555,0.1815559,0.231045,0.1796555,0.3118016,0.2973693,0.2303576,0.1924865,0.251756,0.2060384,0.3103241,0.2692671,0.1567016,0.1529795,0.1635307,0.1314274,0.1622728,0.170531,0.223109,0.1736927,0.1362922,0.1392591,0.135106,0.1319576,0.1221295,0.1212737,0.118603,0.1179679,0.2561094,0.2148255,0.2213112,0.1716516,0.2680928,0.2252388,0.2334111,0.1695465,0.1976443,0.1770336,0.148415,0.1374836,0.166858,0.1603852,0.1424778,0.1292853,0.1357783,0.1355558,0.1502446,0.1491918,0.1837815,0.1579517,0.1469723,0.1488175,0.2604281,0.2380387,0.1583043,0.134749,0.2242928,0.2083415,0.1350553,0.1240372,0.1564913,0.150062,0.1429921,0.132184,0.1797624,0.1717156,0.1811762,0.1692425,0.1438511,0.133292,0.1791618,0.1864891
0.1493592,0.1513434,0.1265022,0.1219296,0.1205198,0.1228091,0.1846521,0.1623471,0.119795,0.1197108,0.1254343,0.3101708,0.3560072,0.1888695,0.2307007,0.1413387,0.1549356,0.1185798,0.11818,0.1521299,0.2396517,0.2050245,0.2108088,0.184193,0.2282409,0.2703481,0.2920645,0.1835261,0.2440669,0.2063946,0.2694273,0.2902918,0.3272162,0.1416096,0.1485159,0.1420927,0.138209,0.1526949,0.153466,0.174254,0.1871255,0.1260092,0.1289819,0.1300706,0.1329947,0.1193988,0.1208055,0.1139368,0.1183846,0.1998619,0.2627518,0.2148908,0.1710064,0.2185837,0.2429994,0.1842369,0.1820669,0.1645296,0.1688017,0.1555397,0.1421518,0.1505084,0.1515528,0.1334119,0.1252384,0.1321944,0.1315316,0.1390073,0.1562854,0.1554527,0.1763412,0.1395226,0.1425989,0.22984,0.2324734,0.1413689,0.1509073,0.1976986,0.2183078,0.1271318,0.1267862,0.1431571,0.1475183,0.1320954,0.1306577,0.1539414,0.1661506,0.1533431,0.1587268,0.1310531,0.1343456,0.162221,0.1581894
0.1615285,0.1475336,0.1520292,0.1378412,0.1648647,0.1497498,0.1357639,0.1476729,0.19415,0.1211814,0.1725815,0.2090977,0.1888695,0.3539088,0.3401506,0.3337515,0.3550305,0.141693,0.1348492,0.2001967,0.195259,0.1866546,0.1516952,0.165378,0.1534354,0.1848362,0.1667201,0.172597,0.1642382,0.1810388,0.1700531,0.1768443,0.1692811,0.1910595,0.178855,0.2047423,0.1669944,0.1978322,0.1901387,0.225781,0.1831337,0.1850988,0.1788524,0.1646957,0.1487001,0.1334149,0.12884,0.135095,0.1346903,0.2008771,0.1633932,0.1693757,0.1579908,0.1849016,0.1491634,0.2159054,0.1458016,0.169427,0.1232185,0.2981705,0.2613375,0.2273318,0.1838886,0.208095,0.1494213,0.1871204,0.1549515,0.2211141,0.1831331,0.2277171,0.1881446,0.2255765,0.2170578,0.163604,0.1483808,0.2379183,0.1887647,0.25286,0.252041,0.1840324,0.1468004,0.1781643,0.1514554,0.1698772,0.1432523,0.2059317,0.1580396,0.1940354,0.1599508,0.184035,0.1489842,0.1983781,0.2535789
0.1573352,0.1586079,0.1317111,0.1502299,0.1593609,0.1651277,0.1340212,0.1696111,0.1904654,0.1170831,0.1651137,0.2254414,0.2307007,0.3401506,0.3657125,0.2895947,0.3407292,0.1346712,0.1454531,0.1714233,0.2527566,0.1564485,0.1843713,0.1435201,0.207861,0.1873939,0.2150046,0.1547472,0.2086427,0.1626512,0.2201851,0.1872502,0.2068348,0.1834902,0.1901146,0.1855669,0.1837571,0.1903255,0.2041203,0.199103,0.218489,0.1785332,0.1869772,0.1588257,0.1556609,0.1290397,0.1329686,0.1238683,0.142988,0.1770885,0.2016659,0.1552244,0.1698855,0.1687268,0.1876466,0.1829336,0.1717909,0.1545782,0.14119,0.2691334,0.2559391,0.2184892,0.1931121,0.1659145,0.167037,0.1483673,0.1770083,0.186259,0.2158841,0.1927643,0.2342353,0.1934146,0.2164773,0.1702254,0.1731142,0.202948,0.2187348,0.2579852,0.2971542,0.1593637,0.1604244,0.1750727,0.1560246,0.1590493,0.1450928,0.1983516,0.170941,0.1843558,0.174929,0.1650785,0.1578371,0.2020289,0.266934
0.173968,0.2104198,0.1736709,0.1671302,0.279981,0.2528358,0.1395745,0.2419274,0.395091,0.2077795,0.3505982,0.1782666,0.1413387,0.3337515,0.2895947,0.6636403,0.7102366,0.1960531,0.2081817,0.1950148,0.1454403,0.2062423,0.1385842,0.1701874,0.1230366,0.2057297,0.1655944,0.1356143,0.1180046,0.1413231,0.1197839,0.1315163,0.1238199,0.3574046,0.2831971,0.2179447,0.1440537,0.3007492,0.3245488,0.2682964,0.2079957,0.3386814,0.3126022,0.3033715,0.2273483,0.1897269,0.190041,0.181057,0.1875014,0.1976111,0.137257,0.16286,0.1621532,0.2129656,0.1503784,0.2826081,0.1365113,0.1777807,0.1317193,0.1755996,0.1557368,0.3834827,0.2818441,0.1936478,0.1576639,0.1720935,0.141938,0.1745605,0.1497945,0.1776751,0.1386695,0.2801492,0.2662169,0.1871477,0.1580374,0.2095849,0.1635007,0.1449282,0.1494015,0.1842546,0.1552195,0.2905944,0.1938008,0.2613052,0.2122446,0.2911468,0.1699041,0.2086109,0.1542666,0.1831117,0.1819093,0.4266725,0.4582826
0.1570674,0.2028453,0.1465043,0.1591831,0.2863061,0.2677632,0.1582267,0.3939596,0.4330068,0.1853798,0.3542396,0.1900894,0.1549356,0.3550305,0.3407292,0.7102366,0.6307392,0.1689869,0.1856872,0.1867954,0.1732997,0.2013337,0.1727139,0.1567833,0.1404653,0.216397,0.2075592,0.1369632,0.1283916,0.1494838,0.1331639,0.1269036,0.1308569,0.3446877,0.3345547,0.196215,0.1511858,0.3145751,0.376018,0.2662432,0.2444553,0.3571156,0.3485256,0.3129227,0.2592048,0.1977363,0.1889847,0.1653263,0.1674794,0.2182938,0.1931157,0.1724563,0.2101592,0.229269,0.1925088,0.2645047,0.1673242,0.1578737,0.1248906,0.196559,0.1732714,0.4199784,0.3400286,0.1886864,0.1516738,0.1477106,0.1354896,0.1784336,0.1591599,0.184558,0.1485433,0.2413922,0.2520403,0.2061312,0.1896299,0.1999471,0.1831048,0.170229,0.1718538,0.1695943,0.1631857,0.2767295,0.2282123,0.2566289,0.2465705,0.2768451,0.2101837,0.2066148,0.1701581,0.178081,0.2054153,0.4530562,0.5975055
0.1375611,0.1788172,0.1971036,0.1450479,0.2489633,0.2026784,0.1285039,0.1294503,0.1831721,0.1981799,0.1522322,0.122127,0.1185798,0.141693,0.1346712,0.1960531,0.1689869,0.3783331,0.2826037,0.1289158,0.1338272,0.1320827,0.1244399,0.1278286,0.1273712,0.1288825,0.1344911,0.1300558,0.1229191,0.1243329,0.1246105,0.1275312,0.1242946,0.1455342,0.1582421,0.1356419,0.1246491,0.1531495,0.1646274,0.135034,0.1469777,0.1770882,0.1793299,0.1446311,0.1605936,0.2212361,0.1544781,0.3192656,0.2110489,0.1204152,0.1259626,0.1301459,0.1189603,0.1277193,0.1357958,0.1451885,0.1321988,0.1465429,0.1450806,0.1181954,0.117757,0.1617338,0.1502617,0.1584031,0.129867,0.2140812,0.1481229,0.1359018,0.1226591,0.1345101,0.12154,0.2320221,0.1994497,0.1352552,0.1323383,0.128307,0.1256007,0.1319854,0.1258053,0.1383928,0.1196626,0.1366441,0.1384123,0.1480677,0.1277922,0.1368899,0.1435553,0.134763,0.1329534,0.1328119,0.1260494,0.135327,0.1513055
0.1223392,0.1573052,0.1464822,0.1985629,0.2132829,0.2617278,0.1293396,0.1354409,0.152359,0.2321627,0.1504589,0.119635,0.11818,0.1348492,0.1454531,0.2081817,0.1856872,0.2826037,0.3510433,0.1220683,0.1436986,0.1241272,0.1253,0.1293076,0.1279469,0.1279389,0.1225755,0.1263869,0.1256351,0.1261466,0.1254088,0.1248112,0.1235039,0.1507714,0.1649593,0.1231415,0.1318011,0.151372,0.1657734,0.1317006,0.1411104,0.1622758,0.2161379,0.1461961,0.1763701,0.1499007,0.2293579,0.1941981,0.3332672,0.1224362,0.1184253,0.122672,0.1229558,0.1266581,0.1272258,0.1301607,0.1329484,0.1230625,0.1397093,0.112159,0.1227673,0.1626558,0.1626122,0.129051,0.1580763,0.1545444,0.1984634,0.1148998,0.1385746,0.1170025,0.1327818,0.1916875,0.2384659,0.127255,0.1262648,0.1197624,0.1406779,0.1317412,0.1287405,0.1161023,0.1354352,0.1374198,0.1405523,0.1364956,0.1470884,0.1347222,0.1389915,0.125427,0.1374676,0.1197053,0.1311967,0.1746497,0.1532364
0.2004155,0.1255737,0.1421559,0.1139315,0.1406445,0.1348476,0.2079074,0.148948,0.1491906,0.1383718,0.1469862,0.1970552,0.1521299,0.2001967,0.1714233,0.1950148,0.1867954,0.1289158,0.1220683,0.3460353,0.125075,0.2516301,0.1341156,0.3110894,0.1253971,0.1816815,0.1509956,0.2424224,0.135167,0.2001304,0.1329285,0.1665083,0.1466804,0.1601672,0.1404273,0.2555959,0.1356326,0.1854745,0.1403325,0.2835927,0.1333923,0.1478862,0.1400999,0.1412103,0.1248113,0.1263337,0.1186215,0.1249303,0.1168853,0.2195596,0.1405569,0.2104255,0.1400081,0.1986429,0.1410631,0.2230297,0.1351875,0.2167148,0.1377622,0.1524691,0.1345218,0.1757435,0.1463441,0.1626792,0.1118266,0.1338611,0.1172828,0.2164771,0.1220841,0.2451866,0.124095,0.1426249,0.1382956,0.1746182,0.1494878,0.2810527,0.1313994,0.1765588,0.1565068,0.2009994,0.1117955,0.1502569,0.1401497,0.1554419,0.1329279,0.1962642,0.1400594,0.2208937,0.1402859,0.2128613,0.126613,0.2008533,0.1568542
0.1410725,0.1877495,0.1146868,0.1456299,0.1413868,0.1649677,0.1642779,0.1777553,0.1308196,0.110852,0.1233287,0.1766602,0.2396517,0.195259,0.2527566,0.1454403,0.1732997,0.1338272,0.1436986,0.125075,0.4259205,0.1457679,0.3018216,0.1521166,0.370694,0.1716381,0.2253841,0.1559924,0.2832838,0.1595764,0.2530084,0.1844738,0.2262078,0.128686,0.175316,0.1423979,0.2316569,0.1388391,0.1673535,0.1315867,0.2903925,0.1342119,0.1555985,0.1219001,0.1435657,0.1161347,0.1329674,0.120271,0.1329342,0.1347944,0.2861276,0.1541416,0.2470356,0.1395948,0.2614586,0.127317,0.2695427,0.1499345,0.2484665,0.2094323,0.2027416,0.1364293,0.1689026,0.122903,0.162376,0.1187203,0.1457471,0.1349328,0.2397879,0.134872,0.2729844,0.1377892,0.1730338,0.1643062,0.2130815,0.1510053,0.274144,0.175755,0.2149247,0.1259154,0.1941913,0.1321371,0.1669589,0.1267435,0.1532062,0.1427852,0.2136992,0.1416043,0.2376151,0.135367,0.1973573,0.1353713,0.1673088
0.159726,0.1308074,0.1363371,0.1135589,0.1345776,0.1311949,0.2105534,0.1303971,0.1317473,0.1152196,0.1300868,0.2384555,0.2050245,0.1866546,0.1564485,0.2062423,0.2013337,0.1320827,0.1241272,0.2516301,0.1457679,0.4795749,0.1483684,0.3512787,0.1446465,0.350097,0.2196557,0.2505914,0.1508016,0.2313156,0.1685541,0.2246703,0.213817,0.1855726,0.1434444,0.1941805,0.1251049,0.1922012,0.1281073,0.2914397,0.138904,0.1429577,0.1242274,0.131932,0.1244042,0.1277145,0.1244925,0.1247107,0.1187216,0.3651883,0.159749,0.5032287,0.1652477,0.3658201,0.1737298,0.4120102,0.1622285,0.2508498,0.1790329,0.1442077,0.122393,0.1907321,0.1348315,0.1479,0.111434,0.1278941,0.1101837,0.1682084,0.1187063,0.188652,0.1257534,0.1387783,0.125206,0.2982621,0.2107573,0.2224753,0.1273961,0.1754624,0.1368286,0.1497568,0.113743,0.1920327,0.1373581,0.1798215,0.1218395,0.2235729,0.1718271,0.2406933,0.170846,0.1869342,0.1215469,0.1525293,0.1653837
0.1560938,0.2064302,0.1255347,0.1365339,0.1381024,0.1570591,0.1380943,0.3095718,0.1255625,0.1218221,0.1303085,0.1815559,0.2108088,0.1516952,0.1843713,0.1385842,0.1727139,0.1244399,0.1253,0.1341156,0.3018216,0.1483684,0.4667021,0.1539504,0.342485,0.197507,0.2704931,0.1707723,0.2831209,0.1816573,0.235721,0.2186966,0.234962,0.1511273,0.2304049,0.1285425,0.2389285,0.152454,0.2022921,0.1417112,0.3385343,0.1497452,0.1683451,0.1293076,0.1393602,0.1242412,0.1326146,0.1195462,0.1217028,0.2072632,0.4136851,0.1539215,0.4715541,0.1870063,0.3715043,0.153946,0.4149657,0.2105802,0.3376198,0.149392,0.1491025,0.1661787,0.231937,0.1318282,0.1380676,0.1246733,0.126803,0.1354905,0.1878591,0.1391213,0.209052,0.1305286,0.1428912,0.221908,0.2875171,0.1355912,0.2425889,0.1495579,0.167253,0.1221056,0.1655236,0.1452459,0.2289652,0.1316183,0.1989401,0.1575789,0.2799065,0.143769,0.2996822,0.1275142,0.2340433,0.1538114,0.1953407
0.1598034,0.1351149,0.1286008,0.1135832,0.1420652,0.1411927,0.1857866,0.1449153,0.1411716,0.1329754,0.1408495,0.231045,0.184193,0.165378,0.1435201,0.1701874,0.1567833,0.1278286,0.1293076,0.3110894,0.1521166,0.3512787,0.1539504,0.3937322,0.1512984,0.2420537,0.1784402,0.2995658,0.1532427,0.2522089,0.1626206,0.2227763,0.1975633,0.1579803,0.1410978,0.1741923,0.130634,0.1564564,0.1297733,0.2526718,0.1416912,0.1432558,0.1338258,0.1369197,0.1244248,0.1263924,0.1207764,0.1233424,0.1241641,0.2313999,0.1652775,0.3143113,0.1491765,0.2372363,0.1624542,0.2708827,0.155829,0.215155,0.1518173,0.1302739,0.1230265,0.1541457,0.141209,0.1366535,0.1106978,0.1225753,0.1135632,0.1705132,0.1201592,0.2155822,0.1255092,0.1300481,0.126338,0.196751,0.162504,0.1981503,0.1257745,0.1793172,0.1455618,0.1556074,0.1130629,0.1481753,0.1410846,0.1422993,0.1288586,0.1818603,0.1573437,0.2065267,0.1537681,0.1641457,0.1265592,0.1449772,0.1376183
0.1441881,0.1686555,0.1145504,0.1292261,0.1409988,0.1457728,0.1432673,0.1843075,0.1364847,0.1311901,0.1253352,0.1796555,0.2282409,0.1534354,0.207861,0.1230366,0.1404653,0.1273712,0.1279469,0.1253971,0.370694,0.1446465,0.342485,0.1512984,0.4725829,0.220345,0.254052,0.1534164,0.3381969,0.1752541,0.2617718,0.2035483,0.2471121,0.1341732,0.1652468,0.1285254,0.1844804,0.1345859,0.159602,0.1381788,0.268779,0.1328524,0.1382949,0.1229358,0.1372117,0.1230841,0.1329083,0.1262042,0.1233654,0.2004651,0.2882809,0.1455742,0.2729977,0.1765707,0.2694236,0.1402095,0.2652849,0.1471768,0.2125235,0.1488975,0.1532463,0.1348195,0.1628735,0.1151038,0.1333285,0.1159043,0.1244629,0.1219391,0.2057773,0.1244861,0.2378483,0.1223662,0.1378017,0.177976,0.2143189,0.1340858,0.2199929,0.154983,0.1833821,0.1171799,0.1702694,0.1377517,0.1594932,0.1308684,0.1477531,0.15468,0.1907681,0.1438836,0.2026754,0.126578,0.1693566,0.1290278,0.1481204
0.1692289,0.2004856,0.1199576,0.1178487,0.1367454,0.1373258,0.2062883,0.1387073,0.1244728,0.1513224,0.1260307,0.3118016,0.2703481,0.1848362,0.1873939,0.2057297,0.216397,0.1288825,0.1279389,0.1816815,0.1716381,0.350097,0.197507,0.2420537,0.220345,0.4443834,0.4048217,0.2136315,0.1998026,0.2523636,0.2075313,0.3034811,0.3032259,0.1876101,0.1657083,0.1660313,0.1299381,0.1982652,0.1880559,0.2476063,0.1903639,0.1400678,0.1382169,0.1319283,0.1343665,0.1267753,0.1337599,0.120702,0.1248104,0.3959357,0.2426242,0.3474633,0.1809471,0.4168015,0.2785459,0.3306842,0.1911251,0.2170012,0.1999447,0.1318823,0.113944,0.1988865,0.1667981,0.1391612,0.1166167,0.1248396,0.1184158,0.1448439,0.1262665,0.1580422,0.1323838,0.1279321,0.1229119,0.3853419,0.3145193,0.1731707,0.1385149,0.1769148,0.1491027,0.1301364,0.1196555,0.1997737,0.1565457,0.1726333,0.1301993,0.2228829,0.2012003,0.2265199,0.1935863,0.1569775,0.1324059,0.18902,0.2108209
0.1758676,0.2350765,0.118292,0.1216347,0.133724,0.1303488,0.2225624,0.1908911,0.1266536,0.165966,0.1273956,0.2973693,0.2920645,0.1667201,0.2150046,0.1655944,0.2075592,0.1344911,0.1225755,0.1509956,0.2253841,0.2196557,0.2704931,0.1784402,0.254052,0.4048217,0.4760044,0.1727478,0.2406281,0.2082415,0.2402578,0.2843898,0.3212772,0.1498971,0.1923588,0.1561556,0.1567254,0.1757841,0.2379321,0.1902409,0.2464974,0.132587,0.1442187,0.1310524,0.1391327,0.1380194,0.1233376,0.1241031,0.1187703,0.2555892,0.3899927,0.2228442,0.1965877,0.2987453,0.3732503,0.212436,0.2338022,0.185915,0.1909533,0.1344356,0.1295777,0.1748005,0.2033013,0.1342727,0.1176055,0.1260983,0.1163544,0.1370842,0.1392447,0.1408339,0.1464788,0.1244684,0.1243271,0.3572795,0.3716908,0.1527158,0.1682827,0.153064,0.1755658,0.1210123,0.1301353,0.1550246,0.1815476,0.1434512,0.1479368,0.1821703,0.2077551,0.1952269,0.1885649,0.1402964,0.1618827,0.1973496,0.2321006
0.1335246,0.1442709,0.1228904,0.1176247,0.1323095,0.1292407,0.1295365,0.1563963,0.1292512,0.1246652,0.1276407,0.2303576,0.1835261,0.172597,0.1547472,0.1356143,0.1369632,0.1300558,0.1263869,0.2424224,0.1559924,0.2505914,0.1707723,0.2995658,0.1534164,0.2136315,0.1727478,0.3154779,0.1608599,0.2805518,0.1786303,0.2458209,0.2030979,0.1365454,0.1431484,0.1556494,0.1289903,0.14049,0.1322486,0.1893498,0.1491272,0.1301266,0.1292645,0.129797,0.1289212,0.1256144,0.1197912,0.1241557,0.1241043,0.2379619,0.1834958,0.2326529,0.170869,0.1989958,0.1659582,0.1981677,0.1611154,0.1576855,0.1470159,0.1329245,0.1317084,0.1402661,0.1398217,0.1383844,0.119198,0.1301599,0.1253929,0.1711962,0.1330301,0.2284417,0.1380989,0.1360613,0.1335279,0.1755531,0.1559258,0.1690144,0.1314867,0.2136218,0.1649809,0.1413424,0.1159174,0.1349865,0.1471594,0.1317483,0.1294121,0.1455786,0.1621652,0.1666322,0.1613117,0.1415728,0.1283807,0.1384043,0.1336658
0.1566495,0.1509978,0.1215472,0.1309471,0.1303359,0.1330732,0.1327514,0.1508576,0.1257242,0.1430907,0.1256211,0.1924865,0.2440669,0.1642382,0.2086427,0.1180046,0.1283916,0.1229191,0.1256351,0.135167,0.2832838,0.1508016,0.2831209,0.1532427,0.3381969,0.1998026,0.2406281,0.1608599,0.3212282,0.1928044,0.2816084,0.2137741,0.2508622,0.1394924,0.1502251,0.134374,0.1614878,0.1381933,0.1524886,0.1434055,0.203461,0.1287793,0.1315096,0.1282674,0.1355293,0.1209153,0.1249023,0.1197769,0.125088,0.2051524,0.2776118,0.159132,0.2588794,0.1672116,0.2306291,0.140881,0.2187513,0.1410445,0.1641573,0.1476357,0.1453337,0.1358608,0.1523337,0.1263557,0.1378706,0.1277921,0.1341379,0.1332529,0.1826864,0.1409723,0.2284438,0.1334478,0.1377053,0.1720757,0.1943969,0.141191,0.1848398,0.1873452,0.2164626,0.1194217,0.1440686,0.1412399,0.150517,0.1297857,0.1383232,0.1619749,0.1709648,0.1531973,0.1756588,0.1289148,0.1464277,0.1331513,0.1378535
0.1349439,0.1390559,0.1199151,0.1196572,0.1298815,0.1291667,0.1290439,0.1403079,0.1243774,0.1293912,0.1296894,0.251756,0.2063946,0.1810388,0.1626512,0.1413231,0.1494838,0.1243329,0.1261466,0.2001304,0.1595764,0.2313156,0.1816573,0.2522089,0.1752541,0.2523636,0.2082415,0.2805518,0.1928044,0.3097966,0.1945061,0.2878936,0.230561,0.142966,0.1403101,0.1396139,0.1288193,0.1422164,0.132558,0.1842039,0.1471954,0.1291175,0.1311452,0.1315153,0.1327152,0.123218,0.1239072,0.1187477,0.1257089,0.282337,0.1902933,0.2172754,0.1849159,0.2282979,0.1807019,0.1948827,0.16655,0.1449616,0.1448171,0.1522523,0.1386111,0.1452633,0.1390217,0.1355756,0.1183099,0.1256945,0.1226708,0.1572089,0.1289471,0.2178582,0.1384762,0.1278317,0.126354,0.1966058,0.1770322,0.1522612,0.1294437,0.242642,0.1800449,0.1299072,0.1165163,0.144522,0.1470141,0.1380684,0.1321845,0.155033,0.1657236,0.171522,0.1624457,0.1355237,0.1278013,0.1390358,0.140842
0.1497779,0.1489031,0.1244488,0.1230583,0.1258444,0.1284581,0.1267578,0.1459297,0.1230147,0.1253792,0.1255491,0.2060384,0.2694273,0.1700531,0.2201851,0.1197839,0.1331639,0.1246105,0.1254088,0.1329285,0.2530084,0.1685541,0.235721,0.1626206,0.2617718,0.2075313,0.2402578,0.1786303,0.2816084,0.1945061,0.3075599,0.2273502,0.2794161,0.1358796,0.143879,0.1321563,0.1450618,0.1372442,0.1478016,0.1398087,0.1887664,0.1260935,0.1286499,0.1280895,0.1345083,0.1188461,0.1213952,0.1189112,0.1224876,0.1837872,0.2640403,0.1866751,0.2066767,0.1686486,0.2046919,0.1496194,0.178379,0.1349302,0.1411741,0.1493383,0.1590734,0.1338565,0.1446094,0.1241235,0.1348999,0.1254352,0.130771,0.1278112,0.177022,0.1406485,0.2233045,0.1315625,0.1348246,0.1748269,0.181501,0.1356137,0.1724788,0.2077982,0.265286,0.1179795,0.1365757,0.1411258,0.1450566,0.1283177,0.1305453,0.1570888,0.1600572,0.1520922,0.1615106,0.1271945,0.1353747,0.1305537,0.1355412
0.1311177,0.1548816,0.1217117,0.1251337,0.1306607,0.1274454,0.1255123,0.1356199,0.1189436,0.1453634,0.126095,0.3103241,0.2902918,0.1768443,0.1872502,0.1315163,0.1269036,0.1275312,0.1248112,0.1665083,0.1844738,0.2246703,0.2186966,0.2227763,0.2035483,0.3034811,0.2843898,0.2458209,0.2137741,0.2878936,0.2273502,0.3675813,0.3214677,0.1474978,0.148712,0.1375397,0.1325237,0.1454788,0.1497515,0.1749806,0.1749845,0.1293635,0.1315269,0.135245,0.1334143,0.127195,0.1280131,0.121179,0.1256735,0.2585223,0.2430797,0.2254162,0.189297,0.2404806,0.239617,0.1958009,0.1994185,0.1494017,0.176955,0.1363621,0.1329756,0.1459636,0.1475669,0.1259687,0.1251771,0.1285178,0.1296484,0.1320993,0.1405049,0.170416,0.1482537,0.1347032,0.1328265,0.2321121,0.222621,0.1416457,0.1347512,0.2255418,0.1988759,0.1178404,0.1204701,0.1468216,0.1569885,0.1387643,0.1334614,0.1579874,0.1694643,0.1604842,0.1719848,0.131686,0.1335693,0.1335275,0.1337302
0.1452051,0.1710471,0.1271341,0.122239,0.1280702,0.1296216,0.1277996,0.1846721,0.1268281,0.1383832,0.1283024,0.2692671,0.3272162,0.1692811,0.2068348,0.1238199,0.1308569,0.1242946,0.1235039,0.1466804,0.2262078,0.213817,0.234962,0.1975633,0.2471121,0.3032259,0.3212772,0.2030979,0.2508622,0.230561,0.2794161,0.3214677,0.3631515,0.1486594,0.1619272,0.1328348,0.1396658,0.1489699,0.1619758,0.1632793,0.2021785,0.1318412,0.1331304,0.1334563,0.139727,0.1252887,0.1255536,0.1174732,0.1251181,0.2198179,0.3047034,0.2268323,0.1877358,0.2223296,0.2748873,0.1925034,0.211546,0.1553544,0.1755969,0.1329736,0.1310506,0.1438585,0.1620544,0.1259871,0.1223517,0.1260113,0.1265706,0.1278062,0.1418794,0.1446068,0.1580591,0.1312126,0.1323906,0.2267005,0.2361336,0.1347888,0.1494529,0.2027217,0.2130604,0.1159792,0.1246251,0.152161,0.161586,0.1363234,0.1375344,0.1596818,0.1857624,0.1611233,0.1739393,0.1267089,0.1386882,0.1356402,0.1457041
0.3901471,0.1984145,0.1412154,0.122593,0.2508021,0.2180377,0.2874183,0.1820559,0.3398463,0.2536962,0.3542872,0.1567016,0.1416096,0.1910595,0.1834902,0.3574046,0.3446877,0.1455342,0.1507714,0.1601672,0.128686,0.1855726,0.1511273,0.1579803,0.1341732,0.1876101,0.1498971,0.1365454,0.1394924,0.142966,0.1358796,0.1474978,0.1486594,0.3984478,0.2244754,0.2347446,0.1424238,0.3807861,0.2464003,0.2898141,0.179977,0.3523102,0.2592825,0.3438513,0.2038953,0.1892238,0.1615695,0.1447129,0.1426256,0.1955294,0.1485106,0.1728628,0.1683111,0.2213202,0.1613839,0.2857294,0.1931009,0.2833065,0.2202419,0.1332895,0.1247838,0.3891658,0.2544869,0.1324109,0.12159,0.1218253,0.118555,0.136702,0.1254364,0.1422196,0.1289092,0.1611061,0.151838,0.2003233,0.168693,0.1868296,0.128517,0.145763,0.1454287,0.1415511,0.124498,0.3574425,0.202021,0.2599432,0.1802956,0.3579034,0.2072644,0.2532232,0.1829489,0.1932869,0.1519674,0.3932465,0.2904725
0.1866161,0.3668651,0.1266313,0.1638762,0.2214784,0.2460893,0.2458224,0.457547,0.2943226,0.2335413,0.2429521,0.1529795,0.1485159,0.178855,0.1901146,0.2831971,0.3345547,0.1582421,0.1649593,0.1404273,0.175316,0.1434444,0.2304049,0.1410978,0.1652468,0.1657083,0.1923588,0.1431484,0.1502251,0.1403101,0.143879,0.148712,0.1619272,0.2244754,0.3824993,0.1588986,0.2286185,0.2362059,0.4027204,0.1870051,0.3040125,0.2502445,0.3216391,0.2259265,0.3030869,0.1701889,0.1802777,0.1498612,0.1560243,0.1466864,0.2226031,0.1545855,0.2133162,0.1720294,0.2569963,0.1832341,0.3142322,0.2383609,0.3185483,0.1265519,0.1275728,0.2897257,0.3865637,0.124607,0.1379115,0.1233155,0.1293168,0.1222178,0.1412597,0.1318036,0.1362466,0.1566567,0.1798879,0.1979899,0.2233165,0.1333503,0.1770251,0.1392093,0.1357898,0.1222731,0.1462246,0.1951684,0.3287476,0.1660029,0.2741891,0.1895352,0.3398667,0.1645293,0.2854517,0.1334137,0.2527382,0.2948086,0.3937493
0.2982499,0.1600927,0.1722963,0.1217289,0.1687733,0.1514643,0.2834565,0.1382282,0.1598504,0.155098,0.1853084,0.1635307,0.1420927,0.2047423,0.1855669,0.2179447,0.196215,0.1356419,0.1231415,0.2555959,0.1423979,0.1941805,0.1285425,0.1741923,0.1285254,0.1660313,0.1561556,0.1556494,0.134374,0.1396139,0.1321563,0.1375397,0.1328348,0.2347446,0.1588986,0.3853608,0.1275479,0.2986969,0.1837391,0.2903523,0.1496119,0.2038003,0.1693968,0.193217,0.1402683,0.1334547,0.1225776,0.1347126,0.1136757,0.1790031,0.1390912,0.1980821,0.139093,0.1926139,0.1436349,0.2084744,0.1439041,0.2347102,0.1871845,0.1902804,0.1506495,0.2525272,0.1867086,0.158156,0.1201083,0.1377626,0.1146807,0.2154172,0.1273218,0.209546,0.136272,0.1578713,0.1362137,0.1877602,0.1618453,0.4148983,0.1502574,0.1627149,0.1588776,0.2179073,0.1194906,0.2219169,0.1588244,0.2392896,0.1447334,0.2288424,0.1638857,0.1958887,0.1619519,0.3651923,0.1283105,0.3036512,0.1719704
0.1472165,0.2701364,0.1107595,0.1494299,0.1274874,0.1611546,0.1488691,0.2973535,0.1347049,0.1342764,0.1293494,0.1314274,0.138209,0.1669944,0.1837571,0.1440537,0.1511858,0.1246491,0.1318011,0.1356326,0.2316569,0.1251049,0.2389285,0.130634,0.1844804,0.1299381,0.1567254,0.1289903,0.1614878,0.1288193,0.1450618,0.1325237,0.1396658,0.1424238,0.2286185,0.1275479,0.4118966,0.1453601,0.2100211,0.1331466,0.3088746,0.1340549,0.1709186,0.1314553,0.1758895,0.1163904,0.1228841,0.1184193,0.1301882,0.1260127,0.2313436,0.1297879,0.2170019,0.1384344,0.2539638,0.1521888,0.2803286,0.2159536,0.2783799,0.1567192,0.140765,0.1549699,0.2253743,0.1245674,0.1459068,0.1136669,0.1425361,0.1271431,0.184753,0.1341143,0.1856438,0.1261135,0.150793,0.1775099,0.2301458,0.1419175,0.42621,0.1425298,0.1595357,0.1233798,0.1945565,0.1416267,0.2462788,0.1241078,0.2400796,0.1390374,0.2719664,0.1364,0.2459831,0.124971,0.3551874,0.1177505,0.196737
0.434692,0.2343854,0.1420534,0.1197323,0.2376219,0.2119654,0.3568847,0.1845932,0.2924572,0.2386838,0.2976747,0.1622728,0.1526949,0.1978322,0.1903255,0.3007492,0.3145751,0.1531495,0.151372,0.1854745,0.1388391,0.1922012,0.152454,0.1564564,0.1345859,0.1982652,0.1757841,0.14049,0.1381933,0.1422164,0.1372442,0.1454788,0.1489699,0.3807861,0.2362059,0.2986969,0.1453601,0.437759,0.2872218,0.3217454,0.1966165,0.3256866,0.2636822,0.3008441,0.1949418,0.1701134,0.1622855,0.1464237,0.1420823,0.1919218,0.1585235,0.1929979,0.181624,0.2164018,0.17719,0.2628646,0.1984057,0.304846,0.2417075,0.1513991,0.1394491,0.4457907,0.2857387,0.1410923,0.1166201,0.1247063,0.1172018,0.1497877,0.1263424,0.149884,0.1309433,0.1528,0.1502535,0.2190117,0.1877604,0.2606174,0.1372563,0.1405397,0.1391609,0.1541304,0.1222566,0.3239571,0.2051154,0.2464242,0.1884811,0.3288448,0.219337,0.2536884,0.2041364,0.2264043,0.1601334,0.5153913,0.3177171
0.2306817,0.5062861,0.1276371,0.1541845,0.2323967,0.2313851,0.3521503,0.346762,0.3288837,0.241185,0.2557478,0.170531,0.153466,0.1901387,0.2041203,0.3245488,0.376018,0.1646274,0.1657734,0.1403325,0.1673535,0.1281073,0.2022921,0.1297733,0.159602,0.1880559,0.2379321,0.1322486,0.1524886,0.132558,0.1478016,0.1497515,0.1619758,0.2464003,0.4027204,0.1837391,0.2100211,0.2872218,0.50201,0.2214365,0.3379478,0.2843278,0.3218395,0.2426066,0.2785203,0.1804256,0.1716171,0.1527963,0.1603086,0.1419732,0.2186345,0.1362384,0.2001917,0.1816689,0.2419014,0.179604,0.284944,0.2586205,0.334002,0.1288148,0.1261697,0.3582333,0.4487104,0.1253691,0.1371699,0.1239245,0.1262555,0.1260023,0.1463083,0.13177,0.135786,0.1569276,0.1764331,0.2104432,0.2246951,0.1461533,0.2092032,0.1323671,0.137886,0.1234661,0.1492711,0.2093058,0.3123126,0.1816944,0.2542286,0.2134186,0.3543161,0.1727685,0.2850418,0.1423115,0.2488569,0.3770193,0.4716053
0.4194592,0.1728019,0.1412652,0.1204394,0.1867911,0.1707228,0.4268437,0.1579092,0.2012377,0.1611901,0.2171555,0.223109,0.174254,0.225781,0.199103,0.2682964,0.2662432,0.135034,0.1317006,0.2835927,0.1315867,0.2914397,0.1417112,0.2526718,0.1381788,0.2476063,0.1902409,0.1893498,0.1434055,0.1842039,0.1398087,0.1749806,0.1632793,0.2898141,0.1870051,0.2903523,0.1331466,0.3217454,0.2214365,0.3956317,0.1527493,0.2415762,0.1965274,0.2212978,0.144326,0.1388556,0.1379037,0.1326047,0.1258581,0.2639506,0.1499995,0.2542614,0.1621177,0.3126956,0.1606989,0.3855384,0.1679493,0.4026828,0.2284047,0.174877,0.1467012,0.31745,0.2366606,0.1556658,0.1190174,0.1263363,0.119234,0.1872146,0.1308666,0.1990722,0.1331189,0.1487228,0.1442741,0.2680046,0.2009844,0.2956548,0.13476,0.1703564,0.1577273,0.1748427,0.1194897,0.2593689,0.1682253,0.2082675,0.1618299,0.3750038,0.1865764,0.3036337,0.1720878,0.227869,0.1421449,0.340724,0.2297305
0.1614774,0.4459661,0.1229528,0.147647,0.1723991,0.195127,0.2347979,0.3232865,0.2155013,0.1693181,0.171095,0.1736927,0.1871255,0.1831337,0.218489,0.2079957,0.2444553,0.1469777,0.1411104,0.1333923,0.2903925,0.138904,0.3385343,0.1416912,0.268779,0.1903639,0.2464974,0.1491272,0.203461,0.1471954,0.1887664,0.1749845,0.2021785,0.179977,0.3040125,0.1496119,0.3088746,0.1966165,0.3379478,0.1527493,0.4117799,0.1946736,0.2275052,0.1656778,0.2159006,0.143521,0.1379785,0.1370284,0.1300692,0.1499713,0.2942694,0.1497616,0.2762562,0.167673,0.3466849,0.1653123,0.4083238,0.2465952,0.4267289,0.1663216,0.1557598,0.2342845,0.3016608,0.1303424,0.152849,0.1220631,0.133878,0.1342318,0.1869796,0.1381749,0.1915684,0.1425614,0.16536,0.2275708,0.2907633,0.1466059,0.276788,0.1465756,0.1693976,0.1313867,0.172629,0.1740328,0.2830866,0.1498628,0.2265266,0.1619188,0.3804993,0.1558085,0.3424274,0.1347228,0.2625453,0.2002021,0.2826718
0.3354597,0.2119485,0.1475107,0.1317801,0.3102205,0.236345,0.2670813,0.2541816,0.4449736,0.2297153,0.3992634,0.1362922,0.1260092,0.1850988,0.1785332,0.3386814,0.3571156,0.1770882,0.1622758,0.1478862,0.1342119,0.1429577,0.1497452,0.1432558,0.1328524,0.1400678,0.132587,0.1301266,0.1287793,0.1291175,0.1260935,0.1293635,0.1318412,0.3523102,0.2502445,0.2038003,0.1340549,0.3256866,0.2843278,0.2415762,0.1946736,0.4030647,0.279328,0.3567036,0.2240389,0.2209927,0.1703899,0.1744658,0.1496643,0.1418054,0.1482128,0.1283187,0.1575793,0.1712303,0.1576487,0.2111769,0.1928022,0.2511865,0.2203602,0.1247328,0.1168072,0.3435645,0.2886447,0.1327752,0.1286181,0.1301283,0.1212329,0.1290823,0.1249867,0.1342479,0.1217954,0.1740793,0.1653728,0.1667424,0.1612947,0.1514779,0.1385851,0.1393037,0.1376882,0.1378347,0.1278435,0.2979309,0.2029957,0.2178664,0.1889281,0.2760224,0.2086103,0.1954097,0.1779788,0.1650171,0.1573594,0.3283697,0.3420022
0.190666,0.2808699,0.1326801,0.1561756,0.2669981,0.349722,0.2306168,0.3183789,0.2668176,0.4374742,0.2795277,0.1392591,0.1289819,0.1788524,0.1869772,0.3126022,0.3485256,0.1793299,0.2161379,0.1400999,0.1555985,0.1242274,0.1683451,0.1338258,0.1382949,0.1382169,0.1442187,0.1292645,0.1315096,0.1311452,0.1286499,0.1315269,0.1331304,0.2592825,0.3216391,0.1693968,0.1709186,0.2636822,0.3218395,0.1965274,0.2275052,0.279328,0.400575,0.2740308,0.3223574,0.1759832,0.2119084,0.1557459,0.1916598,0.1304983,0.1543604,0.1201886,0.1658232,0.1572669,0.1826506,0.1515242,0.2273889,0.1987052,0.2489608,0.1246994,0.1248649,0.2971654,0.3217391,0.1252761,0.1349643,0.1239993,0.1374524,0.1188657,0.1341435,0.1257656,0.1307701,0.1673373,0.2062289,0.1683152,0.1815082,0.1332775,0.157848,0.1354815,0.1335492,0.1199226,0.1345236,0.194958,0.2674997,0.167562,0.2377911,0.1821068,0.2626161,0.1515518,0.2172814,0.1343988,0.1880324,0.364408,0.3245193
