0.4818685,0.1996106,0.1656111,0.1442448,0.173795,0.1691107,0.3410105,0.1959947,0.1409856,0.2031943,0.2155033,0.2301302,0.2186299,0.1708224,0.2018741,0.1945681,0.1494944,0.162228,0.2590293,0.1601234,0.2768847,0.1935854,0.2670542,0.1731526,0.2340206,0.3534304,0.2044802,0.1736462,0.1871012,0.1815556,0.2096893,0.2060877,0.3077444,0.2020117,0.2467781,0.1430794,0.3992109,0.2067207,0.3730202,0.1906879,0.1891666,0.1923997,0.1980213,0.1356643,0.1613293,0.1538377,0.1427349,0.1634051,0.1802629,0.2402796,0.269698,0.2030352,0.2581677,0.296223,0.3337636,0.2210423,0.4107956,0.2524349,0.1542141,0.1681665,0.3845581,0.2296353,0.1840737,0.1317838,0.1561694,0.1532517,0.1890272,0.1541239,0.1718883,0.1513482,0.1699448,0.1755319,0.2631992,0.2735562,0.2725701,0.1397101,0.1668251,0.1575543,0.1625485,0.1460337,0.3456067,0.1848478,0.2663266,0.1614496,0.419142,0.2170867,0.3102304,0.2300338,0.2181216,0.1542204,0.3491118,0.1828788,0.241932
0.1996106,0.4892479,0.1889775,0.2164159,0.2441624,0.2406662,0.2680704,0.2529069,0.3449613,0.1450895,0.2537429,0.2527268,0.1955062,0.2007038,0.2339971,0.2287807,0.1900543,0.200481,0.2168513,0.1779145,0.1680578,0.2759441,0.1900493,0.1923416,0.2461808,0.2607191,0.2315589,0.1827561,0.2200229,0.2039557,0.2300109,0.2168782,0.2290132,0.3425702,0.1477482,0.3350059,0.2608532,0.3495896,0.2230764,0.3931468,0.2613516,0.2884561,0.2200181,0.265392,0.1871337,0.2112965,0.1860122,0.2029589,0.2552211,0.2476727,0.2383551,0.2951856,0.2477592,0.3723514,0.2171284,0.4052204,0.2452842,0.467071,0.1697737,0.1477222,0.2690616,0.3869365,0.1689226,0.228098,0.1589957,0.1426702,0.1503895,0.1510766,0.1885763,0.1417217,0.180934,0.2046031,0.2764289,0.3510796,0.1699423,0.2686993,0.2316158,0.2084211,0.1525913,0.1979867,0.2023813,0.3599211,0.1802981,0.3154274,0.2456726,0.5054865,0.2471206,0.4037951,0.1593219,0.2511095,0.2674708,0.257277,0.2421637
0.1656111,0.1889775,0.402363,0.1247215,0.2057963,0.1751996,0.1646752,0.2142689,0.1921739,0.2236808,0.1473559,0.1403624,0.1743858,0.1527591,0.2324592,0.1540583,0.2374059,0.164771,0.1616779,0.1582287,0.1448251,0.1547243,0.143214,0.1462799,0.136704,0.1394576,0.1497667,0.1555772,0.1417963,0.158715,0.1356367,0.1371896,0.2083681,0.144705,0.2695382,0.1564259,0.2051601,0.1490285,0.1739536,0.1614339,0.2045955,0.1686077,0.2346439,0.1545077,0.2560028,0.1313799,0.2489808,0.1388767,0.1426207,0.1359201,0.1413575,0.1489871,0.1563546,0.1549861,0.147386,0.1648328,0.1512375,0.1668469,0.1821908,0.1554734,0.2029128,0.1499875,0.3333932,0.1291392,0.235134,0.1507639,0.2086225,0.1460325,0.1829824,0.1621799,0.2244197,0.1795499,0.1514312,0.1585329,0.195346,0.1400574,0.1424569,0.1697541,0.2678245,0.1270563,0.2054701,0.147146,0.2179656,0.1423999,0.1496932,0.1729132,0.1545755,0.1598032,0.1801925,0.1391484,0.1839415,0.1476417,0.2825152
0.1442448,0.2164159,0.1247215,0.3757218,0.1555702,0.1656069,0.1557091,0.163481,0.1816651,0.1515298,0.161967,0.1503314,0.1434322,0.1548021,0.1488923,0.1765946,0.1410627,0.202155,0.1594692,0.1262695,0.1308966,0.1585296,0.1584262,0.1318397,0.1344877,0.1465479,0.1689394,0.1360551,0.1697377,0.14046,0.1619326,0.1450863,0.1458926,0.1958413,0.1209064,0.2321436,0.1436617,0.1850888,0.1522015,0.1897439,0.1552792,0.1779483,0.1536871,0.1785481,0.1349714,0.2307857,0.1313857,0.2602143,0.1357229,0.1442465,0.1293121,0.1521547,0.1404532,0.1726932,0.1440064,0.183527,0.1486816,0.185603,0.1571457,0.1895623,0.1414488,0.1975572,0.1214918,0.3339773,0.1319063,0.2638333,0.1417716,0.2198604,0.164013,0.1973672,0.1626537,0.2183953,0.1515236,0.162693,0.1234755,0.1830746,0.1792583,0.156369,0.1146732,0.2719297,0.1430982,0.2007621,0.1340594,0.2120114,0.1489819,0.2082682,0.1391579,0.1802679,0.1209892,0.1925111,0.1505571,0.1855731,0.1582716
0.173795,0.2441624,0.2057963,0.1555702,0.4128205,0.3455502,0.2253962,0.390346,0.4358424,0.379276,0.1947442,0.1666001,0.1648722,0.1577553,0.2445507,0.2221602,0.3196014,0.2823789,0.1635729,0.1379299,0.152228,0.1579696,0.1516161,0.140105,0.1450147,0.1684384,0.169545,0.1349206,0.1459887,0.1426073,0.154401,0.1504135,0.2772405,0.226352,0.2066211,0.2212429,0.1987003,0.1887236,0.1929625,0.208857,0.3479058,0.3184577,0.33502,0.2831096,0.2943946,0.2277469,0.2892008,0.2375045,0.1529001,0.1576807,0.168824,0.1689792,0.168768,0.1995798,0.1682778,0.1848732,0.1843099,0.2314895,0.1438141,0.1447686,0.189217,0.2069163,0.1764031,0.1530175,0.17947,0.1403203,0.1451582,0.1361311,0.1497993,0.1373669,0.2189174,0.2245514,0.17334,0.1913857,0.1642708,0.1665065,0.1314976,0.1403883,0.1586231,0.1390681,0.2163012,0.210618,0.2088065,0.2132627,0.18724,0.2232504,0.1788493,0.2027755,0.1694819,0.1692912,0.2024185,0.1899978,0.2896319
0.1691107,0.2406662,0.1751996,0.1656069,0.3455502,0.3776326,0.2200366,0.3053448,0.4260553,0.3069446,0.1871777,0.1660758,0.1597407,0.1627433,0.2205493,0.242768,0.2657993,0.3048319,0.1565167,0.137799,0.1520313,0.1638508,0.1577744,0.1377722,0.1491397,0.171722,0.1634343,0.1355013,0.1491491,0.1405091,0.1572738,0.1493273,0.2319238,0.2544796,0.1669221,0.2089286,0.1806147,0.2029382,0.1880206,0.2073304,0.286836,0.3607799,0.2709624,0.3109539,0.2370887,0.2483321,0.2332489,0.2609793,0.1375961,0.1574694,0.1537689,0.1642346,0.1657929,0.1939653,0.1700273,0.187953,0.1884208,0.2138664,0.1361228,0.1481926,0.1706317,0.2159802,0.1541964,0.1600874,0.1605583,0.1568677,0.1298264,0.138732,0.1355458,0.1402747,0.2010375,0.2407611,0.1763377,0.1924228,0.1463982,0.1675647,0.1346188,0.1373123,0.1437308,0.1416261,0.1819467,0.2175353,0.1770617,0.2119442,0.1829435,0.2235519,0.1694007,0.1921312,0.1541853,0.1672953,0.1992945,0.208262,0.2930408
0.3410105,0.2680704,0.1646752,0.1557091,0.2253962,0.2200366,0.4361557,0.2809496,0.2036534,0.1734691,0.3462806,0.2765899,0.2116863,0.2194563,0.2271892,0.2164452,0.2101057,0.230799,0.2217619,0.161792,0.3069642,0.2438551,0.2411919,0.1967157,0.2011535,0.2781729,0.2480691,0.1848702,0.1981763,0.2302892,0.2066569,0.2456236,0.2845748,0.239372,0.1457787,0.2326194,0.275237,0.2437708,0.399703,0.2733525,0.2435345,0.2263176,0.2454686,0.1915176,0.1827246,0.1889685,0.1877971,0.1995986,0.2511405,0.2329468,0.290249,0.2458436,0.3414249,0.2867231,0.3834975,0.2409355,0.5349389,0.3456428,0.210769,0.2108076,0.2287541,0.2580974,0.14487,0.1540162,0.18006,0.1421352,0.1451579,0.1520398,0.1653136,0.1634449,0.2122669,0.2153468,0.3381518,0.2818631,0.1956457,0.1788465,0.1653003,0.1890097,0.128982,0.1563627,0.2775649,0.2415687,0.2283899,0.2094431,0.3894804,0.2850765,0.3726785,0.2704488,0.2132668,0.1873743,0.2847793,0.1906743,0.4527048
0.1959947,0.2529069,0.2142689,0.163481,0.390346,0.3053448,0.2809496,0.1777148,0.2545702,0.5293545,0.2555959,0.2087765,0.190211,0.1792609,0.2770152,0.2341928,0.281478,0.2699603,0.1825583,0.1584098,0.1661937,0.1643581,0.1747167,0.1632061,0.1616677,0.1844301,0.2123879,0.1638991,0.1746293,0.1768,0.1874195,0.1871186,0.2865838,0.2232931,0.1756143,0.2245584,0.2621173,0.2049127,0.2450444,0.2349663,0.4085517,0.2804568,0.4051274,0.2750327,0.2959013,0.2240596,0.2825126,0.2053737,0.1847287,0.1751654,0.1883143,0.2021392,0.1970775,0.229016,0.2002008,0.1960917,0.2146278,0.2718365,0.1438427,0.1413896,0.2087822,0.2254643,0.1898558,0.1714652,0.196081,0.142847,0.1483931,0.1365739,0.1429585,0.1467417,0.2182855,0.2131236,0.1916374,0.2033084,0.1947446,0.1807955,0.1462622,0.1578478,0.1684717,0.1546663,0.2543494,0.2059452,0.2444571,0.2029927,0.2238805,0.2487152,0.2229915,0.2488082,0.1887014,0.1703055,0.2899779,0.2034582,0.413984
0.1409856,0.3449613,0.1921739,0.1816651,0.4358424,0.4260553,0.2036534,0.2545702,0.5750455,0.2912138,0.1831912,0.1508798,0.1393722,0.1460905,0.2310379,0.2371825,0.3031185,0.3013949,0.1704706,0.14099,0.1280977,0.1531085,0.1623825,0.1391766,0.1354606,0.1640925,0.1778419,0.1292069,0.1463636,0.1264022,0.1481473,0.1375403,0.2717117,0.2711322,0.1715236,0.2550191,0.1554779,0.2474387,0.1517531,0.2435507,0.319104,0.4492788,0.3243934,0.4708465,0.3104391,0.3186474,0.2659574,0.2815261,0.1151037,0.1373723,0.1462405,0.1482568,0.1330796,0.1827137,0.1325918,0.1824515,0.1652524,0.2359558,0.1184901,0.1238211,0.1555464,0.2400928,0.1742731,0.1860425,0.1649247,0.1565758,0.124654,0.1442925,0.1539986,0.128997,0.2020337,0.2425693,0.1558749,0.1801627,0.1290165,0.1908024,0.1337734,0.1203548,0.1621032,0.1494927,0.1603257,0.2878603,0.1725073,0.2863463,0.1536086,0.2535763,0.1353419,0.1980651,0.1582322,0.1821943,0.1592823,0.1409261,0.1456803
0.2031943,0.1450895,0.2236808,0.1515298,0.379276,0.3069446,0.1734691,0.5293545,0.2912138,0.2461296,0.1548046,0.1277233,0.1765713,0.1556516,0.1860818,0.1378965,0.2650255,0.2249658,0.1623599,0.1534982,0.1501492,0.1362387,0.1377556,0.1457192,0.1598083,0.1293877,0.1465138,0.1504285,0.1380425,0.1323267,0.1281736,0.128742,0.3048293,0.1936485,0.2323256,0.1350251,0.2478933,0.1327395,0.1827548,0.1413949,0.3549952,0.2652845,0.402744,0.2762602,0.3331281,0.1786899,0.2782615,0.1820045,0.1563191,0.1437853,0.1470667,0.1556938,0.1784877,0.148591,0.1631747,0.1552113,0.1675582,0.1631005,0.1178064,0.1192326,0.2129953,0.1451836,0.2032148,0.1330268,0.1713023,0.1349301,0.1561128,0.1231719,0.1329195,0.1314103,0.1808631,0.1822955,0.1630761,0.1526628,0.1922126,0.1289416,0.119797,0.1250947,0.1695305,0.1269611,0.2768497,0.1579636,0.2683997,0.156288,0.1625292,0.1462329,0.1669903,0.1450535,0.182925,0.1379961,0.2216491,0.1407234,0.2435571
0.2155033,0.2537429,0.1473559,0.161967,0.1947442,0.1871777,0.3462806,0.2555959,0.1831912,0.1548046,0.3969887,0.3613566,0.2251379,0.2344795,0.2379378,0.2469209,0.1623971,0.180471,0.2326176,0.1600084,0.2247791,0.2172579,0.2357015,0.1927656,0.2664162,0.3136619,0.3070712,0.2066527,0.285592,0.2747023,0.3466356,0.3364778,0.2126257,0.2246182,0.1472639,0.2187913,0.2388888,0.2352343,0.2777003,0.2533174,0.2188607,0.2085674,0.1893984,0.1711036,0.1517774,0.1567502,0.1486407,0.1651581,0.2364278,0.233252,0.2234711,0.2222858,0.2457625,0.2991397,0.2405038,0.2318912,0.2522142,0.3192866,0.2231714,0.1907126,0.2353424,0.2629098,0.1434751,0.16357,0.1509095,0.1381054,0.1540401,0.1446185,0.2062322,0.1588616,0.1803118,0.1833961,0.2735943,0.2811331,0.1785308,0.1682263,0.2716059,0.2633937,0.1391015,0.1565768,0.2121866,0.2236217,0.1752888,0.1930221,0.2685567,0.2820519,0.265294,0.2862114,0.168075,0.1764592,0.2620696,0.2174259,0.3268471
0.2301302,0.2527268,0.1403624,0.1503314,0.1666001,0.1660758,0.2765899,0.2087765,0.1508798,0.1277233,0.3613566,0.399553,0.2032981,0.2309014,0.2161595,0.2360278,0.1476834,0.1645666,0.1901572,0.1793419,0.2194336,0.2323015,0.203572,0.2113119,0.2459839,0.3047699,0.2474787,0.2662411,0.2600855,0.3151265,0.3270783,0.3577262,0.1969005,0.2309941,0.1318082,0.1847724,0.2330792,0.2373269,0.2369878,0.2390734,0.1941792,0.1997049,0.153698,0.1565648,0.1354959,0.1476756,0.1393074,0.1503988,0.2412969,0.2625741,0.2464712,0.2328014,0.2379172,0.3219086,0.2446142,0.2486597,0.2215158,0.3121818,0.1812848,0.1831532,0.2529314,0.2707545,0.1484529,0.1514563,0.1547541,0.1428617,0.1497791,0.1421613,0.1614101,0.1633197,0.1720278,0.175095,0.2649536,0.2983334,0.1658378,0.1612984,0.2695677,0.2679563,0.129912,0.1451778,0.196884,0.2222122,0.1568284,0.184858,0.2619062,0.2818472,0.2489433,0.2884068,0.155836,0.1683114,0.2516768,0.223506,0.2741642
0.2186299,0.1955062,0.1743858,0.1434322,0.1648722,0.1597407,0.2116863,0.190211,0.1393722,0.1765713,0.2251379,0.2032981,0.3136688,0.2820364,0.2678834,0.2365803,0.1798106,0.1754689,0.2227668,0.1536927,0.1565431,0.155466,0.1735254,0.1493183,0.1769147,0.1860229,0.2030968,0.1754182,0.2071992,0.1970268,0.2170336,0.2050686,0.1879783,0.1756797,0.1813037,0.1484423,0.2240252,0.1805215,0.2187077,0.1747881,0.1738707,0.1635613,0.1846194,0.1499687,0.1701896,0.1387886,0.1695196,0.1506901,0.1576428,0.1668168,0.1627267,0.178255,0.1781536,0.1973236,0.1806324,0.1864438,0.1919855,0.2180993,0.3079133,0.288434,0.2065663,0.1870067,0.2217177,0.1545357,0.2192668,0.1752599,0.2347937,0.1782551,0.2418417,0.1923645,0.2366202,0.211703,0.1768313,0.1835395,0.2030121,0.1396299,0.267132,0.2606166,0.1863817,0.140454,0.1897534,0.1664309,0.1660849,0.1498327,0.1993295,0.1863566,0.1900633,0.194502,0.1566461,0.1412598,0.2356096,0.1535194,0.2503846
0.1708224,0.2007038,0.1527591,0.1548021,0.1577553,0.1627433,0.2194563,0.1792609,0.1460905,0.1556516,0.2344795,0.2309014,0.2820364,0.3231302,0.2254432,0.2442729,0.1531487,0.1668023,0.1814575,0.1862582,0.162627,0.1579417,0.1562923,0.1778151,0.1820243,0.1835413,0.1866367,0.2214175,0.192927,0.2451844,0.2258264,0.2425444,0.164918,0.1763882,0.1362699,0.152298,0.1815166,0.1804849,0.190733,0.1933902,0.1624827,0.1636024,0.1590308,0.1459604,0.1440042,0.1442643,0.1480643,0.1571042,0.1665186,0.150485,0.1613036,0.1690973,0.1733586,0.1910979,0.1720975,0.1817927,0.1796563,0.2201952,0.3126575,0.3262978,0.1711224,0.184924,0.1775698,0.1691267,0.1870721,0.2068371,0.1840355,0.2085711,0.2035218,0.238997,0.1991464,0.2153621,0.1804165,0.1806619,0.1612399,0.1518023,0.2764822,0.3109895,0.1559042,0.1433974,0.1627858,0.165646,0.1460581,0.1533183,0.1861408,0.1962229,0.1821363,0.19155,0.1393297,0.1432424,0.205689,0.179515,0.2125133
0.2018741,0.2339971,0.2324592,0.1488923,0.2445507,0.2205493,0.2271892,0.2770152,0.2310379,0.1860818,0.2379378,0.2161595,0.2678834,0.2254432,0.4365376,0.4647328,0.2382577,0.2076512,0.1799723,0.1572219,0.1615602,0.1582107,0.1521492,0.1454121,0.1697122,0.1943848,0.2111677,0.156577,0.1964328,0.1910395,0.217952,0.2044152,0.263324,0.2192233,0.2269506,0.1956015,0.2744321,0.2481208,0.2308744,0.2286678,0.2799618,0.242503,0.2689133,0.1968793,0.2199779,0.1852643,0.2102904,0.1762887,0.170829,0.1726537,0.1771259,0.1701953,0.2009591,0.2230113,0.2055606,0.1858167,0.1786417,0.2486637,0.1647581,0.1618357,0.2676732,0.2430911,0.2728961,0.1515661,0.2140675,0.1505637,0.1710293,0.1538784,0.1633614,0.1598727,0.2672824,0.2388863,0.2036502,0.2073731,0.2201179,0.159168,0.1727288,0.1934456,0.2343127,0.1411259,0.2308657,0.2027562,0.2060631,0.1923945,0.2258217,0.2190193,0.2265424,0.2269084,0.1799706,0.1645265,0.3625926,0.2656722,0.4691639
0.1945681,0.2287807,0.1540583,0.1765946,0.2221602,0.242768,0.2164452,0.2341928,0.2371825,0.1378965,0.2469209,0.2360278,0.2365803,0.2442729,0.4647328,0.4743382,0.1813746,0.2158776,0.1609167,0.1552796,0.170537,0.2061861,0.1558807,0.1502207,0.1713058,0.2050896,0.225262,0.1610399,0.2041507,0.2026735,0.2456032,0.2326395,0.220863,0.2907417,0.1535427,0.1852199,0.2498893,0.3194539,0.2292407,0.2628704,0.2477663,0.2960173,0.1976544,0.227616,0.161523,0.2190722,0.1542187,0.1994849,0.180969,0.2228168,0.1683833,0.1962062,0.2271281,0.2410545,0.2311134,0.2427855,0.1882293,0.2088338,0.160845,0.1866379,0.2549909,0.3149174,0.1671564,0.1714051,0.1524382,0.1783193,0.1439482,0.1659249,0.1407163,0.1668855,0.2258343,0.2704444,0.2482193,0.2534077,0.1744764,0.1711656,0.1789827,0.2079237,0.1660639,0.1562218,0.1855284,0.2528215,0.1635532,0.2141843,0.2314117,0.2457542,0.2174685,0.2358302,0.1590912,0.1805278,0.3801004,0.4601175,0.4230449
0.1494944,0.1900543,0.2374059,0.1410627,0.3196014,0.2657993,0.2101057,0.281478,0.3031185,0.2650255,0.1623971,0.1476834,0.1798106,0.1531487,0.2382577,0.1813746,0.3543212,0.2849666,0.1448976,0.1267524,0.1542863,0.1391494,0.144266,0.1267643,0.1356795,0.1418846,0.1508093,0.1337905,0.1340725,0.1419314,0.1373651,0.1399823,0.2391388,0.1670289,0.1619318,0.1688274,0.1715096,0.1535551,0.1789099,0.1619105,0.2682007,0.2340471,0.2878063,0.2084267,0.2677736,0.1850233,0.3176138,0.2254035,0.1512679,0.1340939,0.1560073,0.1448596,0.1662214,0.1498443,0.1641939,0.1503988,0.1793599,0.1685183,0.1739124,0.1639884,0.1560438,0.1511283,0.2022382,0.1286332,0.2170176,0.1554109,0.149194,0.1337408,0.1551247,0.1361107,0.2415841,0.2241106,0.1598754,0.1572317,0.1469818,0.1388457,0.1289635,0.1520706,0.1752364,0.1238444,0.1892559,0.159271,0.1873081,0.1625906,0.1634522,0.1680315,0.1621497,0.1515491,0.1575341,0.1378298,0.1720976,0.1407962,0.300249
0.162228,0.200481,0.164771,0.202155,0.2823789,0.3048319,0.230799,0.2699603,0.3013949,0.2249658,0.180471,0.1645666,0.1754689,0.1668023,0.2076512,0.2158776,0.2849666,0.3569357,0.1452817,0.1296656,0.1568303,0.1329031,0.1521999,0.1290199,0.1371928,0.1473003,0.1500182,0.1300294,0.1427356,0.1386933,0.1505963,0.1435782,0.2183614,0.1783199,0.1491253,0.1736131,0.1624643,0.1655144,0.1909731,0.1702652,0.2485289,0.2537248,0.2495039,0.2207426,0.2108566,0.2367309,0.227834,0.3342281,0.1403691,0.1336377,0.1420923,0.1412789,0.1647724,0.1467767,0.170155,0.1442924,0.1947449,0.1681581,0.1681671,0.1871482,0.1470226,0.1611747,0.1481065,0.175097,0.1777173,0.2017802,0.1364244,0.1548911,0.1378789,0.1454957,0.2260455,0.2759015,0.1607807,0.1526139,0.1396568,0.1493149,0.1463856,0.1500886,0.1389149,0.1444715,0.1769807,0.1684538,0.1704672,0.1742478,0.1834519,0.1725407,0.171424,0.1535736,0.1536126,0.1398438,0.175632,0.1496826,0.2959864
0.2590293,0.2168513,0.1616779,0.1594692,0.1635729,0.1565167,0.2217619,0.1825583,0.1704706,0.1623599,0.2326176,0.1901572,0.2227668,0.1814575,0.1799723,0.1609167,0.1448976,0.1452817,0.3840054,0.1509517,0.2410095,0.1593298,0.3338652,0.1533523,0.2101834,0.2371106,0.2781271,0.1467236,0.2646787,0.1614462,0.2337065,0.1829118,0.1931911,0.1828426,0.1822384,0.1770064,0.2345006,0.1826774,0.2878832,0.1889196,0.1692246,0.163461,0.1621049,0.1617718,0.1531651,0.1410151,0.1420505,0.1464375,0.1910799,0.1640667,0.2270255,0.1905562,0.1917924,0.2171925,0.2139729,0.1979407,0.2213777,0.241841,0.1821072,0.1488765,0.2198125,0.2063163,0.1955397,0.1850186,0.1454965,0.1423545,0.2539748,0.1568594,0.3026944,0.1602875,0.1508649,0.1498799,0.1891571,0.1927139,0.2738243,0.1535595,0.2602882,0.1963322,0.2252018,0.162606,0.2062111,0.1870468,0.178379,0.1690357,0.2329314,0.2124699,0.2379171,0.215609,0.1961664,0.149901,0.2269228,0.1438545,0.2306138
0.1601234,0.1779145,0.1582287,0.1262695,0.1379299,0.137799,0.161792,0.1584098,0.14099,0.1534982,0.1600084,0.1793419,0.1536927,0.1862582,0.1572219,0.1552796,0.1267524,0.1296656,0.1509517,0.3535961,0.1434781,0.2289429,0.1373154,0.3110282,0.1445742,0.1786163,0.1503089,0.2503638,0.1544657,0.224288,0.1596761,0.1857975,0.1543895,0.1477652,0.1806896,0.1625134,0.1466992,0.1514437,0.15199,0.2226252,0.1456142,0.1447681,0.1403861,0.1305848,0.1346914,0.1290502,0.1322831,0.1281517,0.1418473,0.1916023,0.1469329,0.1897594,0.1448218,0.1781201,0.1552619,0.1850797,0.1506487,0.1594083,0.1461706,0.1505565,0.1498307,0.1495217,0.1761207,0.1516201,0.1493359,0.1385626,0.1614021,0.2113441,0.1589323,0.2457568,0.141692,0.1353598,0.1483311,0.1603707,0.164855,0.2328099,0.1597058,0.1978557,0.1736737,0.1862828,0.1596799,0.1480736,0.1538802,0.1392007,0.1691453,0.1808452,0.157316,0.1946945,0.1511962,0.1664787,0.1550494,0.1434887,0.1363873
0.2768847,0.1680578,0.1448251,0.1308966,0.152228,0.1520313,0.3069642,0.1661937,0.1280977,0.1501492,0.2247791,0.2194336,0.1565431,0.162627,0.1615602,0.170537,0.1542863,0.1568303,0.2410095,0.1434781,0.4595611,0.1810358,0.3414444,0.1660495,0.3120048,0.2810491,0.255488,0.1899424,0.2172211,0.197068,0.2368309,0.2282148,0.2065675,0.1567248,0.1342324,0.1453443,0.2228567,0.1565036,0.3095636,0.1696012,0.1657293,0.1457614,0.1676206,0.1229737,0.1501938,0.1305827,0.146096,0.1458413,0.3320469,0.1794927,0.4152165,0.1829895,0.3323387,0.2119453,0.3895662,0.1768606,0.3549974,0.2183809,0.1473096,0.1581876,0.2025203,0.1687724,0.141181,0.1479359,0.1536503,0.1537467,0.159263,0.1559952,0.1795619,0.1466941,0.153297,0.1610001,0.2943562,0.2347043,0.1946714,0.1400963,0.1468236,0.174442,0.1347086,0.1345788,0.2120824,0.1615918,0.1770926,0.1472374,0.2879557,0.1824559,0.271645,0.1807918,0.171157,0.1418253,0.1920121,0.1682091,0.212884
0.1935854,0.2759441,0.1547243,0.1585296,0.1579696,0.1638508,0.2438551,0.1643581,0.1531085,0.1362387,0.2172579,0.2323015,0.155466,0.1579417,0.1582107,0.2061861,0.1391494,0.1329031,0.1593298,0.2289429,0.1810358,0.4884479,0.1833656,0.2995899,0.2042925,0.2930222,0.1887236,0.2480112,0.1841641,0.2065936,0.2028861,0.2213994,0.1511556,0.2772115,0.1338677,0.2096374,0.1594007,0.2585148,0.1862963,0.3093611,0.1579953,0.2064136,0.144444,0.1480979,0.1374023,0.1418212,0.1397354,0.1291383,0.1715323,0.359972,0.198409,0.4092537,0.2184032,0.3620524,0.2114293,0.4315223,0.2333758,0.3042805,0.1535475,0.149531,0.171721,0.2899278,0.1428348,0.1448154,0.1502395,0.1293926,0.1603996,0.1422658,0.1620325,0.1649389,0.1486643,0.1503581,0.2781375,0.3489546,0.1603696,0.2181866,0.1706811,0.1655957,0.1604062,0.1668215,0.1687206,0.2783513,0.1620215,0.2183515,0.195429,0.3401145,0.2066304,0.3062657,0.161287,0.2229294,0.1792251,0.2504883,0.1535364
0.2670542,0.1900493,0.143214,0.1584262,0.1516161,0.1577744,0.2411919,0.1747167,0.1623825,0.1377556,0.2357015,0.203572,0.1735254,0.1562923,0.1521492,0.1558807,0.144266,0.1521999,0.3338652,0.1373154,0.3414444,0.1833656,0.4130224,0.1672702,0.3021285,0.2994041,0.3100465,0.1794116,0.2741364,0.1763741,0.2624413,0.2223382,0.1792501,0.1726585,0.1377281,0.1632676,0.2060255,0.1859854,0.2990062,0.1853666,0.1599927,0.1603639,0.1525329,0.1534476,0.139507,0.1419063,0.1400806,0.1505717,0.270044,0.1917578,0.295742,0.1987159,0.2646348,0.215961,0.2734635,0.1909371,0.2701148,0.2048873,0.1542294,0.1526976,0.1926332,0.1922069,0.1549039,0.1817936,0.1375064,0.1584285,0.1928164,0.1543624,0.2396384,0.1528241,0.1438231,0.156734,0.2299999,0.2193324,0.2167178,0.1485458,0.217096,0.1731678,0.1707915,0.1524208,0.175436,0.1810699,0.1548664,0.1625988,0.2641461,0.1865343,0.238489,0.1932219,0.1631175,0.1449942,0.2078589,0.1519013,0.2148901
0.1731526,0.1923416,0.1462799,0.1318397,0.140105,0.1377722,0.1967157,0.1632061,0.1391766,0.1457192,0.1927656,0.2113119,0.1493183,0.1778151,0.1454121,0.1502207,0.1267643,0.1290199,0.1533523,0.3110282,0.1660495,0.2995899,0.1672702,0.349953,0.19564,0.2490299,0.1669787,0.2770469,0.170071,0.2398198,0.1827739,0.221584,0.1547846,0.163743,0.1545748,0.1555554,0.159282,0.1620566,0.1734878,0.2374002,0.1481754,0.1517048,0.1385693,0.1308138,0.1317187,0.1268699,0.1283372,0.128229,0.1703441,0.2218386,0.1799248,0.2367642,0.170472,0.2186886,0.1733283,0.2242146,0.1746462,0.1908795,0.1508537,0.1617033,0.16097,0.1714606,0.1671485,0.1484376,0.1554516,0.1384346,0.1628669,0.1791427,0.1502552,0.2022094,0.1432991,0.1369709,0.1766865,0.1953798,0.1606491,0.1912271,0.1654629,0.1782173,0.1546015,0.1572667,0.1620808,0.1609109,0.1505494,0.1461536,0.1826547,0.2076081,0.1782494,0.2092524,0.151899,0.1579281,0.1626173,0.150179,0.1463071
0.2340206,0.2461808,0.136704,0.1344877,0.1450147,0.1491397,0.2011535,0.1616677,0.1354606,0.1598083,0.2664162,0.2459839,0.1769147,0.1820243,0.1697122,0.1713058,0.1356795,0.1371928,0.2101834,0.1445742,0.3120048,0.2042925,0.3021285,0.19564,0.4509295,0.3729297,0.2531002,0.2341048,0.271567,0.2157375,0.2850797,0.2605909,0.2004,0.1949869,0.124638,0.1532025,0.2429823,0.2225935,0.2293652,0.2009718,0.1708378,0.1606676,0.1562989,0.145267,0.144656,0.1337898,0.1371613,0.1371685,0.3992245,0.2529887,0.2877878,0.2484948,0.3674386,0.2537056,0.2727636,0.2444629,0.2500544,0.2498366,0.1501957,0.1357643,0.2447772,0.23706,0.1391317,0.1322345,0.1285111,0.1351197,0.1344288,0.1192471,0.1658382,0.1233383,0.1346797,0.1452066,0.3551416,0.2991136,0.1781026,0.1358831,0.1797851,0.1860703,0.1241237,0.124975,0.2026722,0.1879084,0.1641623,0.165911,0.2424976,0.218546,0.2446457,0.2159066,0.1443863,0.1474613,0.2339584,0.2075209,0.1521282
0.3534304,0.2607191,0.1394576,0.1465479,0.1684384,0.171722,0.2781729,0.1844301,0.1640925,0.1293877,0.3136619,0.3047699,0.1860229,0.1835413,0.1943848,0.2050896,0.1418846,0.1473003,0.2371106,0.1786163,0.2810491,0.2930222,0.2994041,0.2490299,0.3729297,0.5161689,0.28084,0.2402741,0.2394496,0.2503786,0.2769832,0.3148954,0.2104348,0.2472472,0.1190664,0.1672744,0.2866083,0.2512143,0.3002964,0.2536921,0.1774684,0.207693,0.1471238,0.1472404,0.1345493,0.1431454,0.1350789,0.1445096,0.2407301,0.35405,0.3271816,0.2734779,0.2603769,0.4232977,0.2813294,0.2910238,0.3117458,0.3381371,0.1558936,0.1527172,0.2774053,0.2868443,0.1450713,0.1491245,0.1413281,0.1370468,0.1444738,0.139635,0.1680086,0.1453546,0.1565533,0.1613805,0.3200496,0.3897907,0.1860168,0.1522045,0.1949949,0.1736015,0.1308194,0.1521335,0.2207218,0.2311684,0.1810383,0.1848009,0.3238944,0.294398,0.2738103,0.3025311,0.1653072,0.1740862,0.3272443,0.2415955,0.18556
0.2044802,0.2315589,0.1497667,0.1689394,0.169545,0.1634343,0.2480691,0.2123879,0.1778419,0.1465138,0.3070712,0.2474787,0.2030968,0.1866367,0.2111677,0.225262,0.1508093,0.1500182,0.2781271,0.1503089,0.255488,0.1887236,0.3100465,0.1669787,0.2531002,0.28084,0.3668773,0.1809992,0.3107352,0.2249733,0.3192427,0.2754964,0.1864013,0.2061795,0.1621577,0.192233,0.2190638,0.2384641,0.2559889,0.2178222,0.1896228,0.186097,0.1523739,0.1838704,0.1407853,0.1514291,0.1469057,0.1509873,0.2462478,0.2202818,0.2598455,0.1912683,0.2261517,0.2488717,0.242095,0.2058301,0.2228571,0.2528434,0.206738,0.169904,0.2231904,0.2546427,0.1562178,0.1868905,0.1417711,0.161954,0.1979474,0.1636577,0.2646556,0.1688214,0.163289,0.1629214,0.2314035,0.2299521,0.1833304,0.1563227,0.283873,0.2372643,0.1666045,0.1614442,0.1799645,0.2089721,0.1602396,0.1832321,0.2346859,0.2242286,0.2274427,0.2427337,0.1614649,0.1609579,0.2458114,0.2186334,0.2615369
0.1736462,0.1827561,0.1555772,0.1360551,0.1349206,0.1355013,0.1848702,0.1638991,0.1292069,0.1504285,0.2066527,0.2662411,0.1754182,0.2214175,0.156577,0.1610399,0.1337905,0.1300294,0.1467236,0.2503638,0.1899424,0.2480112,0.1794116,0.2770469,0.2341048,0.2402741,0.1809992,0.3283109,0.2074201,0.2881006,0.2317308,0.2726688,0.155205,0.166593,0.1406277,0.134549,0.164092,0.1684631,0.1643172,0.1951633,0.1476526,0.1515692,0.1360206,0.1278694,0.1361648,0.1274595,0.136545,0.1277497,0.21781,0.2422709,0.182632,0.2264064,0.1988506,0.211104,0.1861753,0.2154313,0.1725024,0.1860016,0.1710941,0.2017442,0.1709891,0.1803315,0.1803121,0.1599547,0.1742283,0.1608757,0.1653618,0.1929089,0.1575354,0.2368143,0.153568,0.1479288,0.1943606,0.1952005,0.1506286,0.1635078,0.2190006,0.2447049,0.1668301,0.1605495,0.1565779,0.1575633,0.1464666,0.1415735,0.1881162,0.1842402,0.1756871,0.192369,0.1443183,0.1456033,0.1641884,0.1574665,0.1431636
0.1871012,0.2200229,0.1417963,0.1697377,0.1459887,0.1491491,0.1981763,0.1746293,0.1463636,0.1380425,0.285592,0.2600855,0.2071992,0.192927,0.1964328,0.2041507,0.1340725,0.1427356,0.2646787,0.1544657,0.2172211,0.1841641,0.2741364,0.170071,0.271567,0.2394496,0.3107352,0.2074201,0.3219842,0.2414477,0.325488,0.2755355,0.1706246,0.1890523,0.158446,0.1744736,0.1971305,0.2148538,0.219841,0.1988077,0.1665257,0.1678743,0.1429972,0.1674816,0.1310196,0.1457306,0.1326303,0.1478417,0.2701472,0.2280727,0.2065504,0.190847,0.2318093,0.2127796,0.2135306,0.2016313,0.1799116,0.2152572,0.2023971,0.1762963,0.2064014,0.2255341,0.1573714,0.1794828,0.1504905,0.1637243,0.1892625,0.1647937,0.2474106,0.1718274,0.1594875,0.158493,0.2201243,0.2042596,0.1791483,0.1504261,0.2898545,0.2336483,0.1470532,0.1586629,0.1693345,0.1860433,0.1470755,0.165803,0.2122163,0.2019849,0.2061132,0.2124804,0.1472937,0.1514874,0.2184853,0.2001845,0.2246546
0.1815556,0.2039557,0.158715,0.14046,0.1426073,0.1405091,0.2302892,0.1768,0.1264022,0.1323267,0.2747023,0.3151265,0.1970268,0.2451844,0.1910395,0.2026735,0.1419314,0.1386933,0.1614462,0.224288,0.197068,0.2065936,0.1763741,0.2398198,0.2157375,0.2503786,0.2249733,0.2881006,0.2414477,0.320144,0.2812044,0.324742,0.1713514,0.181841,0.1456528,0.1461935,0.1941071,0.1959995,0.1933697,0.2036141,0.1649772,0.1671391,0.1369722,0.1362312,0.1334161,0.1303199,0.1413116,0.1336657,0.2394104,0.2368997,0.2118573,0.1976435,0.2124169,0.2434631,0.2154866,0.1981156,0.188097,0.2325107,0.2192835,0.233064,0.2110146,0.2128915,0.1823134,0.1579172,0.185665,0.1689961,0.1655756,0.1914665,0.1763015,0.2267143,0.177276,0.1677554,0.2091118,0.2156619,0.1544787,0.1498373,0.2548719,0.2865677,0.1536398,0.1535542,0.1692842,0.1693863,0.1493018,0.1491793,0.2192605,0.2105482,0.2090221,0.2301653,0.1475296,0.148133,0.2134276,0.196435,0.2083675
0.2096893,0.2300109,0.1356367,0.1619326,0.154401,0.1572738,0.2066569,0.1874195,0.1481473,0.1281736,0.3466356,0.3270783,0.2170336,0.2258264,0.217952,0.2456032,0.1373651,0.1505963,0.2337065,0.1596761,0.2368309,0.2028861,0.2624413,0.1827739,0.2850797,0.2769832,0.3192427,0.2317308,0.325488,0.2812044,0.3833324,0.352208,0.1840935,0.205017,0.1342998,0.1802657,0.216029,0.2366949,0.2291824,0.2146347,0.1804354,0.1856736,0.1428161,0.169779,0.1287397,0.1489535,0.1312948,0.1485261,0.2633809,0.230149,0.2166368,0.1988467,0.2415577,0.2331269,0.2380366,0.2117634,0.1734902,0.2274874,0.2255405,0.1956754,0.2353689,0.2541026,0.1407803,0.173,0.1426817,0.159734,0.1504834,0.154698,0.2186897,0.1601511,0.1624579,0.1676276,0.2304631,0.2164783,0.1636233,0.1528403,0.2995428,0.2778588,0.1446407,0.1515853,0.1748566,0.1943649,0.1487899,0.1721175,0.2442179,0.2205226,0.2266037,0.2373526,0.149117,0.1570373,0.2500045,0.2372356,0.2574766
0.2060877,0.2168782,0.1371896,0.1450863,0.1504135,0.1493273,0.2456236,0.1871186,0.1375403,0.128742,0.3364778,0.3577262,0.2050686,0.2425444,0.2044152,0.2326395,0.1399823,0.1435782,0.1829118,0.1857975,0.2282148,0.2213994,0.2223382,0.221584,0.2605909,0.3148954,0.2754964,0.2726688,0.2755355,0.324742,0.352208,0.3706937,0.1824931,0.1968206,0.1256363,0.1597555,0.2079901,0.2212317,0.2243136,0.2157267,0.1751897,0.1805736,0.1376538,0.1505665,0.1290787,0.1380224,0.1352787,0.1388671,0.2487336,0.2484504,0.2354661,0.2064935,0.2343486,0.2604872,0.2418808,0.2098892,0.2036684,0.2357325,0.2075156,0.2165489,0.2295138,0.2392713,0.1533167,0.1523212,0.1702221,0.1542219,0.1440185,0.1557696,0.1715498,0.1781002,0.1704556,0.1659395,0.2379912,0.2375859,0.1509433,0.1493682,0.2758932,0.2762393,0.1342427,0.1452442,0.1766237,0.1834318,0.1490479,0.1596601,0.2480529,0.2212449,0.2275472,0.2401352,0.1468361,0.1512329,0.2385601,0.2233451,0.2365038
0.3077444,0.2290132,0.2083681,0.1458926,0.2772405,0.2319238,0.2845748,0.2865838,0.2717117,0.3048293,0.2126257,0.1969005,0.1879783,0.164918,0.263324,0.220863,0.2391388,0.2183614,0.1931911,0.1543895,0.2065675,0.1511556,0.1792501,0.1547846,0.2004,0.2104348,0.1864013,0.155205,0.1706246,0.1713514,0.1840935,0.1824931,0.3823303,0.1858953,0.3054495,0.1718965,0.3143392,0.1923032,0.2679247,0.1902143,0.3051895,0.2287077,0.3501312,0.1768395,0.2674056,0.1702288,0.2149151,0.1942614,0.200291,0.1605468,0.2127357,0.16524,0.2446224,0.2101702,0.2525381,0.1832234,0.2715655,0.2460795,0.1423879,0.1421218,0.3430008,0.2102124,0.1998966,0.1404651,0.1769624,0.1388215,0.1665123,0.1439107,0.1589369,0.1421735,0.1995885,0.1977444,0.2385508,0.2116884,0.2245847,0.1449359,0.1569989,0.1620396,0.1800386,0.1413567,0.3525288,0.1758312,0.2963499,0.1646198,0.3022734,0.2118333,0.2811571,0.2114953,0.2320822,0.1507317,0.2951991,0.2014093,0.3032698
0.2020117,0.3425702,0.144705,0.1958413,0.226352,0.2544796,0.239372,0.2232931,0.2711322,0.1936485,0.2246182,0.2309941,0.1756797,0.1763882,0.2192233,0.2907417,0.1670289,0.1783199,0.1828426,0.1477652,0.1567248,0.2772115,0.1726585,0.163743,0.1949869,0.2472472,0.2061795,0.166593,0.1890523,0.181841,0.205017,0.1968206,0.1858953,0.3960719,0.1189456,0.2746423,0.2121045,0.3513877,0.1941653,0.3069218,0.2188754,0.3185261,0.1611828,0.3029999,0.1581332,0.2213507,0.1587303,0.1795488,0.1788557,0.2660723,0.2029215,0.2848845,0.2149671,0.3558555,0.2142114,0.3547932,0.217977,0.3570117,0.1579766,0.1495681,0.2323411,0.4007728,0.1368486,0.1818713,0.1461744,0.1441618,0.1396463,0.142753,0.1599214,0.1413174,0.1707913,0.1937084,0.2678696,0.332906,0.1473393,0.1936129,0.1852355,0.1732181,0.1227901,0.1683162,0.1711046,0.3749384,0.1526587,0.2989001,0.2165528,0.3896573,0.2156725,0.3432378,0.1453248,0.24084,0.2651138,0.3875906,0.2326424
0.2467781,0.1477482,0.2695382,0.1209064,0.2066211,0.1669221,0.1457787,0.1756143,0.1715236,0.2323256,0.1472639,0.1318082,0.1813037,0.1362699,0.2269506,0.1535427,0.1619318,0.1491253,0.1822384,0.1806896,0.1342324,0.1338677,0.1377281,0.1545748,0.124638,0.1190664,0.1621577,0.1406277,0.158446,0.1456528,0.1342998,0.1256363,0.3054495,0.1189456,0.4317929,0.1385076,0.2684812,0.1254641,0.2050498,0.1475064,0.2133148,0.1497341,0.2455565,0.1204914,0.2124566,0.1186795,0.1725957,0.1355533,0.1339349,0.1321989,0.1304484,0.1303872,0.1497948,0.1212253,0.1489606,0.131182,0.1497136,0.1283904,0.1620473,0.1266201,0.3183931,0.1193423,0.2764646,0.1230226,0.1672843,0.1382575,0.2526749,0.1546192,0.217328,0.1617387,0.19388,0.1638503,0.1291634,0.1249026,0.3871101,0.1325196,0.1370168,0.1349229,0.2900346,0.1284204,0.3140458,0.1198435,0.2985625,0.1223442,0.1979349,0.1362923,0.1791984,0.1340429,0.3110992,0.1280225,0.2079418,0.1195727,0.2757118
0.1430794,0.3350059,0.1564259,0.2321436,0.2212429,0.2089286,0.2326194,0.2245584,0.2550191,0.1350251,0.2187913,0.1847724,0.1484423,0.152298,0.1956015,0.1852199,0.1688274,0.1736131,0.1770064,0.1625134,0.1453443,0.2096374,0.1632676,0.1555554,0.1532025,0.1672744,0.192233,0.134549,0.1744736,0.1461935,0.1802657,0.1597555,0.1718965,0.2746423,0.1385076,0.4047346,0.1732746,0.2765938,0.185965,0.3098746,0.2142437,0.2320147,0.1866904,0.2194386,0.1547765,0.1906219,0.1596019,0.181994,0.1622708,0.1611155,0.1700555,0.19875,0.1632269,0.240517,0.1643562,0.2578857,0.1839153,0.2824356,0.1490604,0.1245395,0.1678542,0.2895581,0.1347272,0.2059956,0.1441202,0.1561506,0.1386585,0.1831866,0.1720156,0.1711339,0.163316,0.1754738,0.187761,0.2211209,0.1382066,0.3604655,0.1795039,0.1592027,0.1378576,0.2639701,0.1633864,0.2940246,0.1529163,0.300075,0.1765168,0.3211631,0.1830746,0.272997,0.140667,0.3666963,0.1844505,0.276243,0.2449167
0.3992109,0.2608532,0.2051601,0.1436617,0.1987003,0.1806147,0.275237,0.2621173,0.1554779,0.2478933,0.2388888,0.2330792,0.2240252,0.1815166,0.2744321,0.2498893,0.1715096,0.1624643,0.2345006,0.1466992,0.2228567,0.1594007,0.2060255,0.159282,0.2429823,0.2866083,0.2190638,0.164092,0.1971305,0.1941071,0.216029,0.2079901,0.3143392,0.2121045,0.2684812,0.1732746,0.40889,0.2455207,0.3191567,0.2150677,0.2456101,0.2125823,0.2353765,0.1554303,0.1998785,0.1538012,0.1735995,0.1484311,0.2136784,0.1898639,0.2606837,0.1866105,0.2420003,0.2804328,0.2701264,0.2098708,0.2806849,0.3020378,0.1472787,0.1579821,0.4302938,0.274881,0.1972957,0.1360777,0.1754181,0.1403405,0.1834244,0.1412712,0.1782168,0.143043,0.188461,0.1791429,0.2416421,0.2499785,0.2816367,0.1472011,0.1772975,0.1924845,0.1784472,0.143741,0.3341601,0.1904759,0.2661916,0.1716329,0.3005249,0.2438426,0.3048356,0.2638474,0.2257388,0.1584252,0.4412526,0.2846637,0.3265578
0.2067207,0.3495896,0.1490285,0.1850888,0.1887236,0.2029382,0.2437708,0.2049127,0.2474387,0.1327395,0.2352343,0.2373269,0.1805215,0.1804849,0.2481208,0.3194539,0.1535551,0.1655144,0.1826774,0.1514437,0.1565036,0.2585148,0.1859854,0.1620566,0.2225935,0.2512143,0.2384641,0.1684631,0.2148538,0.1959995,0.2366949,0.2212317,0.1923032,0.3513877,0.1254641,0.2765938,0.2455207,0.4054789,0.2037744,0.3184434,0.2143204,0.2668567,0.162909,0.2608229,0.1516434,0.2055867,0.1509389,0.1607464,0.2047554,0.2568583,0.1882244,0.2640696,0.2496775,0.3098052,0.2358573,0.3222313,0.2185448,0.2980058,0.136773,0.1292866,0.2616146,0.4268117,0.1348914,0.1732781,0.1353083,0.1476236,0.1288195,0.1466175,0.1560508,0.1396281,0.156795,0.1794475,0.2767475,0.3056602,0.1508928,0.2246681,0.2059348,0.1807241,0.1268258,0.1814722,0.176513,0.3446407,0.1575861,0.2685489,0.2335757,0.3209895,0.2225361,0.316743,0.1490362,0.2294222,0.3164137,0.4512358,0.267489
0.3730202,0.2230764,0.1739536,0.1522015,0.1929625,0.1880206,0.399703,0.2450444,0.1517531,0.1827548,0.2777003,0.2369878,0.2187077,0.190733,0.2308744,0.2292407,0.1789099,0.1909731,0.2878832,0.15199,0.3095636,0.1862963,0.2990062,0.1734878,0.2293652,0.3002964,0.2559889,0.1643172,0.219841,0.1933697,0.2291824,0.2243136,0.2679247,0.1941653,0.2050498,0.185965,0.3191567,0.2037744,0.3644785,0.2200764,0.2174365,0.1978146,0.2177484,0.1534005,0.1736736,0.1584653,0.1677543,0.1718813,0.2207965,0.2026702,0.2847652,0.2040676,0.2709186,0.2617772,0.3240669,0.2010278,0.3790229,0.2671108,0.1756306,0.1753107,0.2882683,0.2166881,0.1744083,0.1619106,0.1747784,0.1544524,0.1903433,0.1527658,0.2039143,0.1526865,0.199636,0.1965637,0.256321,0.2448647,0.2586813,0.1600512,0.1992324,0.1847162,0.1593598,0.1536402,0.2705998,0.1870091,0.2222307,0.1687836,0.3472969,0.2307361,0.3218199,0.2387033,0.2121593,0.157643,0.3267972,0.1922521,0.3792763
0.1906879,0.3931468,0.1614339,0.1897439,0.208857,0.2073304,0.2733525,0.2349663,0.2435507,0.1413949,0.2533174,0.2390734,0.1747881,0.1933902,0.2286678,0.2628704,0.1619105,0.1702652,0.1889196,0.2226252,0.1696012,0.3093611,0.1853666,0.2374002,0.2009718,0.2536921,0.2178222,0.1951633,0.1988077,0.2036141,0.2146347,0.2157267,0.1902143,0.3069218,0.1475064,0.3098746,0.2150677,0.3184434,0.2200764,0.3580269,0.2245867,0.248141,0.1825723,0.2121836,0.1537027,0.1889922,0.1595774,0.1681733,0.2039966,0.2619696,0.2147481,0.3070774,0.2117692,0.341061,0.2100081,0.3687764,0.229157,0.3739963,0.1624579,0.1532149,0.224205,0.3484571,0.1445003,0.1906399,0.1464742,0.1457679,0.1456369,0.1626524,0.1658285,0.1704766,0.1665465,0.1808958,0.2461452,0.3195013,0.1678719,0.2623365,0.1832968,0.182979,0.1404822,0.193731,0.181342,0.3109614,0.1640984,0.264602,0.2264471,0.3995697,0.2241892,0.3495855,0.1578006,0.243481,0.2629342,0.3123056,0.2412236
0.1891666,0.2613516,0.2045955,0.1552792,0.3479058,0.286836,0.2435345,0.4085517,0.319104,0.3549952,0.2188607,0.1941792,0.1738707,0.1624827,0.2799618,0.2477663,0.2682007,0.2485289,0.1692246,0.1456142,0.1657293,0.1579953,0.1599927,0.1481754,0.1708378,0.1774684,0.1896228,0.1476526,0.1665257,0.1649772,0.1804354,0.1751897,0.3051895,0.2188754,0.2133148,0.2142437,0.2456101,0.2143204,0.2174365,0.2245867,0.3476368,0.2779512,0.3401537,0.2412419,0.2731549,0.2079241,0.2468621,0.2092083,0.1835775,0.162397,0.1841814,0.1814689,0.2025933,0.2172935,0.1991545,0.1968797,0.1982293,0.264191,0.1409095,0.1396831,0.2435657,0.2345933,0.1786859,0.1562554,0.1734799,0.1387008,0.145678,0.1370712,0.1477527,0.1394699,0.2071035,0.2091247,0.2025055,0.2052937,0.1834764,0.167325,0.1488216,0.1566705,0.1638188,0.1439538,0.2431283,0.2049824,0.2266982,0.1995583,0.224639,0.2443642,0.2236317,0.2356368,0.1842598,0.1672822,0.2651443,0.2289887,0.3435702
0.1923997,0.2884561,0.1686077,0.1779483,0.3184577,0.3607799,0.2263176,0.2804568,0.4492788,0.2652845,0.2085674,0.1997049,0.1635613,0.1636024,0.242503,0.2960173,0.2340471,0.2537248,0.163461,0.1447681,0.1457614,0.2064136,0.1603639,0.1517048,0.1606676,0.207693,0.186097,0.1515692,0.1678743,0.1671391,0.1856736,0.1805736,0.2287077,0.3185261,0.1497341,0.2320147,0.2125823,0.2668567,0.1978146,0.248141,0.2779512,0.3813018,0.2421534,0.3357357,0.2240557,0.2523263,0.2155027,0.2330006,0.1502177,0.2071351,0.1637982,0.2044054,0.1836775,0.253526,0.1935556,0.2488697,0.2010932,0.2519916,0.139835,0.1496314,0.2177394,0.2880576,0.1567097,0.1674682,0.164186,0.1498463,0.1309521,0.1419261,0.1414618,0.1426171,0.1983279,0.2319765,0.2148874,0.2438547,0.1508835,0.1808249,0.1496612,0.1514677,0.1411544,0.1500074,0.1737333,0.2736384,0.1660788,0.2473173,0.20461,0.285714,0.1915832,0.2496878,0.1549462,0.1942609,0.2572633,0.2986057,0.2988233
0.1980213,0.2200181,0.2346439,0.1536871,0.33502,0.2709624,0.2454686,0.4051274,0.3243934,0.402744,0.1893984,0.153698,0.1846194,0.1590308,0.2689133,0.1976544,0.2878063,0.2495039,0.1621049,0.1403861,0.1676206,0.144444,0.1525329,0.1385693,0.1562989,0.1471238,0.1523739,0.1360206,0.1429972,0.1369722,0.1428161,0.1376538,0.3501312,0.1611828,0.2455565,0.1866904,0.2353765,0.162909,0.2177484,0.1825723,0.3401537,0.2421534,0.4116102,0.2138234,0.3287516,0.1855171,0.270979,0.2077793,0.1652168,0.1395114,0.1558374,0.1543294,0.2010483,0.1598975,0.182363,0.1729044,0.210236,0.1923935,0.1300417,0.1264957,0.2168576,0.1583138,0.215025,0.1428847,0.1840808,0.1361391,0.1456063,0.1296168,0.136431,0.1301653,0.2037119,0.2059637,0.1949509,0.182435,0.1893176,0.1541506,0.1281989,0.1366008,0.1856853,0.1372235,0.2715803,0.1640654,0.2653718,0.164072,0.1960038,0.193495,0.1929405,0.1685905,0.2024703,0.1484822,0.2181787,0.1527366,0.357383
