0.4914336,0.2878405,0.2743453,0.2324093,0.2659395,0.251779,0.5013976,0.4041901,0.3175249,0.2925365,0.3233304,0.2390673,0.2550918,0.2357129,0.2538486,0.2390366,0.2912392,0.2975322,0.2432154,0.2392444,0.3469518,0.2452268,0.3344236,0.2779216,0.3117385,0.2366787,0.2625785,0.2602903,0.2618806,0.2321306,0.251546,0.2320734,0.2424206,0.243745,0.3828716,0.2724073,0.2887891,0.2610725,0.4024398,0.2725224,0.4115444,0.2745579,0.2981295,0.2776789,0.2879496,0.2414145,0.2660748,0.2356121,0.2351206,0.2347409,0.2823001,0.2547919,0.320311,0.2615307,0.3216126,0.291449,0.3915001,0.2855528,0.482218,0.3664288,0.2391937,0.2417964,0.4284948,0.2911533,0.2607903,0.2290592,0.2485226,0.2380927,0.2687207,0.2338012,0.258119,0.2284998,0.2696319,0.2568491,0.3018958,0.3099837,0.2978353,0.3150954,0.2524726,0.2378508,0.2289477,0.2900501,0.2348403,0.3593166,0.2537837,0.3148363,0.2541126,0.45327,0.2960243,0.4354973,0.2604368,0.2997631,0.2579575,0.3600371,0.2616522
0.2878405,0.5218441,0.2377595,0.2703766,0.25485,0.2850906,0.3237129,0.5789054,0.2948949,0.3846886,0.2576311,0.299674,0.2353707,0.2447908,0.2383154,0.2540659,0.3097234,0.3208715,0.2349238,0.2486082,0.2335358,0.3258741,0.2466984,0.3203898,0.2255459,0.2821169,0.2518503,0.2395056,0.2211391,0.2496913,0.224291,0.2350625,0.2250098,0.2264981,0.2733365,0.3684458,0.2444186,0.2834514,0.2508263,0.3690814,0.2510989,0.4269848,0.2771415,0.3207468,0.2565703,0.3031476,0.2382108,0.2654708,0.2317755,0.2456436,0.2412935,0.2456226,0.2318401,0.2947375,0.2550588,0.3129095,0.2656096,0.3871225,0.3165517,0.497898,0.2320918,0.2270146,0.2699848,0.4026815,0.2289232,0.2648261,0.2362007,0.243358,0.2271359,0.2471171,0.2239849,0.2606195,0.2587842,0.2709533,0.6715804,0.2704114,0.3116696,0.2297176,0.3078192,0.226256,0.2320477,0.2210858,0.2877117,0.23968,0.3708725,0.2424827,0.3350396,0.2531972,0.4788285,0.2398126,0.4177577,0.2326784,0.3079074,0.2749049,0.3520468
0.2743453,0.2377595,0.516225,0.2330824,0.3031023,0.2472536,0.2900081,0.2462262,0.2610602,0.2662115,0.2496168,0.2524652,0.2600258,0.244613,0.3374497,0.2683115,0.3173735,0.286752,0.3342725,0.2703074,0.2902542,0.2229434,0.245516,0.2265844,0.2542315,0.2185552,0.2231681,0.2196549,0.2490625,0.2204112,0.253423,0.2245563,0.2288592,0.2219153,0.2939365,0.23462,0.3192917,0.2433741,0.285414,0.2438748,0.3210795,0.2390204,0.2874103,0.2452446,0.2976139,0.2234799,0.3822976,0.2238017,0.360049,0.2396335,0.224746,0.2164007,0.2219703,0.2271452,0.2352588,0.2247878,0.2400686,0.2330471,0.2603155,0.2448617,0.3540031,0.2859843,0.289791,0.2434911,0.4406668,0.2293203,0.401136,0.2413868,0.3698052,0.2371617,0.350792,0.2327838,0.3925627,0.2875449,0.2347662,0.2284486,0.2246392,0.3145913,0.2350087,0.2820448,0.2596686,0.3884716,0.2375183,0.2826945,0.2237613,0.3151142,0.2298914,0.2531748,0.2369932,0.2546415,0.231884,0.318731,0.2398323,0.3179493,0.2683776
0.2324093,0.2703766,0.2330824,0.4732535,0.2582963,0.3074552,0.2521952,0.2920396,0.2578175,0.2475104,0.2248795,0.291027,0.2451789,0.2512296,0.2567875,0.3034451,0.2884134,0.2795811,0.2715859,0.3321969,0.2256509,0.2975671,0.2289758,0.2451625,0.2245528,0.2556941,0.2281167,0.2273287,0.2221366,0.2529064,0.2215716,0.2558202,0.2259616,0.229497,0.2401966,0.2708806,0.2320992,0.3069615,0.2350914,0.277218,0.2333472,0.3061316,0.2504308,0.2789916,0.2322531,0.2874519,0.2338745,0.3519771,0.2537414,0.3469494,0.2239921,0.22515,0.2241235,0.2368624,0.2381163,0.237287,0.2359019,0.2540437,0.2497724,0.2763602,0.2569158,0.3028953,0.238032,0.2646287,0.2308269,0.4053276,0.2352317,0.4143682,0.2294059,0.356009,0.2313278,0.3521802,0.2697473,0.3542301,0.2640304,0.2367691,0.2386104,0.2232557,0.3039234,0.2357588,0.2768847,0.2263738,0.4064188,0.2295283,0.2656258,0.2288598,0.3092442,0.2317673,0.2545817,0.2239241,0.2654741,0.2258693,0.32379,0.2567405,0.280299
0.2659395,0.25485,0.3031023,0.2582963,0.3606096,0.3078525,0.2727569,0.2606337,0.3474354,0.3057797,0.2997649,0.3491329,0.246002,0.2363631,0.2695558,0.2549674,0.2783257,0.2777881,0.3233263,0.2904727,0.2539073,0.2289695,0.2486533,0.2295323,0.236866,0.224831,0.2395618,0.2300111,0.2334018,0.2251062,0.23547,0.2260864,0.2291416,0.2257056,0.3062377,0.2659047,0.2803614,0.2347794,0.283595,0.2791735,0.2787442,0.2515265,0.3500606,0.3009413,0.319861,0.2551073,0.320073,0.2558783,0.3158784,0.2809057,0.2381964,0.2226639,0.2303606,0.2312547,0.2469908,0.2325493,0.2589695,0.2400165,0.2652278,0.252326,0.2567522,0.2502432,0.2848387,0.272578,0.2759042,0.2484058,0.2631001,0.2509001,0.2613169,0.2361738,0.255808,0.2325209,0.2859811,0.268746,0.2521195,0.2413368,0.2363716,0.2663439,0.2305136,0.242229,0.2390118,0.2681816,0.241397,0.2712223,0.2400203,0.2785296,0.2405953,0.2521527,0.2423071,0.2474201,0.238316,0.2669285,0.2330084,0.3064141,0.3051133
0.251779,0.2850906,0.2472536,0.3074552,0.3078525,0.3920546,0.2405439,0.2992088,0.2422203,0.3756574,0.2268579,0.417061,0.2371699,0.2344613,0.2514488,0.2608456,0.2659348,0.2991566,0.3086803,0.3630166,0.2329286,0.269361,0.2262978,0.2519638,0.2249785,0.2436576,0.2302867,0.2264524,0.2223621,0.2310822,0.2233516,0.2315085,0.2223481,0.221963,0.2584374,0.3129667,0.2524643,0.2794016,0.2616888,0.2878044,0.2469696,0.2867168,0.2811804,0.371042,0.2444359,0.3427847,0.2486994,0.3352527,0.2671972,0.3595426,0.2286491,0.2237727,0.2225641,0.2416003,0.2411142,0.2419442,0.2394163,0.2495417,0.2523955,0.2847746,0.2452582,0.2503077,0.2707616,0.2793976,0.2388367,0.294093,0.2455624,0.3031129,0.233895,0.2649164,0.2366716,0.255091,0.2623642,0.3031725,0.3064492,0.2418258,0.2471762,0.2395145,0.2751722,0.2301371,0.2427025,0.233523,0.2804657,0.2475654,0.2781382,0.2422104,0.2936308,0.2464481,0.2724096,0.2390614,0.2580975,0.2403964,0.2799435,0.2859801,0.2817844
0.5013976,0.3237129,0.2900081,0.2521952,0.2727569,0.2405439,0.4190464,0.2807211,0.3029966,0.2634956,0.2704779,0.2310411,0.3004162,0.2728759,0.2509609,0.2597525,0.3482896,0.353045,0.255668,0.2515208,0.3966755,0.2239218,0.431558,0.2335094,0.3171878,0.2177196,0.3489541,0.2917351,0.2448137,0.2240478,0.2509518,0.2262821,0.2452704,0.2360719,0.3642238,0.267673,0.3750816,0.2490563,0.3037226,0.2656741,0.4818636,0.2563408,0.2900985,0.260922,0.2771589,0.2455456,0.2842472,0.2365536,0.2501452,0.2340733,0.3533973,0.2278882,0.3637496,0.2239119,0.4425814,0.2870887,0.472362,0.2843869,0.6702602,0.3417899,0.2489386,0.242067,0.3446711,0.3121535,0.258658,0.2639123,0.2644388,0.261904,0.2794765,0.2437378,0.2638558,0.2347593,0.2990065,0.281948,0.2443611,0.4127124,0.3482069,0.3255257,0.2358692,0.2404431,0.2338429,0.2842769,0.2584736,0.3020353,0.2375962,0.3153553,0.2449961,0.4375046,0.2776934,0.3925625,0.2780029,0.3053007,0.250653,0.2931155,0.266075
0.4041901,0.5789054,0.2462262,0.2920396,0.2606337,0.2992088,0.2807211,0,0.3270352,0.4127497,0.2839644,0.2831627,0.2631119,0.2627544,0.2471153,0.2394132,0.339751,0.3498324,0.234668,0.2664063,0.2396162,0.3489853,0.2517602,0.4163689,0.2367133,0.2973391,0.2363753,0.2320492,0.2316578,0.2505677,0.2321541,0.2339926,0.2257788,0.2206921,0.3306568,0.3807838,0.2693427,0.3310947,0.293422,0.3350332,0.2656281,0.4845496,0.2983236,0.3489522,0.272091,0.308436,0.243968,0.2903549,0.230999,0.269708,0.2383737,0.2822569,0.2436898,0.367919,0.3116025,0.4185236,0.313277,0.5258549,0.4200594,0.7692795,0.2397491,0.2324322,0.3204416,0.3866007,0.2349815,0.2588817,0.2369353,0.2666371,0.24264,0.2499429,0.2372195,0.2519388,0.269403,0.2939873,0.7057893,0.3242116,0.4115553,0.2518072,0.3179548,0.2244375,0.2222376,0.2496606,0.2836442,0.2702067,0.3542643,0.2651135,0.3398779,0.3300107,0.5620301,0.2933765,0.437345,0.2648569,0.336076,0.2728776,0.2754073
0.3175249,0.2948949,0.2610602,0.2578175,0.3474354,0.2422203,0.3029966,0.3270352,0.5162029,0.2666314,0.7260514,0.3048455,0.2225729,0.2261403,0.235217,0.2395259,0.2591997,0.2465904,0.2357358,0.244002,0.2417067,0.2322981,0.2386863,0.2180226,0.2262567,0.2227857,0.232135,0.2387883,0.2250611,0.2230701,0.2228803,0.2237392,0.2274992,0.2335086,0.3757522,0.2823274,0.25385,0.2461044,0.2857266,0.3089757,0.2765061,0.2624788,0.475174,0.278029,0.4238757,0.2457453,0.3169862,0.2545469,0.2399226,0.2510671,0.2176889,0.2265892,0.2248782,0.2113571,0.2280753,0.2502575,0.2538728,0.2410074,0.280609,0.2793808,0.2428831,0.245154,0.2896153,0.3029219,0.2391403,0.2481232,0.2229543,0.241435,0.2346596,0.233311,0.2290038,0.2269592,0.2540951,0.2523217,0.2798131,0.2302728,0.2402504,0.2412592,0.2383228,0.2220623,0.220598,0.2449693,0.2375565,0.2752172,0.2446697,0.2789812,0.2433498,0.2578726,0.246753,0.2500386,0.2333055,0.2431797,0.2388811,0.2602926,0.3396022
0.2925365,0.3846886,0.2662115,0.2475104,0.3057797,0.3756574,0.2634956,0.4127497,0.2666314,0.4652569,0.2291422,0.4902406,0.2187681,0.212926,0.2312007,0.2203864,0.2316566,0.284369,0.2632622,0.2592788,0.242599,0.2462544,0.229026,0.2480732,0.2336179,0.2276991,0.2305529,0.2219789,0.228397,0.2236821,0.2244582,0.2156017,0.2201876,0.2180525,0.2814774,0.3506309,0.2402167,0.2465486,0.2912277,0.2917839,0.2654145,0.3092635,0.3016649,0.4768398,0.2702401,0.3854281,0.2818435,0.292472,0.2600511,0.2651657,0.2240659,0.215293,0.2138223,0.231094,0.2516113,0.2448442,0.2469413,0.2491599,0.2821366,0.3365127,0.2414695,0.2273145,0.3170736,0.3150735,0.2418953,0.2386752,0.2466248,0.2349837,0.238885,0.2253569,0.2467913,0.2292506,0.2489253,0.2480863,0.4319226,0.2540668,0.2557129,0.2424146,0.2501537,0.2169622,0.2217707,0.229567,0.2459553,0.2632396,0.3012644,0.2483348,0.28658,0.2587598,0.3243766,0.2497646,0.2664664,0.2360594,0.2635835,0.3187707,0.2971553
0.3233304,0.2576311,0.2496168,0.2248795,0.2997649,0.2268579,0.2704779,0.2839644,0.7260514,0.2291422,0,0.2117771,0.2152507,0.20912,0.2185018,0.215676,0.2235843,0.2094732,0.2279245,0.2225426,0.2297803,0.2154115,0.2096136,0.2106712,0.2124127,0.2079719,0.2148994,0.2292557,0.2158738,0.2137184,0.2125894,0.2126794,0.2152132,0.220476,0.3751255,0.2354466,0.2354871,0.2371819,0.3149,0.24568,0.2611959,0.2302786,0.4190321,0.2313009,0.4157319,0.2331324,0.3308201,0.2332568,0.2379093,0.2197408,0.2146351,0.2296632,0.2234242,0.20845,0.2049279,0.2366274,0.2206522,0.2278203,0.2510286,0.2503329,0.2176099,0.2176671,0.3151271,0.2424969,0.2328799,0.2298275,0.219756,0.2125199,0.2239001,0.2154318,0.2145666,0.2143182,0.2381556,0.2154062,0.261043,0.2125924,0.2250818,0.231839,0.2344271,0.2130306,0.2099685,0.2311359,0.2160539,0.3099948,0.2254074,0.2725413,0.2291518,0.2412904,0.2304564,0.2370544,0.2198849,0.2376594,0.2325452,0.2810719,0.2733301
0.2390673,0.299674,0.2524652,0.291027,0.3491329,0.417061,0.2310411,0.2831627,0.3048455,0.4902406,0.2117771,0.4604352,0.2252146,0.2284846,0.2351134,0.2379254,0.2469329,0.2785405,0.2772509,0.3164003,0.2274012,0.2445032,0.2158698,0.2484814,0.223599,0.2333346,0.2305249,0.2226237,0.2355309,0.2384333,0.2394744,0.231172,0.2368138,0.2286983,0.2915049,0.3210074,0.2459553,0.2240688,0.2939137,0.2978696,0.2565311,0.2698437,0.3075537,0.4371667,0.3035131,0.3530109,0.2766573,0.3101713,0.2584009,0.3823582,0.22898,0.2264039,0.2098888,0.2447798,0.2461045,0.2416412,0.2349072,0.2477577,0.2332794,0.2721639,0.2378469,0.2267916,0.3067762,0.2874168,0.2441653,0.2507882,0.2488022,0.2353961,0.2437258,0.2293525,0.2422219,0.2330693,0.2503091,0.2432904,0.3394278,0.2488332,0.2555375,0.2330616,0.2463231,0.2213871,0.2262349,0.2345136,0.2601444,0.2765276,0.2647704,0.2496635,0.253677,0.2526527,0.2757094,0.2365742,0.2462622,0.2365438,0.2519642,0.3485804,0.287311
0.2550918,0.2353707,0.2600258,0.2451789,0.246002,0.2371699,0.3004162,0.2631119,0.2225729,0.2187681,0.2152507,0.2252146,0.4241398,0.3980432,0.2979834,0.2914763,0.3306106,0.3433501,0.2486021,0.2464043,0.3239793,0.2513647,0.3211228,0.2583956,0.3105846,0.2562502,0.3518004,0.3316828,0.3139742,0.2531652,0.3300838,0.2658896,0.3665135,0.3143398,0.2413181,0.2290058,0.3145384,0.2253677,0.2492922,0.2305467,0.3013115,0.2511354,0.2441694,0.2330853,0.2291232,0.2224872,0.2446186,0.2227051,0.2441725,0.2297647,0.3219781,0.2680212,0.2703401,0.251568,0.3239712,0.2840123,0.3006968,0.25527,0.2991118,0.2756971,0.2430742,0.2437752,0.2442614,0.2355387,0.2502277,0.23953,0.2400382,0.2438338,0.264505,0.2346513,0.2717508,0.2377764,0.2693012,0.2652861,0.2319584,0.3128774,0.2926411,0.2884851,0.235438,0.2963624,0.2840663,0.2619545,0.2398872,0.2415633,0.2235673,0.2514168,0.2229176,0.2552727,0.2442585,0.2546428,0.2437853,0.261611,0.2258567,0.2470542,0.232471
0.2357129,0.2447908,0.244613,0.2512296,0.2363631,0.2344613,0.2728759,0.2627544,0.2261403,0.212926,0.20912,0.2284846,0.3980432,0.4675315,0.2789955,0.3056186,0.3032287,0.314252,0.24068,0.2430642,0.2695693,0.2864176,0.266823,0.2855703,0.2547336,0.3059872,0.299636,0.3150308,0.2640833,0.3035505,0.2799115,0.3140822,0.3412209,0.3634701,0.2346558,0.2281511,0.2722109,0.2440504,0.2353923,0.2362522,0.2615432,0.2722981,0.2346381,0.2278689,0.2263387,0.217904,0.2372026,0.2216185,0.2380452,0.233884,0.263254,0.2903312,0.2421579,0.2789892,0.272003,0.2900758,0.260554,0.286057,0.2633236,0.2744884,0.2294687,0.2343001,0.2379048,0.2407988,0.2354975,0.2433431,0.2327588,0.2427623,0.246958,0.2371304,0.2547695,0.2421597,0.2525123,0.2526042,0.2414464,0.2773787,0.2851412,0.2524999,0.2515669,0.2816646,0.2837719,0.2397444,0.2492404,0.2318082,0.2246567,0.2336936,0.2251116,0.2396961,0.2496987,0.2349423,0.2557503,0.2380158,0.2349075,0.2390765,0.2400823
0.2538486,0.2383154,0.3374497,0.2567875,0.2695558,0.2514488,0.2509609,0.2471153,0.235217,0.2312007,0.2185018,0.2351134,0.2979834,0.2789955,0.3982686,0.3477556,0.3346805,0.3101307,0.2797503,0.262607,0.3041016,0.2521966,0.2457357,0.2297788,0.2757196,0.2398619,0.2366503,0.2387261,0.2869757,0.2343804,0.2935301,0.2473648,0.2676781,0.2492624,0.2570453,0.2310125,0.3204288,0.2415493,0.2739129,0.241431,0.3076341,0.2530701,0.2633695,0.2387444,0.2454919,0.2245733,0.2775549,0.2312749,0.2780515,0.2412083,0.240242,0.22577,0.2298839,0.2218318,0.2491697,0.2368983,0.2429211,0.2340293,0.2435348,0.2460453,0.3910821,0.3522938,0.2628469,0.2372652,0.3470175,0.2555033,0.3441031,0.2702289,0.3360972,0.2725891,0.3533753,0.2644614,0.3488339,0.3087471,0.240178,0.2406918,0.2352743,0.315713,0.2513899,0.3750089,0.3427143,0.3301527,0.2556588,0.2589104,0.2289072,0.2825688,0.2363454,0.2422267,0.2364282,0.2498627,0.2424528,0.296944,0.2431945,0.2953908,0.2653611
0.2390366,0.2540659,0.2683115,0.3034451,0.2549674,0.2608456,0.2597525,0.2394132,0.2395259,0.2203864,0.215676,0.2379254,0.2914763,0.3056186,0.3477556,0.3704578,0.3074095,0.3040292,0.26102,0.2722382,0.2634918,0.3019859,0.248827,0.2465575,0.2492329,0.2760009,0.2417519,0.2450653,0.2512505,0.2735336,0.2637611,0.2866565,0.2704931,0.2700951,0.2372468,0.2437189,0.2556548,0.2857037,0.2447455,0.2583462,0.2681201,0.2873082,0.2475457,0.2475245,0.2294361,0.2271914,0.2438414,0.2499537,0.2504334,0.2579999,0.2401972,0.2347172,0.233727,0.2371465,0.2406515,0.2373922,0.2433651,0.245428,0.2436052,0.2432661,0.3220558,0.3481522,0.2400784,0.2492541,0.2782213,0.3088534,0.2763714,0.3047421,0.2702305,0.3167865,0.270991,0.3188447,0.2933202,0.3172062,0.2484252,0.23328,0.2324161,0.2582996,0.2970712,0.3300914,0.3692971,0.2681807,0.3061524,0.2373755,0.240842,0.245198,0.2573569,0.2379331,0.238598,0.2409364,0.2539165,0.2503986,0.2772461,0.2620764,0.2933176
0.2912392,0.3097234,0.3173735,0.2884134,0.2783257,0.2659348,0.3482896,0.339751,0.2591997,0.2316566,0.2235843,0.2469329,0.3306106,0.3032287,0.3346805,0.3074095,0.4985638,0.5082878,0.2777845,0.2911025,0.308735,0.2913889,0.2947161,0.2638637,0.2668066,0.2546237,0.284689,0.2667192,0.2536285,0.241234,0.2532411,0.2417048,0.2481097,0.2340581,0.3149395,0.2593291,0.3085662,0.2538408,0.2965368,0.296671,0.3090898,0.3224736,0.2877545,0.2601495,0.2875995,0.2310278,0.2610605,0.2401998,0.2546154,0.2721946,0.2604675,0.2305724,0.2551164,0.2468529,0.2792023,0.270178,0.298033,0.2806477,0.3207935,0.3406748,0.2541244,0.2717885,0.3000279,0.2985298,0.341681,0.2764302,0.3570573,0.2825717,0.2985301,0.2618543,0.2756314,0.2622052,0.3827707,0.3667446,0.3279119,0.2892611,0.2947387,0.2798745,0.2737386,0.2741453,0.2691468,0.3154899,0.2926427,0.277977,0.2479625,0.2799711,0.2445501,0.2626903,0.2899273,0.2557547,0.2797339,0.2742361,0.2577077,0.3290151,0.3026399
0.2975322,0.3208715,0.286752,0.2795811,0.2777881,0.2991566,0.353045,0.3498324,0.2465904,0.284369,0.2094732,0.2785405,0.3433501,0.314252,0.3101307,0.3040292,0.5082878,0.506089,0.2556568,0.2623248,0.3058874,0.3191328,0.3161472,0.3054622,0.2663497,0.2706534,0.3303427,0.3003061,0.2498814,0.2435297,0.2528705,0.2358675,0.2433744,0.2230366,0.2823293,0.3234767,0.334701,0.2896594,0.291362,0.3036886,0.3138749,0.3281619,0.2935318,0.3233325,0.2662073,0.2735371,0.2562534,0.2440111,0.2478371,0.2449056,0.2907451,0.249594,0.25859,0.2805022,0.3175576,0.3106559,0.3300898,0.3080785,0.3433284,0.383827,0.2522708,0.2671469,0.29326,0.3208031,0.2792175,0.2854627,0.2807676,0.2770268,0.272119,0.2706834,0.2682407,0.2643136,0.3239138,0.3414138,0.3957815,0.3431239,0.3604656,0.2830153,0.2892808,0.2643495,0.2651572,0.2828552,0.3016762,0.2651832,0.2851807,0.2683357,0.2800429,0.2830384,0.3271455,0.271468,0.2826532,0.2645219,0.2788882,0.3021667,0.295358
0.2432154,0.2349238,0.3342725,0.2715859,0.3233263,0.3086803,0.255668,0.234668,0.2357358,0.2632622,0.2279245,0.2772509,0.2486021,0.24068,0.2797503,0.26102,0.2777845,0.2556568,0.4397213,0.3690923,0.2414809,0.2281249,0.2315009,0.2232421,0.2341072,0.2245544,0.2261934,0.2246387,0.2291352,0.222413,0.2311102,0.2256445,0.2272103,0.2253775,0.2605876,0.2386523,0.2620069,0.2355056,0.2534455,0.2440023,0.2687781,0.2425934,0.2728405,0.2561144,0.2650394,0.2409671,0.3124347,0.2734751,0.4080072,0.3104358,0.2250981,0.2193054,0.224009,0.2231536,0.2300029,0.2212074,0.2308503,0.2284581,0.2402351,0.2350855,0.2644971,0.2489152,0.2541567,0.2410253,0.3038777,0.2762292,0.3117497,0.2736122,0.2634824,0.2417627,0.258152,0.2332647,0.31903,0.2868375,0.2346779,0.2236657,0.2197033,0.2533494,0.2332888,0.2510494,0.2470107,0.2756329,0.2470559,0.2459666,0.230773,0.2604785,0.2369173,0.231647,0.2312132,0.224738,0.2319546,0.2608573,0.2381087,0.2987991,0.278044
0.2392444,0.2486082,0.2703074,0.3321969,0.2904727,0.3630166,0.2515208,0.2664063,0.244002,0.2592788,0.2225426,0.3164003,0.2464043,0.2430642,0.262607,0.2722382,0.2911025,0.2623248,0.3690923,0.438778,0.2322111,0.250824,0.2307149,0.23146,0.2286865,0.235188,0.2263643,0.2241432,0.2267665,0.2317983,0.2261335,0.2384273,0.2239232,0.227206,0.2452049,0.2571096,0.2478989,0.2612764,0.2373385,0.2624319,0.2470257,0.2721983,0.254747,0.2795111,0.2381376,0.2751069,0.2523884,0.3556831,0.3053545,0.4188498,0.2259152,0.2239598,0.2250422,0.2286292,0.2384731,0.2317306,0.2370389,0.2347422,0.2487238,0.2547189,0.2559148,0.2656192,0.2370432,0.249448,0.2621265,0.3279839,0.2713979,0.3678299,0.2427032,0.2848676,0.2397217,0.2647108,0.2958436,0.3540101,0.2574894,0.2322263,0.2291127,0.2404483,0.2569375,0.2472614,0.2607768,0.2449329,0.2967105,0.236136,0.25079,0.2412447,0.2742307,0.2335612,0.2467382,0.2274091,0.241494,0.2430037,0.2700678,0.2670797,0.2809728
0.3469518,0.2335358,0.2902542,0.2256509,0.2539073,0.2329286,0.3966755,0.2396162,0.2417067,0.242599,0.2297803,0.2274012,0.3239793,0.2695693,0.3041016,0.2634918,0.308735,0.3058874,0.2414809,0.2322111,0.4716356,0.2257881,0.3979673,0.2241418,0.4448125,0.2234279,0.2915826,0.2639493,0.343387,0.2244636,0.3048972,0.2291159,0.2843038,0.2410953,0.2921333,0.2318397,0.3607869,0.2286064,0.2893252,0.2345861,0.4003005,0.2305644,0.2582435,0.2359075,0.2466817,0.227241,0.2496989,0.2196302,0.2348109,0.2223109,0.3053113,0.2323443,0.3454916,0.2234853,0.31291,0.2455985,0.3647448,0.2350669,0.3824094,0.2512036,0.2814928,0.2490329,0.2832055,0.2416039,0.2967096,0.2299401,0.2632186,0.2329227,0.3315855,0.2334811,0.3653848,0.2339973,0.2764683,0.2501085,0.2204378,0.2884158,0.2519744,0.3730327,0.2309427,0.3013866,0.2658435,0.325336,0.2279677,0.2970804,0.2228603,0.3102901,0.2272582,0.3402013,0.2343117,0.3945266,0.2361998,0.3270656,0.2300665,0.270058,0.2405066
0.2452268,0.3258741,0.2229434,0.2975671,0.2289695,0.269361,0.2239218,0.3489853,0.2322981,0.2462544,0.2154115,0.2445032,0.2513647,0.2864176,0.2521966,0.3019859,0.2913889,0.3191328,0.2281249,0.250824,0.2257881,0.4582371,0.2184863,0.3431058,0.2224904,0.4090012,0.2388621,0.2626443,0.2212588,0.3215473,0.2221162,0.2955927,0.2315642,0.253595,0.231493,0.2747949,0.2153531,0.305568,0.2395963,0.271663,0.2272247,0.3806358,0.2310859,0.2696964,0.2218199,0.2347327,0.2227965,0.2447923,0.2215824,0.2516357,0.2209327,0.2783217,0.2206997,0.2998831,0.2381665,0.2935145,0.2290161,0.3235677,0.2486056,0.3510793,0.2420674,0.267389,0.2400125,0.2703118,0.2191335,0.3205199,0.223622,0.2751044,0.2195376,0.3197002,0.2242021,0.3400368,0.2417035,0.2759401,0.3460637,0.2490357,0.2829861,0.2162695,0.3838456,0.2386693,0.2969233,0.2172597,0.3533068,0.228162,0.2810051,0.2206667,0.2859265,0.2343802,0.3163664,0.2265205,0.3612392,0.2173097,0.3138709,0.2446093,0.2495299
0.3344236,0.2466984,0.245516,0.2289758,0.2486533,0.2262978,0.431558,0.2517602,0.2386863,0.229026,0.2096136,0.2158698,0.3211228,0.266823,0.2457357,0.248827,0.2947161,0.3161472,0.2315009,0.2307149,0.3979673,0.2184863,0.5375929,0.2262671,0.4344041,0.2225578,0.4070077,0.3174482,0.3399322,0.2272138,0.3084899,0.2347708,0.2954322,0.2573784,0.3141228,0.2319499,0.3676765,0.2243025,0.2875748,0.2563028,0.4046057,0.2373698,0.2651375,0.2317678,0.249337,0.2184614,0.2413885,0.2205671,0.2345099,0.2228893,0.4623775,0.2448382,0.5144114,0.2316222,0.4169305,0.2632901,0.5314829,0.250176,0.4366765,0.2702911,0.2351022,0.2296726,0.2905593,0.2616982,0.237571,0.2321722,0.2329768,0.2359065,0.2633722,0.2303471,0.268224,0.225843,0.2544723,0.2418836,0.2223701,0.3804759,0.30377,0.3149465,0.2187966,0.2498642,0.2341713,0.2670512,0.233466,0.3215778,0.2214548,0.3206889,0.2216567,0.3821678,0.2471558,0.4002827,0.2488117,0.3094533,0.2230287,0.2837925,0.2507292
0.2779216,0.3203898,0.2265844,0.2451625,0.2295323,0.2519638,0.2335094,0.4163689,0.2180226,0.2480732,0.2106712,0.2484814,0.2583956,0.2855703,0.2297788,0.2465575,0.2638637,0.3054622,0.2232421,0.23146,0.2241418,0.3431058,0.2262671,0.504115,0.2286123,0.4181084,0.2937266,0.3542421,0.2232757,0.342635,0.2351019,0.297106,0.2500794,0.2883762,0.2444786,0.2960633,0.2189625,0.3117155,0.2498836,0.2807106,0.2340254,0.3687137,0.2309558,0.2712378,0.2225491,0.229722,0.2241109,0.2302184,0.2276281,0.2338124,0.2347023,0.4087228,0.2241875,0.5364011,0.2672221,0.415408,0.2451068,0.4719691,0.2931635,0.440906,0.2276311,0.2278442,0.2640721,0.2957773,0.2214264,0.2275482,0.2204994,0.2285725,0.2214173,0.2446258,0.2187875,0.2540837,0.2308386,0.242704,0.3481667,0.3089166,0.3926294,0.2113735,0.3104143,0.2228605,0.2393453,0.2180648,0.2590123,0.2351695,0.3030016,0.224151,0.2871767,0.2735651,0.3795114,0.257413,0.4046805,0.217803,0.3036787,0.2464076,0.2455051
0.3117385,0.2255459,0.2542315,0.2245528,0.236866,0.2249785,0.3171878,0.2367133,0.2262567,0.2336179,0.2124127,0.223599,0.3105846,0.2547336,0.2757196,0.2492329,0.2668066,0.2663497,0.2341072,0.2286865,0.4448125,0.2224904,0.4344041,0.2286123,0.4959364,0.2297141,0.295734,0.2838468,0.3923901,0.229215,0.3152279,0.2378429,0.300339,0.2584545,0.2659137,0.2214865,0.3173753,0.2238333,0.2647775,0.2281273,0.367352,0.226161,0.2410722,0.2269172,0.2284894,0.2146191,0.2290251,0.2147932,0.2245707,0.2196263,0.3346866,0.2515879,0.4459482,0.2297989,0.3068867,0.2533024,0.3827153,0.2282123,0.340955,0.2372456,0.2542774,0.2334646,0.2607911,0.230097,0.2669317,0.2243087,0.2397506,0.2311301,0.2936202,0.2261704,0.3241334,0.2274293,0.2501611,0.2374235,0.2186853,0.2833012,0.2484316,0.314716,0.2216812,0.2836594,0.2549672,0.3083544,0.2222567,0.2817954,0.215463,0.2893767,0.2187922,0.3393048,0.2250683,0.3871291,0.2276929,0.309098,0.2214809,0.2558112,0.2313113
0.2366787,0.2821169,0.2185552,0.2556941,0.224831,0.2436576,0.2177196,0.2973391,0.2227857,0.2276991,0.2079719,0.2333346,0.2562502,0.3059872,0.2398619,0.2760009,0.2546237,0.2706534,0.2245544,0.235188,0.2234279,0.4090012,0.2225578,0.4181084,0.2297141,0.462497,0.2515132,0.30034,0.2246774,0.3591779,0.2272888,0.3105404,0.2424126,0.2888972,0.2262653,0.2504807,0.216079,0.2751382,0.2328019,0.2514987,0.2252394,0.3457047,0.2247837,0.2473333,0.2199037,0.2169086,0.2210793,0.2274434,0.2232733,0.2368534,0.2267497,0.3154307,0.22987,0.3792052,0.2475504,0.3086999,0.2259005,0.3500477,0.2399201,0.3202561,0.2330949,0.2461707,0.2373511,0.2510308,0.2177276,0.2582103,0.2206941,0.241714,0.2171737,0.272983,0.2186949,0.2920848,0.2295439,0.2434516,0.2579848,0.2570982,0.2922004,0.2103315,0.3170638,0.2344255,0.2715067,0.2148827,0.2959199,0.2242441,0.2613472,0.2169712,0.2644079,0.2333503,0.2972915,0.2291536,0.370811,0.2137219,0.2843237,0.2327301,0.2378986
0.2625785,0.2518503,0.2231681,0.2281167,0.2395618,0.2302867,0.3489541,0.2363753,0.232135,0.2305529,0.2148994,0.2305249,0.3518004,0.299636,0.2366503,0.2417519,0.284689,0.3303427,0.2261934,0.2263643,0.2915826,0.2388621,0.4070077,0.2937266,0.295734,0.2515132,0.4766517,0.4534653,0.2771766,0.2562449,0.3203491,0.2619791,0.3244789,0.314159,0.2662358,0.2463943,0.3074719,0.2299883,0.2714226,0.2677775,0.3088557,0.2514883,0.2572059,0.2433314,0.2347935,0.2256653,0.2301289,0.223562,0.2302983,0.2227899,0.4371682,0.3321252,0.3398405,0.2867952,0.4411426,0.36753,0.4001693,0.2856965,0.3466133,0.2869602,0.2195519,0.2211292,0.2698655,0.2717359,0.2217762,0.2278807,0.2177754,0.2272177,0.2320965,0.2237794,0.2365968,0.2222402,0.2358146,0.2344565,0.2470764,0.453952,0.4164541,0.2662413,0.2309848,0.232797,0.221554,0.2275911,0.2320848,0.2703407,0.2341227,0.2637696,0.22852,0.2935919,0.2567094,0.2776483,0.2550614,0.2539069,0.2285932,0.2713789,0.2539608
0.2602903,0.2395056,0.2196549,0.2273287,0.2300111,0.2264524,0.2917351,0.2320492,0.2387883,0.2219789,0.2292557,0.2226237,0.3316828,0.3150308,0.2387261,0.2450653,0.2667192,0.3003061,0.2246387,0.2241432,0.2639493,0.2626443,0.3174482,0.3542421,0.2838468,0.30034,0.4534653,0.4945485,0.2652761,0.2945087,0.2872758,0.3115988,0.307031,0.3573885,0.2440248,0.2401762,0.2534481,0.236581,0.2508746,0.2555436,0.2709351,0.2695691,0.244128,0.2355493,0.2246237,0.2176529,0.2225098,0.2227484,0.226793,0.223737,0.3304097,0.447657,0.2978269,0.3265234,0.3581598,0.4487858,0.3081094,0.3127176,0.3010648,0.2838385,0.2246886,0.2254354,0.252115,0.2577529,0.2216664,0.2194333,0.2211318,0.2240692,0.2259618,0.2206266,0.2287626,0.2219567,0.2322653,0.2316842,0.2620524,0.3981865,0.4282047,0.2354044,0.2393193,0.2308219,0.2285611,0.2242115,0.2266211,0.2424792,0.2409237,0.2340679,0.2328555,0.268906,0.2667168,0.2693216,0.2533295,0.2253727,0.2330238,0.2446082,0.2376546
0.2618806,0.2211391,0.2490625,0.2221366,0.2334018,0.2223621,0.2448137,0.2316578,0.2250611,0.228397,0.2158738,0.2355309,0.3139742,0.2640833,0.2869757,0.2512505,0.2536285,0.2498814,0.2291352,0.2267665,0.343387,0.2212588,0.3399322,0.2232757,0.3923901,0.2246774,0.2771766,0.2652761,0.3981504,0.227211,0.3486634,0.2447558,0.3218181,0.2673132,0.2450577,0.2191192,0.2774905,0.2130615,0.2523485,0.2253489,0.3061267,0.2219299,0.2352273,0.2236633,0.2311022,0.2125961,0.2301617,0.2110832,0.2231732,0.2186652,0.3355124,0.2502971,0.3664703,0.2242064,0.2898681,0.2496679,0.3202498,0.2234662,0.2613253,0.2306208,0.2645151,0.2385512,0.2467792,0.2239813,0.2645076,0.2203158,0.2439343,0.2303263,0.2888982,0.2237316,0.3264242,0.2255126,0.2437772,0.2319812,0.2232107,0.2722963,0.2493296,0.2940202,0.2164629,0.3120431,0.2634607,0.2803145,0.2214403,0.2544645,0.2156547,0.2575448,0.2169819,0.2889545,0.2274933,0.2964062,0.2240434,0.2684675,0.2151057,0.249336,0.2308882
0.2321306,0.2496913,0.2204112,0.2529064,0.2251062,0.2310822,0.2240478,0.2505677,0.2230701,0.2236821,0.2137184,0.2384333,0.2531652,0.3035505,0.2343804,0.2735336,0.241234,0.2435297,0.222413,0.2317983,0.2244636,0.3215473,0.2272138,0.342635,0.229215,0.3591779,0.2562449,0.2945087,0.227211,0.3673237,0.2400954,0.3353166,0.2558351,0.3038296,0.2241513,0.2318949,0.2171431,0.2690388,0.2314942,0.2398109,0.2275129,0.2911802,0.2234872,0.2313695,0.2225115,0.2152374,0.2218866,0.2257728,0.2231715,0.2349736,0.239067,0.3322922,0.2310991,0.355924,0.2442098,0.2944138,0.2277524,0.30889,0.2326812,0.2661579,0.2322592,0.2432623,0.2353844,0.2394814,0.2197473,0.256054,0.2234704,0.2442946,0.2220396,0.2673065,0.2211829,0.292736,0.2297172,0.2381384,0.2453665,0.2508103,0.2734822,0.2137836,0.2890145,0.2330872,0.2747371,0.2173016,0.2803425,0.2263434,0.2362605,0.2173667,0.2398259,0.2383594,0.2587356,0.2315392,0.2813307,0.2151353,0.2590173,0.2328846,0.2413671
0.251546,0.224291,0.253423,0.2215716,0.23547,0.2233516,0.2509518,0.2321541,0.2228803,0.2244582,0.2125894,0.2394744,0.3300838,0.2799115,0.2935301,0.2637611,0.2532411,0.2528705,0.2311102,0.2261335,0.3048972,0.2221162,0.3084899,0.2351019,0.3152279,0.2272888,0.3203491,0.2872758,0.3486634,0.2400954,0.3668356,0.2524737,0.3475411,0.2900902,0.2412525,0.2203856,0.2701009,0.209815,0.2485113,0.2232903,0.2883312,0.2215714,0.2342376,0.2259193,0.2301126,0.217051,0.2338411,0.214503,0.2289754,0.2210633,0.3478394,0.2601523,0.3035125,0.2411785,0.3169084,0.2548293,0.2925819,0.2311222,0.2521884,0.2362852,0.2787566,0.2476871,0.2426199,0.2243779,0.2658912,0.2187492,0.2525631,0.2303133,0.2837265,0.2254774,0.3120731,0.2265492,0.2516939,0.2348555,0.2247797,0.2931293,0.2574518,0.2829544,0.2190012,0.3299834,0.2715762,0.2664442,0.2194458,0.2455874,0.2147279,0.2456701,0.2166751,0.269879,0.2287986,0.2551167,0.2272914,0.2532183,0.2150827,0.2439848,0.2288672
0.2320734,0.2350625,0.2245563,0.2558202,0.2260864,0.2315085,0.2262821,0.2339926,0.2237392,0.2156017,0.2126794,0.231172,0.2658896,0.3140822,0.2473648,0.2866565,0.2417048,0.2358675,0.2256445,0.2384273,0.2291159,0.2955927,0.2347708,0.297106,0.2378429,0.3105404,0.2619791,0.3115988,0.2447558,0.3353166,0.2524737,0.3580981,0.2818045,0.3391382,0.2254945,0.2245782,0.2176299,0.2479448,0.2317369,0.2360656,0.2321548,0.2695012,0.2247692,0.2267778,0.2224164,0.2170473,0.2209599,0.2287613,0.2233523,0.2407556,0.2476262,0.3378682,0.2365533,0.3023847,0.2473654,0.2967035,0.2327529,0.2759676,0.2321171,0.2437231,0.2484211,0.2583697,0.2350233,0.233377,0.2262379,0.2519962,0.2303481,0.2549515,0.2266443,0.2632659,0.2305048,0.2861663,0.2350056,0.2472781,0.2401005,0.2505277,0.2696381,0.2195881,0.2658788,0.2538805,0.3057612,0.2227775,0.2631114,0.2270523,0.2278638,0.2208448,0.2301513,0.2399835,0.2437033,0.2341361,0.2472343,0.2185012,0.2408823,0.2306817,0.2359327
0.2424206,0.2250098,0.2288592,0.2259616,0.2291416,0.2223481,0.2452704,0.2257788,0.2274992,0.2201876,0.2152132,0.2368138,0.3665135,0.3412209,0.2676781,0.2704931,0.2481097,0.2433744,0.2272103,0.2239232,0.2843038,0.2315642,0.2954322,0.2500794,0.300339,0.2424126,0.3244789,0.307031,0.3218181,0.2558351,0.3475411,0.2818045,0.4081309,0.3594519,0.2352876,0.2239882,0.2400593,0.2079617,0.2369384,0.2328044,0.2662423,0.2248315,0.2303827,0.2278033,0.2265775,0.2160184,0.226047,0.2178507,0.226591,0.2230887,0.3030118,0.2803563,0.2782657,0.2501767,0.2884519,0.26987,0.2776432,0.2366607,0.2465719,0.2324231,0.2338647,0.2343121,0.239993,0.2324331,0.2349517,0.2245192,0.228878,0.2305433,0.2448491,0.2267647,0.2595831,0.2324188,0.2354872,0.2331318,0.2233311,0.2819842,0.2655841,0.2473165,0.2169549,0.2866983,0.269687,0.2370241,0.2232106,0.2341081,0.2192091,0.2289359,0.2155227,0.261565,0.2274044,0.2402059,0.2251712,0.2300686,0.2137492,0.2295746,0.2290846
0.243745,0.2264981,0.2219153,0.229497,0.2257056,0.221963,0.2360719,0.2206921,0.2335086,0.2180525,0.220476,0.2286983,0.3143398,0.3634701,0.2492624,0.2700951,0.2340581,0.2230366,0.2253775,0.227206,0.2410953,0.253595,0.2573784,0.2883762,0.2584545,0.2888972,0.314159,0.3573885,0.2673132,0.3038296,0.2900902,0.3391382,0.3594519,0.4011345,0.2353033,0.2242235,0.2185757,0.2230129,0.2421713,0.2402896,0.2430116,0.2404671,0.2307594,0.2256864,0.226257,0.2165177,0.2201776,0.2234006,0.2232923,0.2304593,0.2739239,0.3398942,0.2580155,0.2830702,0.2737636,0.3144404,0.2519073,0.2595036,0.2392527,0.2307078,0.2324785,0.2330214,0.2458489,0.2390825,0.2264734,0.221848,0.2285138,0.2319638,0.2284975,0.2282659,0.2404857,0.2337359,0.2306527,0.2281999,0.2322292,0.2804944,0.2840496,0.2242095,0.2262967,0.2601081,0.2627619,0.2237946,0.2275038,0.235879,0.2235957,0.2234605,0.2197844,0.2498731,0.2359254,0.2402388,0.2278238,0.2189289,0.2217303,0.2306587,0.2357455
0.3828716,0.2733365,0.2939365,0.2401966,0.3062377,0.2584374,0.3642238,0.3306568,0.3757522,0.2814774,0.3751255,0.2915049,0.2413181,0.2346558,0.2570453,0.2372468,0.3149395,0.2823293,0.2605876,0.2452049,0.2921333,0.231493,0.3141228,0.2444786,0.2659137,0.2262653,0.2662358,0.2440248,0.2450577,0.2241513,0.2412525,0.2254945,0.2352876,0.2353033,0.4516991,0.2718894,0.3475989,0.2397579,0.3998371,0.3166014,0.3492003,0.263187,0.3589298,0.2762842,0.3894613,0.2393547,0.3039931,0.2350766,0.2598777,0.2346494,0.286086,0.2336066,0.2910995,0.2406646,0.3026617,0.2612113,0.3480721,0.2727123,0.3679697,0.2926813,0.2462215,0.2504416,0.4224878,0.3134688,0.2780227,0.2342091,0.2617345,0.2428434,0.2588501,0.2320154,0.2510187,0.2278123,0.2798961,0.2566182,0.2552749,0.2879886,0.2650212,0.3098436,0.2365344,0.2307783,0.2282138,0.285444,0.2333179,0.3914287,0.2448598,0.3602744,0.2432909,0.3400775,0.280482,0.3294112,0.2686931,0.3317217,0.2418486,0.4317964,0.3123676
0.2724073,0.3684458,0.23462,0.2708806,0.2659047,0.3129667,0.267673,0.3807838,0.2823274,0.3506309,0.2354466,0.3210074,0.2290058,0.2281511,0.2310125,0.2437189,0.2593291,0.3234767,0.2386523,0.2571096,0.2318397,0.2747949,0.2319499,0.2960633,0.2214865,0.2504807,0.2463943,0.2401762,0.2191192,0.2318949,0.2203856,0.2245782,0.2239882,0.2242235,0.2718894,0.4253912,0.2334863,0.3348152,0.2810005,0.4027482,0.2483605,0.3228556,0.2810862,0.3694241,0.2467129,0.3700894,0.2326385,0.2901731,0.2288994,0.2684378,0.2301728,0.2456062,0.2223432,0.2791569,0.2600651,0.2949443,0.2560292,0.311756,0.2843089,0.3596084,0.2356086,0.2383429,0.2896566,0.4097073,0.2318333,0.257282,0.2360813,0.2434559,0.2276349,0.2456928,0.2260247,0.2423005,0.2446586,0.2687481,0.3818277,0.2741034,0.3015906,0.223948,0.2899553,0.2169638,0.2277709,0.2288984,0.2686305,0.2459507,0.3832357,0.2333952,0.3506992,0.2667463,0.3555844,0.2512573,0.3070166,0.2249861,0.3193313,0.3133643,0.3890667
0.2887891,0.2444186,0.3192917,0.2320992,0.2803614,0.2524643,0.3750816,0.2693427,0.25385,0.2402167,0.2354871,0.2459553,0.3145384,0.2722109,0.3204288,0.2556548,0.3085662,0.334701,0.2620069,0.2478989,0.3607869,0.2153531,0.3676765,0.2189625,0.3173753,0.216079,0.3074719,0.2534481,0.2774905,0.2171431,0.2701009,0.2176299,0.2400593,0.2185757,0.3475989,0.2334863,0.4929876,0.2243106,0.362904,0.2566382,0.3827075,0.2332847,0.3092405,0.246886,0.3046016,0.2295161,0.3129864,0.2333236,0.2609099,0.2270243,0.3288511,0.2152774,0.3335357,0.2177699,0.3360603,0.2451084,0.3519235,0.2521227,0.3518285,0.2731778,0.2971259,0.2493705,0.3556392,0.2589947,0.2932607,0.230134,0.2838468,0.2361002,0.3506644,0.2293035,0.3437611,0.2259897,0.3089709,0.2580937,0.2143094,0.3075161,0.2666272,0.495861,0.2214788,0.2894447,0.2526751,0.3596179,0.2228025,0.3765289,0.2195731,0.4283606,0.2282001,0.3103415,0.2444602,0.2964432,0.2481347,0.4934118,0.2283394,0.3691074,0.256079
0.2610725,0.2834514,0.2433741,0.3069615,0.2347794,0.2794016,0.2490563,0.3310947,0.2461044,0.2465486,0.2371819,0.2240688,0.2253677,0.2440504,0.2415493,0.2857037,0.2538408,0.2896594,0.2355056,0.2612764,0.2286064,0.305568,0.2243025,0.3117155,0.2238333,0.2751382,0.2299883,0.236581,0.2130615,0.2690388,0.209815,0.2479448,0.2079617,0.2230129,0.2397579,0.3348152,0.2243106,0.5577684,0.2386925,0.3504555,0.2383247,0.3406594,0.2457878,0.2751208,0.2224661,0.2549767,0.2285823,0.2861863,0.2315146,0.2559694,0.2197217,0.2521653,0.2269161,0.2985315,0.2502936,0.2868162,0.2510889,0.3322487,0.2821822,0.3328275,0.2464957,0.2646343,0.2452381,0.3386752,0.2310568,0.3022487,0.2342869,0.2942504,0.2326919,0.3475377,0.2291769,0.3351443,0.2479266,0.2775296,0.3054543,0.2566778,0.2805695,0.2190939,0.498929,0.2208029,0.2604978,0.2380072,0.367234,0.2317348,0.3787879,0.2264899,0.4006804,0.2669359,0.32253,0.25652,0.299621,0.2223976,0.5314809,0.2393446,0.359879
0.4024398,0.2508263,0.285414,0.2350914,0.283595,0.2616888,0.3037226,0.293422,0.2857266,0.2912277,0.3149,0.2939137,0.2492922,0.2353923,0.2739129,0.2447455,0.2965368,0.291362,0.2534455,0.2373385,0.2893252,0.2395963,0.2875748,0.2498836,0.2647775,0.2328019,0.2714226,0.2508746,0.2523485,0.2314942,0.2485113,0.2317369,0.2369384,0.2421713,0.3998371,0.2810005,0.362904,0.2386925,0.4481234,0.3427465,0.3409034,0.2640981,0.3152007,0.2895871,0.3111602,0.2417039,0.2828443,0.2302813,0.2469616,0.2284617,0.2850822,0.2367756,0.2739669,0.2423005,0.2866769,0.2667353,0.3091675,0.2665681,0.307257,0.2820055,0.2525043,0.2501611,0.4782997,0.3242008,0.2785755,0.2298708,0.262561,0.2373192,0.2696556,0.232504,0.2609268,0.229251,0.2787779,0.2579889,0.2309303,0.2899905,0.2816124,0.3441616,0.2372494,0.2454047,0.2359583,0.2962734,0.2316875,0.4144384,0.2421564,0.3577078,0.2352697,0.3162928,0.2649238,0.3301138,0.2548642,0.3499817,0.2360205,0.5125903,0.3494857
0.2725224,0.3690814,0.2438748,0.277218,0.2791735,0.2878044,0.2656741,0.3350332,0.3089757,0.2917839,0.24568,0.2978696,0.2305467,0.2362522,0.241431,0.2583462,0.296671,0.3036886,0.2440023,0.2624319,0.2345861,0.271663,0.2563028,0.2807106,0.2281273,0.2514987,0.2677775,0.2555436,0.2253489,0.2398109,0.2232903,0.2360656,0.2328044,0.2402896,0.3166014,0.4027482,0.2566382,0.3504555,0.3427465,0.4669617,0.2657429,0.3415378,0.3074095,0.3246882,0.2729644,0.2939038,0.2384866,0.2814351,0.232164,0.2611305,0.2486897,0.256683,0.2355987,0.2732172,0.2685691,0.2948013,0.2760004,0.3056007,0.2609061,0.3115498,0.2341791,0.2348855,0.3467164,0.4770607,0.2454391,0.2618354,0.2515008,0.2577461,0.2321946,0.2560414,0.2268055,0.2535221,0.2673808,0.2823301,0.3211184,0.2876825,0.3034452,0.235219,0.3004068,0.224218,0.233083,0.2359344,0.2758048,0.2853747,0.3660277,0.2608615,0.3213804,0.2670262,0.3094898,0.2657611,0.3026957,0.2438389,0.3179281,0.4310119,0.5381177
0.4115444,0.2510989,0.3210795,0.2333472,0.2787442,0.2469696,0.4818636,0.2656281,0.2765061,0.2654145,0.2611959,0.2565311,0.3013115,0.2615432,0.3076341,0.2681201,0.3090898,0.3138749,0.2687781,0.2470257,0.4003005,0.2272247,0.4046057,0.2340254,0.367352,0.2252394,0.3088557,0.2709351,0.3061267,0.2275129,0.2883312,0.2321548,0.2662423,0.2430116,0.3492003,0.2483605,0.3827075,0.2383247,0.3409034,0.2657429,0.4261365,0.2425158,0.289552,0.2553389,0.2753897,0.2315321,0.2935407,0.2258144,0.2635216,0.2290696,0.3293633,0.2351668,0.3527547,0.2316148,0.3460948,0.2570839,0.4089318,0.251,0.4270712,0.2781456,0.2883464,0.259136,0.3523512,0.2722332,0.2949241,0.2351951,0.283619,0.2416227,0.3138493,0.2378427,0.3251393,0.2339278,0.3053931,0.266361,0.2302225,0.3200169,0.2774736,0.3667442,0.2346866,0.2881756,0.2614188,0.3361238,0.2344206,0.3370793,0.2305637,0.3425253,0.2327766,0.3716617,0.2517585,0.3858923,0.2491131,0.3464561,0.23808,0.349861,0.2819296
0.2745579,0.4269848,0.2390204,0.3061316,0.2515265,0.2867168,0.2563408,0.4845496,0.2624788,0.3092635,0.2302786,0.2698437,0.2511354,0.2722981,0.2530701,0.2873082,0.3224736,0.3281619,0.2425934,0.2721983,0.2305644,0.3806358,0.2373698,0.3687137,0.226161,0.3457047,0.2514883,0.2695691,0.2219299,0.2911802,0.2215714,0.2695012,0.2248315,0.2404671,0.263187,0.3228556,0.2332847,0.3406594,0.2640981,0.3415378,0.2425158,0.4188437,0.2610856,0.2990409,0.2418132,0.2637947,0.233531,0.2672937,0.2342356,0.2687846,0.2294466,0.2856347,0.2264023,0.3343506,0.2581235,0.3375456,0.2550991,0.3819415,0.2922064,0.4496186,0.2432705,0.2557082,0.2715779,0.3453006,0.2332941,0.2900537,0.2373449,0.276616,0.2318082,0.2878179,0.2315494,0.3004018,0.2647353,0.2956071,0.4774839,0.2765721,0.3283115,0.2277384,0.3622284,0.2355756,0.2681184,0.2308947,0.324512,0.2461879,0.3238507,0.2388215,0.3157849,0.2568558,0.4035914,0.2490929,0.3806325,0.2309328,0.3413642,0.2943721,0.3335352
