0.4591534,0.180835,0.1568337,0.1174506,0.1835554,0.1629755,0.4362437,0.302237,0.264221,0.1923394,0.2493119,0.127891,0.1640711,0.1379115,0.1640673,0.1421871,0.2082139,0.1908699,0.1389617,0.1298425,0.268502,0.1359976,0.2583112,0.1799773,0.2554056,0.1417343,0.1818018,0.1704813,0.1992562,0.1454567,0.1847502,0.1483071,0.1748357,0.1646286,0.3164896,0.1650798,0.1998855,0.1329139,0.3382081,0.1655117,0.3340187,0.1592535,0.2312397,0.1912588,0.2301458,0.1454226,0.1721249,0.1327044,0.1318491,0.1278289,0.2343061,0.1605453,0.2852213,0.1671215,0.261562,0.1850628,0.322661,0.1709558,0.4168078,0.2627856,0.1276951,0.1229257,0.3544847,0.182057,0.1500974,0.1081346,0.1298489,0.1161618,0.1644532,0.1133426,0.163368,0.1159851,0.1526423,0.1396911,0.167785,0.2395469,0.2049721,0.2380196,0.1397958,0.1477195,0.1354067,0.1763277,0.1169176,0.2855566,0.1504102,0.2336969,0.1435688,0.4143552,0.1785586,0.3637549,0.1553743,0.2118414,0.1370015,0.2643562,0.1481847
0.180835,0.4824905,0.1187864,0.142817,0.1839344,0.2188595,0.2750082,0.5064003,0.2344173,0.3105397,0.1894191,0.2264977,0.1366771,0.1509233,0.1461372,0.176634,0.1975078,0.2132101,0.1337606,0.1480086,0.1351309,0.245799,0.1697757,0.231829,0.128895,0.1960172,0.1756782,0.1700219,0.1287854,0.1604606,0.1291177,0.1434772,0.1311837,0.1405304,0.1933632,0.3006287,0.1797613,0.1784752,0.1640165,0.2984031,0.1599841,0.3473413,0.2108846,0.2477957,0.1749147,0.2187703,0.1374752,0.164187,0.1195846,0.1377417,0.1566204,0.1767418,0.1441159,0.2087394,0.1788009,0.2478312,0.186906,0.3214959,0.2382818,0.4255318,0.1245131,0.136813,0.1803031,0.3355751,0.1212175,0.1468316,0.1173495,0.1246761,0.1241438,0.1476003,0.1283917,0.1579105,0.1437237,0.1602134,0.6264265,0.1928337,0.2355562,0.1428921,0.2165003,0.1360577,0.1363907,0.1253832,0.1594208,0.1636482,0.2902597,0.1657596,0.2363313,0.1579888,0.4236107,0.1502257,0.3353068,0.1479712,0.1852145,0.1842092,0.2921536
0.1568337,0.1187864,0.4364328,0.1180737,0.184791,0.1299535,0.1708218,0.120261,0.153514,0.1301669,0.1435335,0.1204266,0.141483,0.1305525,0.2049434,0.1476129,0.2163296,0.1894134,0.2124404,0.1631797,0.1729425,0.112701,0.1356573,0.1046273,0.1372092,0.1097022,0.1270495,0.1145665,0.1317692,0.1091886,0.137365,0.1121386,0.1212882,0.1126839,0.1654411,0.1197993,0.2185378,0.1099118,0.1464763,0.1210082,0.1880212,0.113148,0.1664413,0.1238937,0.1758246,0.1202172,0.2705902,0.1192251,0.2476442,0.130895,0.1232533,0.1031785,0.1265027,0.1025256,0.1254212,0.1058485,0.1372954,0.1097369,0.1544296,0.1193909,0.2194134,0.1635733,0.1465331,0.1220242,0.3488069,0.1202282,0.296203,0.1307817,0.2508281,0.1201223,0.2081796,0.1132338,0.2761391,0.1813952,0.1069805,0.1195697,0.1106743,0.2048047,0.1109279,0.158716,0.1316928,0.2836613,0.1136524,0.1505813,0.1175528,0.1941451,0.1150898,0.1412056,0.114158,0.1492837,0.1156444,0.2028581,0.1116182,0.1519585,0.1326944
0.1174506,0.142817,0.1180737,0.4078685,0.1424944,0.1961488,0.1138472,0.1578904,0.1306424,0.137087,0.1183592,0.1814341,0.1260357,0.132139,0.1399394,0.1813172,0.2018491,0.1925858,0.1596711,0.2284892,0.1084035,0.173486,0.1045227,0.1258896,0.1097797,0.1327413,0.112411,0.1148268,0.110325,0.1328019,0.110012,0.1366183,0.1110399,0.1122967,0.1145727,0.1660841,0.1136196,0.2034143,0.1164039,0.1568352,0.1114999,0.1791406,0.1269626,0.1735802,0.1155832,0.1836274,0.1170869,0.2567957,0.1313038,0.2549331,0.1064084,0.1150227,0.1058885,0.1189487,0.1150109,0.1252999,0.1089243,0.1298055,0.1202554,0.1497284,0.1367428,0.1900863,0.1148606,0.148441,0.1184229,0.3306088,0.1227537,0.3093756,0.1165773,0.2360401,0.1130301,0.2210254,0.1620711,0.2551866,0.1325859,0.1188514,0.127717,0.1107407,0.1949974,0.1200155,0.152686,0.1180057,0.3007046,0.109153,0.1537386,0.1118095,0.2078694,0.115213,0.1281236,0.1112668,0.1375495,0.1126688,0.2226352,0.1238405,0.1559013
0.1835554,0.1839344,0.184791,0.1424944,0.3124106,0.2380417,0.1957065,0.2174773,0.3178259,0.2277729,0.2527296,0.2877232,0.1388398,0.1268402,0.1551074,0.1449131,0.2068977,0.2013579,0.2468159,0.2049068,0.146506,0.1367619,0.1570997,0.1313911,0.1349028,0.1273519,0.1519859,0.1316313,0.1290584,0.1221984,0.1327104,0.1248509,0.1294224,0.1277311,0.2368545,0.1913363,0.1910371,0.1297259,0.2035479,0.2151684,0.1749373,0.1649313,0.3047676,0.2333398,0.2635742,0.1794311,0.2330432,0.1656072,0.2249646,0.186767,0.1460324,0.1192806,0.1389868,0.1256311,0.1676249,0.148771,0.173291,0.1562227,0.1883811,0.1859216,0.1368718,0.1445389,0.2097986,0.2059891,0.1691806,0.1306254,0.1579425,0.1340944,0.1525299,0.127188,0.138371,0.1211332,0.1844725,0.1661998,0.1761624,0.1642784,0.1573733,0.1545183,0.1312734,0.1334924,0.1293395,0.1560283,0.1265511,0.1813508,0.14525,0.1767442,0.139081,0.1602023,0.1650884,0.1480005,0.1506442,0.1583171,0.1251447,0.2322698,0.2386956
0.1629755,0.2188595,0.1299535,0.1961488,0.2380417,0.3575986,0.1517873,0.2545393,0.1625606,0.3726099,0.144847,0.3951082,0.133375,0.1303802,0.1407882,0.1539515,0.1815012,0.2386656,0.2273092,0.2981438,0.1202493,0.1743316,0.1227211,0.1622056,0.120798,0.1458498,0.1338278,0.126464,0.1188307,0.1297447,0.1232394,0.1260125,0.1204663,0.1188159,0.1667003,0.2470162,0.1438629,0.1720284,0.1753006,0.2100258,0.1338333,0.1996707,0.2062882,0.3380958,0.1709673,0.2788337,0.1476667,0.2553504,0.1632301,0.2809453,0.1254675,0.1270782,0.1130781,0.1463732,0.153234,0.1601,0.1407656,0.163504,0.1658861,0.2230412,0.1230952,0.1423143,0.1907347,0.2074424,0.1307114,0.1741647,0.1344414,0.1837456,0.1229602,0.1561352,0.1160185,0.14381,0.1646975,0.2162635,0.2477545,0.1596285,0.1709072,0.1296702,0.1766254,0.1240565,0.1288629,0.1266318,0.1664225,0.1458701,0.1802201,0.1303507,0.1930085,0.1481938,0.1886187,0.129862,0.1615018,0.1267518,0.1711145,0.2057657,0.1965486
0.4362437,0.2750082,0.1708218,0.1138472,0.1957065,0.1517873,0.4097158,0.219737,0.2495499,0.1663403,0.1745685,0.1317185,0.2053379,0.1715337,0.1461046,0.1506888,0.2950106,0.2565982,0.1493169,0.1314222,0.3381242,0.1288374,0.4106798,0.1389638,0.2776435,0.1311788,0.3174809,0.2202845,0.1797105,0.1417174,0.1775466,0.150648,0.185495,0.1696847,0.3193526,0.1760678,0.3082388,0.1216968,0.2111484,0.1784862,0.4019201,0.1523319,0.2309066,0.1783361,0.2028035,0.1437402,0.1729926,0.1256763,0.1386235,0.1203031,0.3421981,0.1340483,0.3712476,0.1270549,0.413575,0.2206303,0.4624935,0.1965404,0.6728902,0.278109,0.1215626,0.1129795,0.2522458,0.2340727,0.1374308,0.1131178,0.1272894,0.1141139,0.1629343,0.1148993,0.14119,0.1244627,0.1667275,0.1471796,0.151636,0.3920871,0.3174879,0.2382129,0.1277945,0.1362704,0.1271735,0.1868729,0.119514,0.2318971,0.1379973,0.2493154,0.125586,0.3852949,0.1892226,0.3093467,0.1946986,0.2226508,0.1178552,0.1787963,0.1456274
0.302237,0.5064003,0.120261,0.1578904,0.2174773,0.2545393,0.219737,0,0.2716142,0.364811,0.1936615,0.2138774,0.1709005,0.1602032,0.1545337,0.1638205,0.2351445,0.2466537,0.1533538,0.1597754,0.120888,0.2659361,0.1560811,0.3524543,0.1177434,0.2283824,0.1535109,0.1407384,0.122683,0.1502022,0.1283386,0.1208864,0.1321144,0.1235692,0.2529903,0.3022045,0.1909878,0.1841107,0.1999862,0.2484938,0.1496325,0.3894736,0.2388558,0.2999781,0.1933268,0.2263751,0.1503842,0.1688,0.1279143,0.1690587,0.1534975,0.2075274,0.140323,0.3082692,0.2374187,0.3508267,0.2134691,0.4815795,0.3296793,0.727569,0.1175912,0.1390911,0.2357276,0.3010381,0.1205053,0.1473606,0.1175083,0.1365887,0.1201288,0.1421943,0.1175029,0.1288525,0.1594165,0.1803489,0.6011361,0.2447705,0.3388183,0.147526,0.2116649,0.1248252,0.116176,0.1198918,0.1573627,0.1819045,0.2510426,0.1889754,0.2230688,0.2116033,0.4724033,0.1691276,0.3746452,0.1661985,0.1998374,0.1807786,0.2183557
0.264221,0.2344173,0.153514,0.1306424,0.3178259,0.1625606,0.2495499,0.2716142,0.4752226,0.1766086,0.7135413,0.2526049,0.1192385,0.1203547,0.1346909,0.1384437,0.1721189,0.142472,0.1538092,0.1421187,0.1359562,0.1337386,0.1429317,0.1232571,0.1220094,0.1175248,0.1396364,0.128898,0.1233842,0.1224784,0.1296207,0.1243733,0.1356021,0.1457783,0.3393098,0.1987125,0.2182614,0.1270183,0.249003,0.2341655,0.1938658,0.1749555,0.4473668,0.1979655,0.3906564,0.1662248,0.256939,0.1536396,0.1453458,0.1429411,0.124663,0.1131961,0.1343606,0.1175176,0.1460655,0.154221,0.1589298,0.1604534,0.2010623,0.2130372,0.1364018,0.1522131,0.25155,0.2335064,0.1402407,0.1277431,0.1212517,0.127439,0.1318142,0.1238919,0.1220573,0.1156526,0.1523587,0.1416616,0.2305755,0.1456375,0.1511031,0.1467548,0.1299397,0.1275789,0.1229784,0.1434912,0.120382,0.2471578,0.1563449,0.2194321,0.1484729,0.1720932,0.1939884,0.1435804,0.1602494,0.1670941,0.126369,0.2373967,0.2567057
0.1923394,0.3105397,0.1301669,0.137087,0.2277729,0.3726099,0.1663403,0.364811,0.1766086,0.455276,0.1242082,0.4536048,0.127573,0.1158626,0.1160156,0.118696,0.1376616,0.2099663,0.1832284,0.2121679,0.1253937,0.1396469,0.1359679,0.1441437,0.130743,0.1210199,0.1474777,0.1237355,0.1269946,0.1238934,0.1282479,0.1190537,0.1294896,0.1274068,0.1843907,0.2956969,0.1355566,0.1533651,0.1964957,0.2178526,0.1460977,0.2179921,0.2175049,0.4397955,0.2056658,0.3515453,0.1817392,0.248586,0.1507861,0.2034263,0.143406,0.1219651,0.121662,0.1385232,0.1766422,0.1613599,0.1564448,0.1517536,0.192705,0.2627195,0.1086604,0.1083084,0.2254238,0.2388596,0.124112,0.1251677,0.1141237,0.1113305,0.1218539,0.1153054,0.1154288,0.1124808,0.1238109,0.1522413,0.3584596,0.1794493,0.1715029,0.1369598,0.1479779,0.115576,0.111261,0.1310406,0.1354581,0.1670458,0.2476654,0.1456083,0.2215919,0.142449,0.2385911,0.1301689,0.161146,0.1289245,0.1790794,0.2346167,0.2369771
0.2493119,0.1894191,0.1435335,0.1183592,0.2527296,0.144847,0.1745685,0.1936615,0.7135413,0.1242082,0,0.1243792,0.1041712,0.1082659,0.1218526,0.1230741,0.1333555,0.1098006,0.1500342,0.1239682,0.1147235,0.125685,0.09573334,0.1168951,0.1000299,0.115186,0.1101623,0.1180563,0.1091329,0.1186205,0.112579,0.1141309,0.1150817,0.1276924,0.3281043,0.1497484,0.1705494,0.1205782,0.2557301,0.1474353,0.1655958,0.1437638,0.3869185,0.1452162,0.3739614,0.1613921,0.2634937,0.1344048,0.1473237,0.1184261,0.1088881,0.1112084,0.1121399,0.1130944,0.1065556,0.1270998,0.1040993,0.1259764,0.1364034,0.1591706,0.1178175,0.1264511,0.2600085,0.1546872,0.13449,0.1260308,0.1162461,0.1165937,0.1257337,0.1165913,0.1151312,0.1084297,0.134695,0.121973,0.2174587,0.112408,0.1230818,0.1296723,0.1239133,0.1163625,0.1112685,0.1215608,0.1148534,0.2726914,0.1448208,0.2083237,0.1383194,0.1440873,0.1572798,0.1236348,0.1237863,0.1501615,0.1215187,0.2276117,0.1820251
0.127891,0.2264977,0.1204266,0.1814341,0.2877232,0.3951082,0.1317185,0.2138774,0.2526049,0.4536048,0.1243792,0.4576524,0.1240045,0.1305882,0.11717,0.1275924,0.1665869,0.2687036,0.1837946,0.2503489,0.1145316,0.1485577,0.127382,0.1546919,0.1292704,0.1260143,0.161939,0.126754,0.1296575,0.1239765,0.1487717,0.1316035,0.1535195,0.1507788,0.2559614,0.2785958,0.1619783,0.1442331,0.2643194,0.2497129,0.1586498,0.1819438,0.2702385,0.4129502,0.3304176,0.2888739,0.1984231,0.2538446,0.1400561,0.2967794,0.1618726,0.1210443,0.1223278,0.144705,0.185608,0.1681979,0.1695777,0.1650549,0.1369548,0.2075062,0.1069088,0.1015708,0.2652461,0.2293685,0.1227905,0.1351882,0.1139729,0.1234478,0.1155681,0.1163505,0.1092211,0.1180925,0.1278271,0.154118,0.3152309,0.1927588,0.1947168,0.1188251,0.1572259,0.1174125,0.1131417,0.1167282,0.15882,0.2227395,0.1767838,0.1543131,0.1782116,0.1625609,0.2202835,0.1257678,0.1368365,0.1240571,0.1642134,0.358526,0.2036508
0.1640711,0.1366771,0.141483,0.1260357,0.1388398,0.133375,0.2053379,0.1709005,0.1192385,0.127573,0.1041712,0.1240045,0.3520928,0.3196191,0.2258882,0.2176257,0.2474693,0.2407768,0.1277531,0.1281599,0.2551993,0.1647435,0.2538433,0.1765675,0.2415582,0.179013,0.2845529,0.2496766,0.247495,0.1753528,0.2656878,0.195241,0.318795,0.2595452,0.1452541,0.130892,0.2164425,0.144421,0.1623007,0.1408658,0.2129304,0.1600767,0.1387716,0.1382108,0.1223129,0.1191868,0.123365,0.1175973,0.1198045,0.1239987,0.2574521,0.182741,0.2017719,0.1649452,0.2545851,0.2040026,0.227235,0.1671875,0.213681,0.174712,0.1674551,0.1623016,0.1564589,0.1446255,0.1479267,0.1268032,0.1399015,0.1255778,0.1821323,0.137597,0.2080031,0.1428989,0.1645334,0.1591444,0.1280544,0.2423642,0.2120264,0.198609,0.147822,0.2186667,0.1948282,0.1618675,0.1286034,0.1515939,0.1277928,0.1492512,0.1191347,0.1755743,0.14497,0.1645762,0.1476933,0.159194,0.1267328,0.1576107,0.1436353
0.1379115,0.1509233,0.1305525,0.132139,0.1268402,0.1303802,0.1715337,0.1602032,0.1203547,0.1158626,0.1082659,0.1305882,0.3196191,0.4135164,0.2014338,0.2411794,0.2248054,0.2361785,0.127303,0.1303149,0.1802462,0.2236098,0.177309,0.2173447,0.1671164,0.2523578,0.2217746,0.2441384,0.1784948,0.2474095,0.1965729,0.2624606,0.2764995,0.3156068,0.1327234,0.1350278,0.1655019,0.1566722,0.13803,0.1486688,0.1588511,0.1943535,0.126815,0.13163,0.1198272,0.1141531,0.1169048,0.1187592,0.1204133,0.123037,0.1738955,0.2246948,0.1529838,0.2030398,0.1836854,0.2224233,0.1649479,0.2074606,0.1670908,0.1737647,0.151532,0.1751746,0.1419587,0.1536552,0.1357064,0.135653,0.1307824,0.1289477,0.1578298,0.1585986,0.1770013,0.1708945,0.1559651,0.1624131,0.1528625,0.1959701,0.2073632,0.1476212,0.1691109,0.186905,0.2000138,0.1427038,0.1443092,0.1365049,0.1303754,0.1306701,0.1242805,0.1479878,0.1567549,0.1428309,0.1664079,0.1349313,0.1333228,0.1431095,0.1476789
0.1640673,0.1461372,0.2049434,0.1399394,0.1551074,0.1407882,0.1461046,0.1545337,0.1346909,0.1160156,0.1218526,0.11717,0.2258882,0.2014338,0.3258033,0.2747634,0.2442483,0.2201632,0.1585495,0.1502405,0.2248092,0.1584877,0.1701725,0.1275579,0.1974965,0.1443691,0.1631234,0.147044,0.2121392,0.1427655,0.2188669,0.1528133,0.2047465,0.1652802,0.1451334,0.1232959,0.2148312,0.1365678,0.1607945,0.134116,0.2120025,0.1524288,0.151701,0.1313999,0.1361942,0.1121562,0.1509683,0.1189668,0.1471993,0.1317453,0.1549198,0.1210419,0.1561648,0.1160649,0.148534,0.1347692,0.1609206,0.1330846,0.1531716,0.1497475,0.3165641,0.2770101,0.1478186,0.1325038,0.2383533,0.1441281,0.2501344,0.1604119,0.2524434,0.1703368,0.2646549,0.1622101,0.246884,0.2079028,0.1571354,0.1446889,0.1351389,0.2242922,0.1473674,0.3071772,0.2626705,0.2202299,0.1422029,0.1401133,0.1212591,0.1578462,0.1203194,0.145568,0.1373463,0.1524538,0.1358863,0.1782743,0.1270845,0.1800252,0.1616363
0.1421871,0.176634,0.1476129,0.1813172,0.1449131,0.1539515,0.1506888,0.1638205,0.1384437,0.118696,0.1230741,0.1275924,0.2176257,0.2411794,0.2747634,0.3027764,0.2168188,0.2200933,0.1502766,0.1613877,0.1750349,0.2324594,0.1554191,0.1699072,0.1595932,0.19935,0.1657292,0.1758372,0.1616305,0.1998731,0.1760279,0.2148964,0.1959674,0.1981355,0.1277623,0.1422078,0.1513371,0.1893719,0.13502,0.155663,0.167411,0.2064957,0.1415557,0.1446616,0.1228175,0.1190697,0.1242647,0.1355997,0.128361,0.1415125,0.1440382,0.159858,0.1432925,0.1498768,0.1413777,0.1641778,0.1455026,0.1586771,0.1474292,0.1652094,0.2458292,0.275864,0.128666,0.1466796,0.1708622,0.1938231,0.1766493,0.1918396,0.1796278,0.2273731,0.1816348,0.2314454,0.196047,0.2187781,0.1996624,0.1443712,0.1525871,0.1618542,0.2141757,0.2522812,0.2986429,0.1613974,0.1976528,0.1238386,0.1331069,0.1269711,0.1417618,0.1387364,0.1492518,0.1321179,0.1531537,0.1349944,0.1623353,0.1554091,0.1898223
0.2082139,0.1975078,0.2163296,0.2018491,0.2068977,0.1815012,0.2950106,0.2351445,0.1721189,0.1376616,0.1333555,0.1665869,0.2474693,0.2248054,0.2442483,0.2168188,0.4708424,0.4891605,0.1830791,0.1996223,0.2394301,0.1974764,0.2409716,0.1681105,0.18356,0.1773628,0.232303,0.1874982,0.1517431,0.1507817,0.1552437,0.1417763,0.1604903,0.1422361,0.2391465,0.1618085,0.2875246,0.1654489,0.2143424,0.1926017,0.2324118,0.2112956,0.2150183,0.1846234,0.2029446,0.1329668,0.161617,0.1426542,0.1490471,0.1748236,0.1961146,0.1287253,0.186827,0.1371608,0.2156338,0.1739682,0.2450409,0.183482,0.2628885,0.2440707,0.1601596,0.1886779,0.2200974,0.1984714,0.2551606,0.181927,0.2796204,0.1864034,0.2230375,0.1627071,0.1705531,0.1467318,0.3154989,0.2989118,0.181919,0.2197988,0.2151245,0.1860029,0.1714512,0.1544136,0.140786,0.2179889,0.1872542,0.198176,0.1366125,0.1898399,0.1351226,0.1875639,0.1821276,0.1654432,0.1849084,0.1796167,0.1486517,0.2361531,0.1944696
0.1908699,0.2132101,0.1894134,0.1925858,0.2013579,0.2386656,0.2565982,0.2466537,0.142472,0.2099663,0.1098006,0.2687036,0.2407768,0.2361785,0.2201632,0.2200933,0.4891605,0.5222859,0.1567937,0.1736001,0.2067244,0.2261499,0.2360933,0.226728,0.1621102,0.1964294,0.2543648,0.2171083,0.1439147,0.1578827,0.1529295,0.1402595,0.1436731,0.1261762,0.2267539,0.2543764,0.3046039,0.2222595,0.2274525,0.2438821,0.2221737,0.2294456,0.2180618,0.2692672,0.2006001,0.1943666,0.1569439,0.1538397,0.1391048,0.1476677,0.2133526,0.1587547,0.1743012,0.1842664,0.2464162,0.2246508,0.2693867,0.2200597,0.2639279,0.2880168,0.1506403,0.1726248,0.2368434,0.2564005,0.1897304,0.1856662,0.1963275,0.1709977,0.1796052,0.1774434,0.1495538,0.150111,0.250381,0.2719198,0.2744983,0.2714637,0.2897919,0.1788453,0.1953578,0.1499166,0.1331047,0.1932588,0.2077271,0.2003455,0.1903553,0.1882027,0.1900426,0.2147939,0.2172256,0.1778335,0.1921984,0.1757978,0.1836267,0.2609647,0.2405238
0.1389617,0.1337606,0.2124404,0.1596711,0.2468159,0.2273092,0.1493169,0.1533538,0.1538092,0.1832284,0.1500342,0.1837946,0.1277531,0.127303,0.1585495,0.1502766,0.1830791,0.1567937,0.3894494,0.3003445,0.1273503,0.1264759,0.118398,0.1217157,0.1202538,0.1202528,0.1222096,0.1193099,0.1164605,0.1147515,0.1170278,0.1150241,0.1123822,0.1130426,0.1481631,0.1437982,0.1445996,0.1198122,0.1424916,0.1477465,0.1413578,0.1406253,0.1839794,0.1731583,0.1587411,0.1445612,0.2140767,0.175083,0.3398886,0.229853,0.1166409,0.1136366,0.1152653,0.1179138,0.1301256,0.1255475,0.124639,0.1238087,0.1378718,0.1422964,0.1381904,0.1500964,0.147808,0.1411971,0.1927041,0.1583568,0.2135847,0.16663,0.1520148,0.1363003,0.1359946,0.1185685,0.2262423,0.199301,0.1376888,0.1302031,0.1305559,0.1358684,0.1254127,0.1312544,0.1295554,0.1539015,0.1317448,0.129478,0.123044,0.1418015,0.1266879,0.1244527,0.123577,0.1225138,0.1209546,0.1386941,0.1202519,0.1762056,0.1731266
0.1298425,0.1480086,0.1631797,0.2284892,0.2049068,0.2981438,0.1314222,0.1597754,0.1421187,0.2121679,0.1239682,0.2503489,0.1281599,0.1303149,0.1502405,0.1613877,0.1996223,0.1736001,0.3003445,0.3839872,0.1137527,0.1445523,0.1111984,0.1247317,0.1140727,0.12357,0.1167559,0.1151105,0.1136875,0.1185576,0.1154839,0.119914,0.1140956,0.1136412,0.1359417,0.1638584,0.1229479,0.1490337,0.1349104,0.1610098,0.1231494,0.1659585,0.1598674,0.213473,0.1411525,0.1768511,0.1531673,0.2589104,0.2195348,0.3509438,0.1096129,0.1140679,0.1091882,0.1158023,0.1193948,0.1231648,0.1173724,0.1246497,0.1283284,0.1501043,0.1336505,0.1696555,0.1390623,0.1476235,0.1538846,0.2125548,0.1683189,0.2603092,0.1279147,0.1765088,0.1189556,0.1477475,0.2097185,0.2732804,0.1603374,0.1219328,0.1268141,0.1174289,0.152132,0.1282642,0.137269,0.1276094,0.1712289,0.1226988,0.1361651,0.1207238,0.1601426,0.1185096,0.1326559,0.1145592,0.124121,0.1192673,0.1521015,0.1621968,0.1746356
0.268502,0.1351309,0.1729425,0.1084035,0.146506,0.1202493,0.3381242,0.120888,0.1359562,0.1253937,0.1147235,0.1145316,0.2551993,0.1802462,0.2248092,0.1750349,0.2394301,0.2067244,0.1273503,0.1137527,0.4300643,0.1101992,0.3525707,0.1178333,0.3994654,0.1160364,0.2355068,0.1858568,0.2757771,0.1236025,0.2446157,0.1365962,0.2258788,0.1655341,0.200487,0.1195566,0.2825795,0.1153435,0.205856,0.1340385,0.3297008,0.1164811,0.1525765,0.1238997,0.1353412,0.1106301,0.1329166,0.1129283,0.1216778,0.1110576,0.2481031,0.1326027,0.3065023,0.1240176,0.24129,0.1427177,0.3019993,0.1222544,0.3158784,0.1456201,0.1852942,0.1417001,0.1970771,0.1408024,0.2032205,0.1127675,0.1559296,0.1151613,0.2622084,0.1145983,0.2891624,0.1151955,0.1619156,0.1382826,0.1087976,0.2089611,0.157088,0.306921,0.1130328,0.231378,0.1650125,0.2425089,0.1096028,0.2075025,0.1148893,0.2141317,0.1107505,0.2727361,0.1222456,0.3303339,0.1207383,0.2365166,0.1105786,0.1722665,0.1278806
0.1359976,0.245799,0.112701,0.173486,0.1367619,0.1743316,0.1288374,0.2659361,0.1337386,0.1396469,0.125685,0.1485577,0.1647435,0.2236098,0.1584877,0.2324594,0.1974764,0.2261499,0.1264759,0.1445523,0.1101992,0.4189808,0.1092544,0.2827511,0.1122563,0.3647579,0.1575617,0.213182,0.1149515,0.2715004,0.1214243,0.248304,0.145289,0.1988666,0.120708,0.1736567,0.1207899,0.2187091,0.1277392,0.1705781,0.1159626,0.3182057,0.1348894,0.1730098,0.1154206,0.1273088,0.1098578,0.1258559,0.1128537,0.1347157,0.1161418,0.2320084,0.1107436,0.2358423,0.1404093,0.2392565,0.1166343,0.2451085,0.1491187,0.275954,0.1306747,0.1701873,0.1309511,0.1703597,0.1151517,0.2140602,0.1156768,0.1547336,0.1122303,0.2365979,0.1115864,0.2668552,0.141545,0.1763152,0.3248813,0.162742,0.2126561,0.1233218,0.3249297,0.1458871,0.2289921,0.1115612,0.2576225,0.1124169,0.1723847,0.1125377,0.1752194,0.1310721,0.2358618,0.1152267,0.2640611,0.1158495,0.2123837,0.1235426,0.1413776
0.2583112,0.1697757,0.1356573,0.1045227,0.1570997,0.1227211,0.4106798,0.1560811,0.1429317,0.1359679,0.09573334,0.127382,0.2538433,0.177309,0.1701725,0.1554191,0.2409716,0.2360933,0.118398,0.1111984,0.3525707,0.1092544,0.5115729,0.1276838,0.3901362,0.1274838,0.3663175,0.255147,0.2992337,0.1292629,0.2668633,0.1440914,0.2472151,0.1888733,0.2491868,0.1349559,0.2843783,0.1180746,0.2245343,0.1685804,0.3614288,0.1364061,0.1811687,0.1368972,0.1630536,0.1169067,0.1309078,0.1103572,0.1171003,0.109628,0.4229772,0.1511581,0.4822369,0.1277795,0.3704446,0.1835951,0.500511,0.1682956,0.4048142,0.1920316,0.1227426,0.1135639,0.2180752,0.1801455,0.1466725,0.1071672,0.1219353,0.1075664,0.1965693,0.107793,0.2090854,0.1057635,0.1433581,0.1231274,0.112732,0.3335514,0.24475,0.2398043,0.112844,0.1964066,0.1249791,0.2074333,0.1087963,0.2720287,0.1235048,0.2465104,0.1135911,0.3182487,0.1643743,0.3481665,0.1643597,0.2249313,0.1137091,0.2286601,0.1765237
0.1799773,0.231829,0.1046273,0.1258896,0.1313911,0.1622056,0.1389638,0.3524543,0.1232571,0.1441437,0.1168951,0.1546919,0.1765675,0.2173447,0.1275579,0.1699072,0.1681105,0.226728,0.1217157,0.1247317,0.1178333,0.2827511,0.1276838,0.4734983,0.1423437,0.3724486,0.2203382,0.3047433,0.1399071,0.295164,0.1494595,0.2513469,0.1768125,0.2388201,0.1377024,0.2130529,0.1152825,0.1928831,0.1560842,0.1991825,0.1255585,0.3152922,0.1324981,0.1812637,0.1174767,0.1425847,0.1110131,0.1237542,0.1137886,0.1250071,0.1492779,0.3666702,0.1324349,0.4996895,0.1976669,0.3671878,0.1475477,0.4118285,0.2101189,0.3819967,0.1081164,0.1147663,0.1617794,0.2076327,0.1071223,0.1158873,0.1061981,0.1125252,0.111099,0.1534509,0.1140887,0.169866,0.1179249,0.1326972,0.3029086,0.2412421,0.3368601,0.1153435,0.2386699,0.130422,0.1581798,0.1093341,0.1567995,0.1284079,0.2185613,0.1164578,0.1886323,0.1958921,0.294096,0.1453365,0.3302419,0.1151591,0.1932625,0.1333991,0.1507428
0.2554056,0.128895,0.1372092,0.1097797,0.1349028,0.120798,0.2776435,0.1177434,0.1220094,0.130743,0.1000299,0.1292704,0.2415582,0.1671164,0.1974965,0.1595932,0.18356,0.1621102,0.1202538,0.1140727,0.3994654,0.1122563,0.3901362,0.1423437,0.4482842,0.1368525,0.2421133,0.2238402,0.3374674,0.1376385,0.2577196,0.1515285,0.2440692,0.1899082,0.1766325,0.1231674,0.2234001,0.1155308,0.1800522,0.1357563,0.3020064,0.1232669,0.138969,0.1249462,0.1287757,0.113408,0.118365,0.1136613,0.1144487,0.1129334,0.281553,0.1732259,0.4094123,0.1498972,0.2467375,0.1742368,0.3332796,0.1341193,0.2967549,0.132235,0.1494217,0.1248811,0.1662582,0.139265,0.1723619,0.1145735,0.1310209,0.1144962,0.2214168,0.1131758,0.2546626,0.1132355,0.1350467,0.1257819,0.1087889,0.216942,0.171383,0.2371121,0.114008,0.2109818,0.1483979,0.2204246,0.111781,0.1966945,0.1192101,0.1930439,0.114498,0.2865846,0.1270854,0.3334816,0.1249208,0.2138868,0.1144053,0.1488363,0.125326
0.1417343,0.1960172,0.1097022,0.1327413,0.1273519,0.1458498,0.1311788,0.2283824,0.1175248,0.1210199,0.115186,0.1260143,0.179013,0.2523578,0.1443691,0.19935,0.1773628,0.1964294,0.1202528,0.12357,0.1160364,0.3647579,0.1274838,0.3724486,0.1368525,0.4230447,0.1881682,0.2508647,0.1317315,0.3136721,0.1369038,0.2600943,0.1593554,0.2334571,0.1210902,0.1543787,0.1182271,0.1751996,0.1343499,0.1528538,0.1223621,0.2870898,0.1242879,0.1511507,0.1131563,0.1187818,0.1092067,0.1153094,0.110148,0.1209014,0.1381663,0.2619044,0.1327075,0.3202565,0.1835446,0.2622262,0.1283462,0.2848427,0.1566224,0.2594454,0.1181113,0.1434205,0.1344359,0.1557487,0.11239,0.1482183,0.1114506,0.1241563,0.1136016,0.1895476,0.1152977,0.2177811,0.127783,0.1433875,0.2240554,0.1983667,0.2400033,0.1181516,0.2476537,0.139404,0.1916025,0.1119401,0.199781,0.1178974,0.1678155,0.1133663,0.1615556,0.1490198,0.2270404,0.1256952,0.2899586,0.1160411,0.185816,0.1219688,0.1315662
0.1818018,0.1756782,0.1270495,0.112411,0.1519859,0.1338278,0.3174809,0.1535109,0.1396364,0.1474777,0.1101623,0.161939,0.2845529,0.2217746,0.1631234,0.1657292,0.232303,0.2543648,0.1222096,0.1167559,0.2355068,0.1575617,0.3663175,0.2203382,0.2421133,0.1881682,0.4375533,0.4010782,0.2090809,0.1749581,0.2602016,0.1849321,0.2756166,0.2580788,0.2066404,0.1532833,0.2281863,0.1335859,0.2029441,0.1853446,0.2661807,0.1765212,0.1734011,0.1520991,0.1530283,0.1246109,0.1262659,0.1151926,0.1203337,0.1157112,0.390512,0.2585632,0.2920999,0.1979051,0.4008624,0.3009011,0.3590012,0.210175,0.3037995,0.2121713,0.1189396,0.121461,0.204613,0.1908768,0.1198997,0.1133251,0.1159709,0.1172405,0.1354695,0.1216328,0.1571379,0.125617,0.1411537,0.1327513,0.1692458,0.4096726,0.3577553,0.1919947,0.1394258,0.1609873,0.1380897,0.1329612,0.1191169,0.216393,0.141381,0.188623,0.1218623,0.2301705,0.1765822,0.2119994,0.1728174,0.1629968,0.1227471,0.2143793,0.1860469
0.1704813,0.1700219,0.1145665,0.1148268,0.1316313,0.126464,0.2202845,0.1407384,0.128898,0.1237355,0.1180563,0.126754,0.2496766,0.2441384,0.147044,0.1758372,0.1874982,0.2171083,0.1193099,0.1151105,0.1858568,0.213182,0.255147,0.3047433,0.2238402,0.2508647,0.4010782,0.4541708,0.1829966,0.2270048,0.2002031,0.2521107,0.2408061,0.305835,0.1613104,0.154092,0.1645857,0.1331748,0.1692266,0.1820071,0.1975205,0.2218212,0.1449852,0.1373918,0.1277191,0.1231081,0.1165715,0.1148817,0.1173422,0.1134948,0.2562737,0.4030138,0.2483801,0.2510573,0.2917119,0.4050504,0.2412997,0.2548533,0.2285156,0.2063005,0.1154687,0.1261301,0.1710313,0.1841883,0.1125692,0.1148332,0.1131712,0.119457,0.1182228,0.1292001,0.1304306,0.1384305,0.1309441,0.1315826,0.2373848,0.3404677,0.3801557,0.1434964,0.1627981,0.1343375,0.1533305,0.1182199,0.1233218,0.1697378,0.1557414,0.1442696,0.1290774,0.2068794,0.1992298,0.2068607,0.1750816,0.129785,0.126172,0.1752629,0.1614376
0.1992562,0.1287854,0.1317692,0.110325,0.1290584,0.1188307,0.1797105,0.122683,0.1233842,0.1269946,0.1091329,0.1296575,0.247495,0.1784948,0.2121392,0.1616305,0.1517431,0.1439147,0.1164605,0.1136875,0.2757771,0.1149515,0.2992337,0.1399071,0.3374674,0.1317315,0.2090809,0.1829966,0.3527041,0.1369476,0.2952828,0.1608794,0.2698915,0.1946151,0.1473594,0.1283826,0.1818515,0.1164161,0.158994,0.1437064,0.2372062,0.1275994,0.1345924,0.1264552,0.1290596,0.1173482,0.1165166,0.1111466,0.1114422,0.1135479,0.2824897,0.1651697,0.3268939,0.1418792,0.2221775,0.1629848,0.2792126,0.1366092,0.2068929,0.131837,0.1813878,0.1454799,0.148145,0.1442521,0.1660143,0.1136585,0.1403738,0.1177449,0.2217635,0.1202698,0.2696332,0.1231241,0.1357353,0.1256646,0.1179434,0.2025752,0.1691909,0.2198752,0.1182707,0.2473632,0.1729258,0.1922109,0.1128945,0.1638491,0.1238352,0.1588854,0.1133895,0.2326035,0.1329877,0.239577,0.1310017,0.1731116,0.1150437,0.1427663,0.1419747
0.1454567,0.1604606,0.1091886,0.1328019,0.1221984,0.1297447,0.1417174,0.1502022,0.1224784,0.1238934,0.1186205,0.1239765,0.1753528,0.2474095,0.1427655,0.1998731,0.1507817,0.1578827,0.1147515,0.1185576,0.1236025,0.2715004,0.1292629,0.295164,0.1376385,0.3136721,0.1749581,0.2270048,0.1369476,0.3225493,0.1533575,0.2833492,0.1741779,0.2424861,0.1244691,0.1340053,0.1141077,0.1678403,0.1388035,0.1392271,0.1254398,0.2241738,0.1259426,0.1363846,0.1197985,0.1151916,0.1128461,0.1139938,0.11094,0.1165617,0.149258,0.2744037,0.1318745,0.3097291,0.1673765,0.2293809,0.1302283,0.2497933,0.1471534,0.1826647,0.1298333,0.1571294,0.1377096,0.1425283,0.1144224,0.1512605,0.115089,0.1321351,0.116074,0.1899636,0.1200449,0.228184,0.1261291,0.1384193,0.1543748,0.1768991,0.2046391,0.1160516,0.2224474,0.1419653,0.2007607,0.112312,0.1821988,0.1270742,0.1400016,0.1157124,0.1351789,0.1570411,0.1701729,0.1337588,0.2148417,0.1146055,0.1552365,0.1251955,0.1271243
0.1847502,0.1291177,0.137365,0.110012,0.1327104,0.1232394,0.1775466,0.1283386,0.1296207,0.1282479,0.112579,0.1487717,0.2656878,0.1965729,0.2188669,0.1760279,0.1552437,0.1529295,0.1170278,0.1154839,0.2446157,0.1214243,0.2668633,0.1494595,0.2577196,0.1369038,0.2602016,0.2002031,0.2952828,0.1533575,0.3149498,0.1698593,0.2970462,0.218931,0.1533531,0.1269821,0.1796361,0.1174557,0.1592092,0.1333833,0.2264625,0.1269629,0.1411072,0.1319617,0.1351653,0.1150722,0.1193634,0.1112254,0.1130502,0.1153341,0.29716,0.1637219,0.2461041,0.1576077,0.2588225,0.1591527,0.2469068,0.1387854,0.1860607,0.1389947,0.1957341,0.1552594,0.1539683,0.1379378,0.1618341,0.1116427,0.1497746,0.1198569,0.2048101,0.1233323,0.2520907,0.1280625,0.1449455,0.1292569,0.1176283,0.2301551,0.174282,0.2139622,0.1200486,0.2709603,0.1846751,0.1721213,0.1122002,0.1622964,0.1225536,0.150496,0.1127181,0.2052005,0.1291025,0.1857326,0.127372,0.1558515,0.1145222,0.140528,0.1395461
0.1483071,0.1434772,0.1121386,0.1366183,0.1248509,0.1260125,0.150648,0.1208864,0.1243733,0.1190537,0.1141309,0.1316035,0.195241,0.2624606,0.1528133,0.2148964,0.1417763,0.1402595,0.1150241,0.119914,0.1365962,0.248304,0.1440914,0.2513469,0.1515285,0.2600943,0.1849321,0.2521107,0.1608794,0.2833492,0.1698593,0.3145678,0.2117553,0.2873122,0.1283377,0.1295798,0.1140103,0.1490375,0.1433397,0.1406312,0.1325209,0.2096619,0.1278408,0.1327049,0.1219271,0.1124587,0.1119767,0.112548,0.1119539,0.1177225,0.1586453,0.2860876,0.1462726,0.2493293,0.1658783,0.2377631,0.1388155,0.2111391,0.1519528,0.154248,0.1523767,0.1746347,0.1417066,0.139808,0.1202639,0.146354,0.1219869,0.144441,0.127995,0.1835241,0.1410182,0.2210239,0.1325469,0.1456338,0.168551,0.1746756,0.2038131,0.1208891,0.2019069,0.1686109,0.2457778,0.1187649,0.1632904,0.1324747,0.1309769,0.1199392,0.1214468,0.1632005,0.1581281,0.1418694,0.1632929,0.1186886,0.1348317,0.1318807,0.1288076
0.1748357,0.1311837,0.1212882,0.1110399,0.1294224,0.1204663,0.185495,0.1321144,0.1356021,0.1294896,0.1150817,0.1535195,0.318795,0.2764995,0.2047465,0.1959674,0.1604903,0.1436731,0.1123822,0.1140956,0.2258788,0.145289,0.2472151,0.1768125,0.2440692,0.1593554,0.2756166,0.2408061,0.2698915,0.1741779,0.2970462,0.2117553,0.3733827,0.3055227,0.1524736,0.1394004,0.1427424,0.1231082,0.1529082,0.1517478,0.2020642,0.144776,0.1403036,0.136389,0.1327158,0.122632,0.1149961,0.1111533,0.1099187,0.1160543,0.2511507,0.2004146,0.2278107,0.168014,0.2296203,0.1998985,0.2259198,0.1543751,0.1870548,0.1478174,0.1696163,0.1582264,0.158957,0.1518567,0.132879,0.1169535,0.1282863,0.1226013,0.1651917,0.1320441,0.2162758,0.1449733,0.1352666,0.1326579,0.1254078,0.2274812,0.2070616,0.1634545,0.1315124,0.228065,0.1977722,0.1350892,0.1178549,0.1550227,0.1313519,0.1337931,0.1150269,0.1962644,0.1346807,0.1581855,0.1272235,0.1287258,0.1183113,0.136804,0.135041
0.1646286,0.1405304,0.1126839,0.1122967,0.1277311,0.1188159,0.1696847,0.1235692,0.1457783,0.1274068,0.1276924,0.1507788,0.2595452,0.3156068,0.1652802,0.1981355,0.1422361,0.1261762,0.1130426,0.1136412,0.1655341,0.1988666,0.1888733,0.2388201,0.1899082,0.2334571,0.2580788,0.305835,0.1946151,0.2424861,0.218931,0.2873122,0.3055227,0.3543988,0.1480926,0.139892,0.1172928,0.1210109,0.158246,0.155406,0.1601783,0.1776547,0.142841,0.1366337,0.1375732,0.1211115,0.1130773,0.1118181,0.1100578,0.1160812,0.2015819,0.2808097,0.1844392,0.2195406,0.2064149,0.2598149,0.1771509,0.1910903,0.172946,0.1500804,0.1422916,0.152769,0.1624257,0.1584503,0.1241781,0.1186983,0.1215342,0.1217147,0.1371794,0.1393082,0.1684432,0.1584185,0.1298836,0.1293446,0.1714983,0.2207376,0.2309504,0.1273385,0.1473996,0.178432,0.1933369,0.1219161,0.1205723,0.1546693,0.1337694,0.1284433,0.1156671,0.1778618,0.160759,0.1565738,0.139577,0.1200445,0.11676,0.1390606,0.131492
0.3164896,0.1933632,0.1654411,0.1145727,0.2368545,0.1667003,0.3193526,0.2529903,0.3393098,0.1843907,0.3281043,0.2559614,0.1452541,0.1327234,0.1451334,0.1277623,0.2391465,0.2267539,0.1481631,0.1359417,0.200487,0.120708,0.2491868,0.1377024,0.1766325,0.1210902,0.2066404,0.1613104,0.1473594,0.1244691,0.1533531,0.1283377,0.1524736,0.1480926,0.4070843,0.1916367,0.289825,0.1235673,0.3363273,0.2442515,0.2733105,0.1649673,0.3061965,0.1984624,0.350267,0.1563532,0.2151425,0.1341262,0.1407259,0.1254131,0.2268355,0.1308754,0.2201017,0.1353366,0.2423659,0.1724397,0.2911372,0.1854443,0.3152476,0.2107541,0.1302174,0.1395832,0.3578057,0.2428491,0.1569141,0.1107921,0.1357579,0.1236376,0.1466608,0.1158967,0.1324276,0.1125268,0.1661552,0.1452647,0.1562085,0.2277525,0.1894637,0.2116075,0.1183332,0.1290161,0.1203099,0.1678998,0.1122498,0.3326972,0.1498828,0.2929984,0.1351306,0.2777933,0.1988121,0.2595439,0.1834404,0.2428539,0.1238883,0.3674403,0.2511491
0.1650798,0.3006287,0.1197993,0.1660841,0.1913363,0.2470162,0.1760678,0.3022045,0.1987125,0.2956969,0.1497484,0.2785958,0.130892,0.1350278,0.1232959,0.1422078,0.1618085,0.2543764,0.1437982,0.1638584,0.1195566,0.1736567,0.1349559,0.2130529,0.1231674,0.1543787,0.1532833,0.154092,0.1283826,0.1340053,0.1269821,0.1295798,0.1394004,0.139892,0.1916367,0.3780707,0.1487306,0.2239794,0.2089265,0.3602414,0.1440487,0.2405707,0.2075415,0.3111646,0.1834885,0.3255695,0.1413202,0.2072537,0.1250179,0.1680267,0.1362739,0.1678372,0.1226616,0.1952261,0.1693811,0.2191087,0.1635614,0.226042,0.1884854,0.2781681,0.1170686,0.1277802,0.2017166,0.3623381,0.1223453,0.1420342,0.1237681,0.1280625,0.1155711,0.1356865,0.1175499,0.1301099,0.1365733,0.1672708,0.3091187,0.1856876,0.220496,0.1209744,0.1824926,0.1172106,0.1159795,0.1172133,0.1616212,0.1644242,0.3123953,0.143367,0.2687149,0.1786615,0.2827504,0.1565662,0.2246881,0.1275847,0.218929,0.2504519,0.3415333
0.1998855,0.1797613,0.2185378,0.1136196,0.1910371,0.1438629,0.3082388,0.1909878,0.2182614,0.1355566,0.1705494,0.1619783,0.2164425,0.1655019,0.2148312,0.1513371,0.2875246,0.3046039,0.1445996,0.1229479,0.2825795,0.1207899,0.2843783,0.1152825,0.2234001,0.1182271,0.2281863,0.1645857,0.1818515,0.1141077,0.1796361,0.1140103,0.1427424,0.1172928,0.289825,0.1487306,0.4685832,0.1210092,0.288087,0.1811594,0.2969414,0.1327635,0.2467789,0.1595831,0.2269904,0.1245479,0.1961393,0.119786,0.142071,0.1150472,0.2422676,0.110821,0.2467577,0.112614,0.2470331,0.1467606,0.2730632,0.1584196,0.2720671,0.1964567,0.1930705,0.1419454,0.2926268,0.1901723,0.1954017,0.1151863,0.1854117,0.1125204,0.2525086,0.1138066,0.2294737,0.1126372,0.2064189,0.1449583,0.1208371,0.2264898,0.1818791,0.4231865,0.1147879,0.2029375,0.1504697,0.2686739,0.1161535,0.2990511,0.1286392,0.359491,0.1192488,0.2228876,0.1572915,0.2102768,0.1619362,0.4224509,0.115433,0.2805093,0.1813849
0.1329139,0.1784752,0.1099118,0.2034143,0.1297259,0.1720284,0.1216968,0.1841107,0.1270183,0.1533651,0.1205782,0.1442331,0.144421,0.1566722,0.1365678,0.1893719,0.1654489,0.2222595,0.1198122,0.1490337,0.1153435,0.2187091,0.1180746,0.1928831,0.1155308,0.1751996,0.1335859,0.1331748,0.1164161,0.1678403,0.1174557,0.1490375,0.1231082,0.1210109,0.1235673,0.2239794,0.1210092,0.4828196,0.131354,0.240185,0.1186261,0.227435,0.1352328,0.1781689,0.1214237,0.1547148,0.1148405,0.1670941,0.1117118,0.1446126,0.1197196,0.1384384,0.1132272,0.1948314,0.138946,0.1613912,0.1308602,0.1994343,0.1458404,0.1901785,0.1147759,0.140565,0.1316557,0.218189,0.1102269,0.2022841,0.1085727,0.1738827,0.1136926,0.2314989,0.1115911,0.2309974,0.124763,0.1694955,0.2105275,0.1450018,0.1596121,0.1176653,0.4134851,0.1223609,0.1596128,0.1133405,0.2743933,0.1195944,0.2512029,0.1152334,0.2929794,0.1291356,0.1839595,0.1237011,0.1928537,0.1154505,0.4379396,0.1347293,0.2515545
0.3382081,0.1640165,0.1464763,0.1164039,0.2035479,0.1753006,0.2111484,0.1999862,0.249003,0.1964957,0.2557301,0.2643194,0.1623007,0.13803,0.1607945,0.13502,0.2143424,0.2274525,0.1424916,0.1349104,0.205856,0.1277392,0.2245343,0.1560842,0.1800522,0.1343499,0.2029441,0.1692266,0.158994,0.1388035,0.1592092,0.1433397,0.1529082,0.158246,0.3363273,0.2089265,0.288087,0.131354,0.4014643,0.2844834,0.2613568,0.1688413,0.2562455,0.2150907,0.2726027,0.1667883,0.1829553,0.1367774,0.1266802,0.1271711,0.2222185,0.1408137,0.1918158,0.1475595,0.2346807,0.1852704,0.2477298,0.1832464,0.2377494,0.189294,0.1254453,0.1251534,0.4255803,0.2616721,0.1520023,0.1108223,0.1333462,0.1171548,0.1557156,0.1159338,0.1492408,0.11663,0.1573603,0.143233,0.1265479,0.2347296,0.210642,0.2565062,0.1264554,0.1375906,0.1273108,0.1590379,0.115702,0.3607628,0.1631231,0.275025,0.1377976,0.2565078,0.1827711,0.2791891,0.172835,0.2503127,0.1286941,0.4693833,0.2998611
0.1655117,0.2984031,0.1210082,0.1568352,0.2151684,0.2100258,0.1784862,0.2484938,0.2341655,0.2178526,0.1474353,0.2497129,0.1408658,0.1486688,0.134116,0.155663,0.1926017,0.2438821,0.1477465,0.1610098,0.1340385,0.1705781,0.1685804,0.1991825,0.1357563,0.1528538,0.1853446,0.1820071,0.1437064,0.1392271,0.1333833,0.1406312,0.1517478,0.155406,0.2442515,0.3602414,0.1811594,0.240185,0.2844834,0.4422207,0.169392,0.2628136,0.2456788,0.2670695,0.2194256,0.2489706,0.1469269,0.1808977,0.1231543,0.154068,0.1606552,0.1796353,0.1395238,0.1876536,0.1919064,0.2278054,0.1978196,0.2238166,0.1766311,0.2260907,0.1199617,0.1330443,0.2680362,0.4451607,0.1285923,0.1450049,0.1334404,0.1382308,0.1249366,0.1465961,0.1295396,0.1439991,0.1552423,0.172939,0.2188628,0.2141926,0.2358795,0.1342927,0.19199,0.1234252,0.126233,0.1185172,0.1569025,0.2112355,0.2938427,0.1726034,0.2227089,0.1942183,0.2350909,0.1930312,0.2251081,0.1435311,0.2046112,0.3800687,0.5120903
0.3340187,0.1599841,0.1880212,0.1114999,0.1749373,0.1338333,0.4019201,0.1496325,0.1938658,0.1460977,0.1655958,0.1586498,0.2129304,0.1588511,0.2120025,0.167411,0.2324118,0.2221737,0.1413578,0.1231494,0.3297008,0.1159626,0.3614288,0.1255585,0.3020064,0.1223621,0.2661807,0.1975205,0.2372062,0.1254398,0.2264625,0.1325209,0.2020642,0.1601783,0.2733105,0.1440487,0.2969414,0.1186261,0.2613568,0.169392,0.3527521,0.1313568,0.2015756,0.1504388,0.1975452,0.126484,0.1761825,0.1184094,0.1387707,0.1157818,0.2916756,0.1307387,0.3160192,0.1273131,0.285034,0.1557149,0.3632665,0.1444646,0.3578185,0.1778574,0.163855,0.1352687,0.2634622,0.1763561,0.1809353,0.1112783,0.1539239,0.1127429,0.2168265,0.1132595,0.2233128,0.1124559,0.1738215,0.1402486,0.1230472,0.2611832,0.2028392,0.2937531,0.11861,0.2077346,0.1502393,0.2369577,0.1125829,0.2579879,0.1276222,0.2543366,0.1199588,0.302492,0.1485182,0.3164296,0.1453207,0.2488666,0.1167739,0.2608106,0.1869709
0.1592535,0.3473413,0.113148,0.1791406,0.1649313,0.1996707,0.1523319,0.3894736,0.1749555,0.2179921,0.1437638,0.1819438,0.1600767,0.1943535,0.1524288,0.2064957,0.2112956,0.2294456,0.1406253,0.1659585,0.1164811,0.3182057,0.1364061,0.3152922,0.1232669,0.2870898,0.1765212,0.2218212,0.1275994,0.2241738,0.1269629,0.2096619,0.144776,0.1776547,0.1649673,0.2405707,0.1327635,0.227435,0.1688413,0.2628136,0.1313568,0.3569081,0.1722578,0.2144213,0.1486566,0.1742797,0.1226035,0.1558295,0.1171663,0.1566909,0.1320512,0.239146,0.131349,0.2730611,0.1666104,0.2855605,0.1491352,0.3050537,0.1855385,0.3651236,0.1234207,0.1481122,0.1737756,0.2594747,0.1177552,0.1703369,0.1182304,0.153849,0.1188992,0.1887349,0.120183,0.2042668,0.149152,0.181642,0.4290916,0.1964614,0.2653943,0.123879,0.2901703,0.1419116,0.1850196,0.1137757,0.2139284,0.145027,0.2306224,0.1366449,0.2123903,0.1572503,0.3294969,0.1472909,0.2949341,0.1232956,0.2290578,0.2042768,0.2557945
