0.6078566,0.3004336,0.2505033,0.2224157,0.3146037,0.2653492,0.4951177,0.3580017,0.3509741,0.2631458,0.2697735,0.2403,0.238757,0.2633611,0.2307648,0.2847075,0.2753015,0.2598217,0.2427666,0.284531,0.2280531,0.2795153,0.2717547,0.2578466,0.2367555,0.2616996,0.2549492,0.2429259,0.2315724,0.2359903,0.2245385,0.2271614,0.2300798,0.3891439,0.2923605,0.3010036,0.2448543,0.4880056,0.3064508,0.4098777,0.2686541,0.3252086,0.2959657,0.3374594,0.2483414,0.2687862,0.2374569,0.2429945,0.2374214,0.2448563,0.2657261,0.2597069,0.2724136,0.2982139,0.2727709,0.3842034,0.299356,0.4510365,0.298662,0.2252568,0.2187765,0.4314247,0.3270539,0.2632971,0.2079514,0.2411977,0.2183657,0.2441703,0.2116328,0.244448,0.2113854,0.2656039,0.2488687,0.3059237,0.2688085,0.3482917,0.2377588,0.2331119,0.2224522,0.2501746,0.2190818,0.4030775,0.2697586,0.3312814,0.2463825,0.4349447,0.284549,0.4121387,0.2555015,0.330743,0.2498506,0.469328,0.3063383
0.3004336,0.6340089,0.2187806,0.2264778,0.2794388,0.3284903,0.4486433,0.302339,0.2922667,0.3564501,0.2885592,0.2616262,0.2576299,0.235933,0.2470834,0.2511928,0.2851719,0.2346624,0.2221948,0.2228537,0.3022743,0.2374567,0.3653279,0.2311157,0.2878627,0.2718526,0.3006139,0.2374433,0.2542039,0.2269206,0.2303544,0.2254318,0.2300038,0.2594821,0.3984394,0.2326135,0.3423225,0.31302,0.4659733,0.2572151,0.4631516,0.2921346,0.3761201,0.2370866,0.343696,0.2281083,0.2403255,0.2309213,0.2146788,0.2502614,0.3115208,0.2504891,0.3556824,0.2622564,0.3875535,0.2537708,0.4623739,0.3629228,0.5456953,0.2122667,0.2175051,0.323523,0.4058751,0.2289843,0.2318925,0.2305023,0.2209596,0.2241688,0.2441522,0.2173578,0.2500408,0.2319382,0.2592263,0.3168782,0.3613195,0.2272386,0.3313486,0.2247126,0.2220345,0.220239,0.2492978,0.2389717,0.418416,0.2316972,0.3103094,0.2604276,0.476691,0.255823,0.3881021,0.2298288,0.3186921,0.2893314,0.3405359
0.2505033,0.2187806,0.4672661,0.2211582,0.248661,0.2360153,0.2557641,0.2486047,0.2554731,0.2343089,0.2439788,0.226212,0.2286674,0.2616898,0.231508,0.2651712,0.2398316,0.271627,0.2491509,0.2395588,0.214669,0.2260055,0.2091556,0.2224364,0.2144856,0.2196973,0.2265575,0.2229549,0.219078,0.2264396,0.2144184,0.2190922,0.2183289,0.2453569,0.2289982,0.3100131,0.2147821,0.2499041,0.2298943,0.2526497,0.2186427,0.2457045,0.234454,0.2525288,0.2245744,0.3147603,0.2262782,0.2844508,0.2334079,0.217612,0.219899,0.2250146,0.21164,0.24166,0.2285098,0.2381806,0.2215621,0.2636403,0.2245842,0.2554594,0.2346968,0.2471998,0.2297888,0.3501867,0.216975,0.3376765,0.2235873,0.2822677,0.214962,0.2556544,0.2101024,0.2987723,0.2542719,0.2409653,0.2331965,0.2629092,0.2134825,0.2316165,0.2203822,0.3331742,0.212997,0.238568,0.2248212,0.2722544,0.2189812,0.2396343,0.2265141,0.2400145,0.2190633,0.2771575,0.2163963,0.2494415,0.2381852
0.2224157,0.2264778,0.2211582,0.4369325,0.2476844,0.2855707,0.2288873,0.2611131,0.2208996,0.2459562,0.2214824,0.2334073,0.2360143,0.2376078,0.2480439,0.2584752,0.2676847,0.2709159,0.3220804,0.220567,0.2421055,0.2208328,0.2362706,0.2194335,0.2269563,0.2214825,0.2241433,0.220744,0.2340287,0.2177267,0.2327296,0.217615,0.222598,0.2165263,0.2589287,0.2274091,0.248754,0.2228629,0.2367742,0.2247141,0.2509843,0.226705,0.2602078,0.2244332,0.2906353,0.2314169,0.3457257,0.2504442,0.3526685,0.2216188,0.2353621,0.2209504,0.2419487,0.2290429,0.2507697,0.2253325,0.2500973,0.2445321,0.2659546,0.2327535,0.2484463,0.2193448,0.2460349,0.2187804,0.3772803,0.2321204,0.3322859,0.2257468,0.2848319,0.2258824,0.2751049,0.2511841,0.3007945,0.2303845,0.2391592,0.2212551,0.2633401,0.2213642,0.234329,0.2246346,0.3353213,0.2193115,0.2540283,0.2260459,0.2925721,0.2213724,0.2430739,0.2199744,0.2372268,0.223134,0.2756417,0.2224577,0.2330792
0.3146037,0.2794388,0.248661,0.2476844,0.4140243,0.3559672,0.3153681,0.3236959,0.3854433,0.2704686,0.302445,0.2368078,0.2423171,0.2612472,0.2587821,0.2901773,0.3027812,0.378654,0.3325078,0.2283379,0.2274317,0.2355519,0.2390671,0.2201491,0.2262168,0.2428032,0.2456748,0.2192076,0.2261036,0.2213701,0.2215436,0.2233969,0.2270683,0.320976,0.2882997,0.2786877,0.2386264,0.3174144,0.304055,0.2691725,0.2622305,0.3833131,0.3285944,0.3413793,0.29782,0.3182086,0.272605,0.3483009,0.2793114,0.2305562,0.2413357,0.2337834,0.2408823,0.2597352,0.2586827,0.2626728,0.2547026,0.2955881,0.2801903,0.2321089,0.246376,0.3219578,0.3023948,0.2476281,0.2357955,0.2559459,0.24934,0.2313523,0.2301014,0.2273681,0.2244132,0.2930923,0.2988515,0.2691013,0.2654414,0.2519789,0.2380576,0.2306865,0.2257034,0.2421023,0.2328087,0.2803003,0.2563478,0.2680501,0.2505108,0.2723501,0.2575662,0.2667778,0.2470648,0.2631803,0.2417039,0.3113741,0.3125353
0.2653492,0.3284903,0.2360153,0.2855707,0.3559672,0.4481173,0.3032396,0.379796,0.2866499,0.3934391,0.2901106,0.2409492,0.2452201,0.270297,0.2793742,0.3053586,0.3729599,0.3482524,0.3969373,0.2355587,0.2357672,0.233892,0.2625879,0.225982,0.2276765,0.2374413,0.2492581,0.2219713,0.2255774,0.2195538,0.2207834,0.2187566,0.2225826,0.2642621,0.3497375,0.245782,0.2659978,0.2734964,0.336915,0.2585814,0.2952557,0.2996936,0.4135164,0.2732202,0.3888594,0.2640447,0.3389822,0.2966395,0.3411974,0.2242233,0.2536607,0.2295829,0.2647558,0.2588235,0.283272,0.2552215,0.2943007,0.3153881,0.3225912,0.2305372,0.2572117,0.2800278,0.332817,0.2417327,0.263977,0.2509273,0.2811808,0.2344759,0.2463102,0.2308883,0.2385944,0.2879631,0.3533195,0.2712149,0.2792427,0.2520363,0.2623131,0.2317483,0.2345941,0.2438524,0.2577541,0.2423044,0.3093029,0.242518,0.2931756,0.257738,0.2871518,0.2589653,0.2575769,0.240519,0.2694057,0.2865957,0.3202427
0.4951177,0.4486433,0.2557641,0.2288873,0.3153681,0.3032396,0.4922738,0.3502537,0.2995455,0.2624301,0.23463,0.3163937,0.2918893,0.2422116,0.2412272,0.289046,0.285062,0.2559153,0.2439544,0.2547753,0.249393,0.2686267,0.2974327,0.2402215,0.2617482,0.3084589,0.3129405,0.245419,0.2450179,0.2406334,0.22881,0.2269154,0.2251901,0.3036421,0.3201096,0.3027252,0.2727838,0.3687247,0.3656311,0.370967,0.3310258,0.2964004,0.3235523,0.2807763,0.2746416,0.2538624,0.2369414,0.244846,0.2330175,0.288893,0.293037,0.2534795,0.3077205,0.3789001,0.3176228,0.3930553,0.3200311,0.516616,0.4117063,0.2188514,0.2191529,0.3554273,0.3632074,0.25945,0.2280033,0.247719,0.2276205,0.2375465,0.2273279,0.2315061,0.2220495,0.2585793,0.2552525,0.4116259,0.3539544,0.2861698,0.2614689,0.2286186,0.2189188,0.2435983,0.2376371,0.2991514,0.2763714,0.272471,0.243669,0.3565179,0.3244846,0.3187474,0.2769473,0.2877362,0.2613868,0.3631342,0.3426337
0.3580017,0.302339,0.2486047,0.2611131,0.3236959,0.379796,0.3502537,0,0.3554118,0.3087279,0.3572198,0.2485839,0.2849311,0.2517862,0.2452329,0.3036198,0.4184144,0.2587997,0.2794038,0.252646,0.2414767,0.2546218,0.3846653,0.237573,0.2562922,0.2622611,0.3285825,0.2413391,0.2513152,0.2391118,0.2421692,0.2608604,0.2652101,0.2946313,0.5495902,0.2462297,0.3132102,0.383982,0.5486345,0.3189534,0.3898039,0.3347892,0.4366062,0.2876733,0.4533152,0.2690604,0.3241685,0.2532539,0.2674529,0.2296215,0.3781706,0.2445403,0.3995925,0.3101443,0.3999215,0.3080956,0.4557264,0.391519,0.3254079,0.2368081,0.2287679,0.4381157,0.547811,0.2425552,0.2386848,0.2446648,0.2360755,0.2281353,0.2422464,0.2371693,0.2376974,0.2563895,0.2882884,0.3435275,0.3910429,0.2718176,0.2950258,0.2400833,0.2261907,0.2307294,0.2666995,0.2545691,0.4394356,0.2484709,0.3619559,0.3034476,0.3711172,0.2788577,0.3496727,0.2559102,0.3494656,0.4551398,0.5933232
0.3509741,0.2922667,0.2554731,0.2208996,0.3854433,0.2866499,0.2995455,0.3554118,0.3599945,0.2515466,0.5663186,0.2307646,0.2360504,0.2293795,0.2224567,0.2823628,0.2704245,0.2815494,0.245987,0.2246422,0.2268256,0.2399648,0.2301443,0.2230341,0.2345289,0.2467754,0.2413486,0.2205412,0.2264801,0.2207226,0.2196994,0.2237939,0.2304327,0.3604176,0.2953026,0.284532,0.2457627,0.3312276,0.3290591,0.2676422,0.2691121,0.4579616,0.2976767,0.4052912,0.3270484,0.3277803,0.2646764,0.2896882,0.2393252,0.2314124,0.2404158,0.2340184,0.2246042,0.2506909,0.2515996,0.2676877,0.2375645,0.2781812,0.2660285,0.2241002,0.2218209,0.334216,0.3139526,0.2417006,0.2065857,0.2403059,0.2185119,0.2226609,0.2163362,0.2208578,0.2127934,0.2525306,0.2439584,0.260477,0.2540002,0.251344,0.2350446,0.2167297,0.2067355,0.2453001,0.2229263,0.3228082,0.2598036,0.311179,0.2458929,0.2834701,0.2517168,0.2746045,0.245731,0.277309,0.2450602,0.3173918,0.364408
0.2631458,0.3564501,0.2343089,0.2459562,0.2704686,0.3934391,0.2624301,0.3087279,0.2515466,0.4600202,0.294139,0.2344889,0.2317613,0.2465343,0.2463244,0.2941085,0.4008112,0.2531794,0.2822596,0.2228712,0.2203369,0.225867,0.2535263,0.2163179,0.2069021,0.2382414,0.2283663,0.2227141,0.2148604,0.2353962,0.2146387,0.2258842,0.2194678,0.2439011,0.3907784,0.2444448,0.2882559,0.2727768,0.2933457,0.2531876,0.2906122,0.2632369,0.4889331,0.2585094,0.3919076,0.2490928,0.3090868,0.2486859,0.2603681,0.2319617,0.235746,0.2236148,0.252124,0.2661531,0.2856696,0.2472477,0.3228232,0.3397501,0.3472832,0.2236304,0.2158417,0.2864084,0.3114739,0.2306404,0.2215441,0.227206,0.2363584,0.2279288,0.2169884,0.227763,0.2098785,0.2381753,0.2965602,0.2717903,0.2726963,0.2466107,0.2794134,0.2282397,0.2138633,0.2353684,0.2351227,0.2272914,0.3394645,0.2299448,0.3026119,0.2386334,0.3181908,0.2479968,0.2657202,0.23643,0.2915276,0.3022373,0.2989998
0.2697735,0.2885592,0.2439788,0.2214824,0.302445,0.2901106,0.23463,0.3572198,0.5663186,0.294139,0,0.2207048,0.2209168,0.2301774,0.2331439,0.332181,0.2734663,0.2373611,0.2303021,0.2242921,0.2274486,0.2393678,0.2213314,0.2248427,0.2233004,0.2264278,0.2156072,0.2218311,0.2214492,0.2184508,0.2150233,0.2146768,0.2162461,0.3433127,0.2908261,0.2559816,0.2469084,0.2723998,0.3089215,0.2482621,0.2656977,0.4152794,0.2959939,0.4026102,0.3354781,0.3120172,0.2586327,0.2388293,0.2384185,0.2310323,0.2317403,0.2306916,0.2143279,0.2230435,0.2266703,0.2450113,0.2223963,0.2309512,0.2423766,0.2111215,0.204977,0.2812535,0.2818706,0.2351004,0.2037195,0.2274528,0.209227,0.2142883,0.215632,0.2189604,0.2133861,0.232688,0.2267324,0.2218881,0.2165624,0.2373892,0.2371481,0.2081383,0.2029746,0.2334558,0.2241218,0.3039671,0.2561348,0.316023,0.2447777,0.2543244,0.2368494,0.2451668,0.234459,0.2478702,0.2502212,0.2874215,0.3393059
0.2403,0.2616262,0.226212,0.2334073,0.2368078,0.2409492,0.3163937,0.2485839,0.2307646,0.2344889,0.2207048,0.4087354,0.3897922,0.2777013,0.2960284,0.2562898,0.2504802,0.2230313,0.2215045,0.254269,0.2608519,0.2938102,0.2688979,0.2776481,0.2688071,0.3438205,0.312121,0.3061648,0.2780006,0.315793,0.2884841,0.3736825,0.3379441,0.2326052,0.2415349,0.2597016,0.2442872,0.2441528,0.2473456,0.2753069,0.2606988,0.2380899,0.2458777,0.2220549,0.2336142,0.2205619,0.2230481,0.218049,0.2221779,0.3205559,0.2891733,0.2835309,0.2689674,0.3067419,0.2759814,0.2701961,0.2601118,0.2848321,0.2809905,0.2347445,0.2316407,0.2450598,0.2425172,0.2336217,0.2424749,0.2313576,0.2311965,0.2406753,0.2400623,0.2486654,0.2530235,0.2415842,0.2465004,0.2969021,0.2843604,0.246682,0.2459596,0.2769926,0.2666745,0.23411,0.2344636,0.2396966,0.2357901,0.2336165,0.2209581,0.2581857,0.2555116,0.2613057,0.2430796,0.2428505,0.2340189,0.2469658,0.262981
0.238757,0.2576299,0.2286674,0.2360143,0.2423171,0.2452201,0.2918893,0.2849311,0.2360504,0.2317613,0.2209168,0.3897922,0.4353331,0.2582587,0.2767844,0.2525584,0.2584062,0.2277985,0.2304723,0.2393532,0.2932588,0.2593673,0.2957724,0.2519659,0.3212305,0.320129,0.3311395,0.2764592,0.3213735,0.2901413,0.3309086,0.3558305,0.3841087,0.2362331,0.2571384,0.2457988,0.2527571,0.253044,0.2537673,0.2516415,0.279752,0.2447645,0.2538302,0.2257289,0.242877,0.2225546,0.2305728,0.2223,0.2317328,0.279326,0.3357093,0.2651418,0.275608,0.2892652,0.319654,0.2542839,0.2830676,0.2758234,0.2927926,0.2419157,0.2338698,0.2576341,0.2553248,0.2362556,0.2476372,0.2326072,0.2372363,0.2421835,0.2485931,0.2467597,0.2618514,0.2479568,0.2544952,0.2987341,0.3178221,0.2405171,0.2582512,0.2590852,0.2489502,0.2255107,0.2408613,0.2392374,0.2467136,0.2269422,0.2306455,0.2649503,0.2792581,0.2507945,0.265718,0.2341742,0.2461807,0.2640339,0.2612103
0.2633611,0.235933,0.2616898,0.2376078,0.2612472,0.270297,0.2422116,0.2517862,0.2293795,0.2465343,0.2301774,0.2777013,0.2582587,0.391543,0.3451752,0.3219064,0.3125888,0.2700905,0.2655776,0.2661431,0.2452988,0.2420875,0.231734,0.2318564,0.2366878,0.2384989,0.2294088,0.2577458,0.2364939,0.2724586,0.2417304,0.2667545,0.2605433,0.2400536,0.2446881,0.3301091,0.240913,0.2656255,0.242732,0.2832372,0.2458048,0.2427526,0.2574529,0.2351501,0.2449191,0.2440431,0.2476401,0.2525511,0.25173,0.2454016,0.2326513,0.2435459,0.230017,0.2399151,0.2323776,0.247235,0.2329663,0.2475132,0.2337288,0.3529347,0.322895,0.2563801,0.2418411,0.2797135,0.2353738,0.2957078,0.2533659,0.2999476,0.2464565,0.313547,0.2438991,0.3292019,0.3044639,0.2340757,0.2309727,0.2985704,0.244361,0.3505521,0.3124475,0.2834481,0.2363331,0.2419607,0.2379691,0.2454194,0.2368081,0.2562097,0.2391424,0.26049,0.2389437,0.2736026,0.2387504,0.2748774,0.2591911
0.2307648,0.2470834,0.231508,0.2480439,0.2587821,0.2793742,0.2412272,0.2452329,0.2224567,0.2463244,0.2331439,0.2960284,0.2767844,0.3451752,0.3884345,0.3236814,0.2925609,0.2603371,0.2651896,0.2350387,0.2789957,0.2316353,0.2454444,0.2267055,0.2553943,0.2354534,0.2386891,0.2410157,0.2648027,0.2427178,0.2810953,0.2676522,0.2802132,0.2267844,0.2504594,0.2474133,0.271511,0.2355918,0.2571831,0.2470945,0.270042,0.2375802,0.261814,0.2279464,0.2498039,0.2306867,0.2491447,0.2398971,0.2501156,0.2314496,0.2525184,0.2295038,0.239106,0.2308268,0.2436786,0.2339975,0.2380515,0.239798,0.255657,0.3043846,0.3448563,0.2360087,0.2522315,0.2411274,0.2634336,0.248882,0.2707956,0.2412868,0.2811103,0.2440704,0.2876709,0.2849858,0.2979721,0.2314953,0.2370131,0.2421658,0.2708601,0.3061955,0.35062,0.2349678,0.2506389,0.2298698,0.2391403,0.2299698,0.2397769,0.2416796,0.241264,0.2400148,0.2454097,0.2352248,0.2450499,0.2477855,0.2650429
0.2847075,0.2511928,0.2651712,0.2584752,0.2901773,0.3053586,0.289046,0.3036198,0.2823628,0.2941085,0.332181,0.2562898,0.2525584,0.3219064,0.3236814,0.5537115,0.4237155,0.281253,0.2811581,0.2378087,0.2335141,0.2603004,0.2469561,0.228049,0.2167085,0.2658928,0.2630256,0.2262957,0.2213847,0.2313827,0.2253434,0.2249246,0.2247895,0.2771006,0.2669151,0.295802,0.2445375,0.256499,0.2573864,0.2708524,0.2636798,0.2814182,0.2905685,0.2671554,0.269992,0.2435853,0.257179,0.2643369,0.26379,0.246771,0.2528723,0.2480249,0.2371657,0.2680785,0.2618285,0.2983783,0.2590412,0.2706073,0.2722646,0.2648524,0.2931558,0.2711716,0.2507628,0.267021,0.2598522,0.2821102,0.2567092,0.2453973,0.2495772,0.2371683,0.2378803,0.3727648,0.3518416,0.2948788,0.2882339,0.2547529,0.2531793,0.237045,0.2327846,0.2513148,0.2537481,0.2861997,0.2455211,0.2650141,0.2421995,0.3049103,0.2535962,0.301258,0.2471038,0.2565552,0.2442166,0.2774062,0.2950999
0.2753015,0.2851719,0.2398316,0.2676847,0.3027812,0.3729599,0.285062,0.4184144,0.2704245,0.4008112,0.2734663,0.2504802,0.2584062,0.3125888,0.2925609,0.4237155,0.4362371,0.3048199,0.3495023,0.2463687,0.2356131,0.2650928,0.2780309,0.2325774,0.2262383,0.2700106,0.2750937,0.2321783,0.2278854,0.2343373,0.2261841,0.2334841,0.2351604,0.2682308,0.3524125,0.2583706,0.2577303,0.2798382,0.3155254,0.2783612,0.29437,0.2873807,0.3696392,0.2652487,0.3174688,0.2554472,0.3252793,0.2741876,0.311919,0.2534105,0.2700672,0.2565079,0.2718229,0.2935601,0.3065722,0.2960469,0.3258197,0.3347867,0.3181348,0.2521483,0.274461,0.3067857,0.3229543,0.2512111,0.242104,0.2627217,0.2938153,0.2474561,0.2467363,0.2482022,0.2381748,0.3378948,0.3977413,0.3144746,0.3227949,0.2600663,0.2677341,0.2443157,0.231305,0.2458741,0.2512134,0.2550425,0.3019216,0.2488797,0.2812748,0.2887388,0.3106636,0.2942164,0.2851883,0.2481285,0.2738588,0.3051622,0.3887308
0.2598217,0.2346624,0.271627,0.2709159,0.378654,0.3482524,0.2559153,0.2587997,0.2815494,0.2531794,0.2373611,0.2230313,0.2277985,0.2700905,0.2603371,0.281253,0.3048199,0.4530785,0.3975462,0.2270623,0.2216177,0.2287095,0.2298954,0.2196139,0.2165393,0.2241315,0.2291831,0.2169526,0.2171373,0.2177607,0.2168219,0.2163561,0.2179929,0.2691757,0.254325,0.2546795,0.23173,0.261768,0.2509108,0.2472413,0.2398132,0.3053134,0.2822944,0.288463,0.2763698,0.3196885,0.2920682,0.4249679,0.3101855,0.2190328,0.2229924,0.2311102,0.2280373,0.2425967,0.2422649,0.24438,0.2400685,0.266913,0.2531575,0.2313881,0.2562327,0.2573366,0.2539665,0.2664289,0.2495316,0.2948015,0.2741761,0.2335778,0.2334528,0.2307432,0.224397,0.3345126,0.3329954,0.2490423,0.2474809,0.2499908,0.2329413,0.2317713,0.2302857,0.2494452,0.2352351,0.2489625,0.2453356,0.2567098,0.256848,0.2454191,0.2360937,0.2519129,0.2320107,0.2481233,0.2381122,0.2551652,0.2538357
0.2427666,0.2221948,0.2491509,0.3220804,0.3325078,0.3969373,0.2439544,0.2794038,0.245987,0.2822596,0.2303021,0.2215045,0.2304723,0.2655776,0.2651896,0.2811581,0.3495023,0.3975462,0.4757722,0.2257377,0.2225941,0.2171338,0.2288577,0.2172305,0.2126082,0.2160551,0.2288925,0.216152,0.2191786,0.2145837,0.2179232,0.2135337,0.2199435,0.2460987,0.2694378,0.2403051,0.2352065,0.24082,0.2502919,0.2319029,0.2402745,0.2635878,0.3099771,0.2619964,0.3157526,0.2706998,0.3688222,0.3200098,0.414153,0.2058771,0.2243041,0.2191834,0.2264162,0.2345428,0.2408522,0.2320623,0.2366444,0.2616532,0.2521845,0.2354485,0.2710222,0.2362083,0.2571824,0.2455908,0.2889402,0.2684006,0.312927,0.2302461,0.2492269,0.22923,0.2359372,0.3180813,0.3850791,0.2393419,0.2419569,0.2415422,0.2374585,0.2317862,0.2337211,0.239815,0.2600227,0.2323417,0.2510193,0.2411487,0.2761368,0.2377512,0.2332657,0.2369386,0.2275001,0.2335722,0.2466924,0.2440989,0.2506839
0.284531,0.2228537,0.2395588,0.220567,0.2283379,0.2355587,0.2547753,0.252646,0.2246422,0.2228712,0.2242921,0.254269,0.2393532,0.2661431,0.2350387,0.2378087,0.2463687,0.2270623,0.2257377,0.4144984,0.2209136,0.2995589,0.2252687,0.3726902,0.2229388,0.2421847,0.2378103,0.2998561,0.2223992,0.2662101,0.2260615,0.2473905,0.2332394,0.234392,0.2309714,0.2934536,0.221413,0.2621285,0.235453,0.3343563,0.2257059,0.2264904,0.2322714,0.2211136,0.2284503,0.2186321,0.2184157,0.2173477,0.2196348,0.2583818,0.2342499,0.2854553,0.2234123,0.2498575,0.2289532,0.278343,0.2250596,0.2729681,0.2230198,0.2415442,0.2341343,0.249139,0.2368714,0.2517054,0.2259275,0.2360739,0.221356,0.2923972,0.2277201,0.3092283,0.2290523,0.2388996,0.2297538,0.2369725,0.2287731,0.3283319,0.2211751,0.2494362,0.2297378,0.2834238,0.2229678,0.2550925,0.2289382,0.2624199,0.2223765,0.2940723,0.2231659,0.3399342,0.2233811,0.2838412,0.2219687,0.2566362,0.2432169
0.2280531,0.3022743,0.214669,0.2421055,0.2274317,0.2357672,0.249393,0.2414767,0.2268256,0.2203369,0.2274486,0.2608519,0.2932588,0.2452988,0.2789957,0.2335141,0.2356131,0.2216177,0.2225941,0.2209136,0.4374134,0.2466191,0.3261374,0.2353562,0.3944606,0.2486981,0.2512835,0.2291778,0.3249417,0.2302533,0.2893168,0.2448051,0.2835655,0.2351605,0.2539088,0.2272128,0.2852637,0.2478831,0.2708668,0.2330004,0.3381252,0.2332393,0.238178,0.2224089,0.2260531,0.2187282,0.2199696,0.2169607,0.2226053,0.2494617,0.2883817,0.2513111,0.3073147,0.2436936,0.2934199,0.2371048,0.3059945,0.2405902,0.3262528,0.2287619,0.2327677,0.2502884,0.2684749,0.2209363,0.2728027,0.2206619,0.2377385,0.22779,0.2961228,0.2256176,0.3242765,0.2286742,0.2447059,0.2437101,0.2603362,0.2293394,0.3422903,0.2402089,0.2580086,0.2195397,0.2820358,0.233664,0.2615646,0.2272661,0.2537114,0.2404775,0.305175,0.2302618,0.338577,0.2244943,0.2857063,0.2471814,0.2513466
0.2795153,0.2374567,0.2260055,0.2208328,0.2355519,0.233892,0.2686267,0.2546218,0.2399648,0.225867,0.2393678,0.2938102,0.2593673,0.2420875,0.2316353,0.2603004,0.2650928,0.2287095,0.2171338,0.2995589,0.2466191,0.487119,0.2563989,0.3849935,0.2564616,0.3441204,0.2825192,0.314373,0.2418277,0.2796841,0.2375983,0.2714857,0.2454733,0.2534735,0.2436509,0.2872255,0.2186762,0.2569349,0.2493866,0.3606881,0.2515332,0.2483221,0.2380871,0.231869,0.2364603,0.2243897,0.224035,0.2243112,0.216462,0.3973612,0.2631873,0.5052323,0.2484017,0.3449776,0.2605197,0.4146447,0.2536877,0.303789,0.25133,0.2222539,0.2093232,0.2713262,0.2542797,0.2376923,0.2187525,0.2206608,0.2154238,0.2637708,0.2230397,0.2587869,0.2318996,0.2264894,0.2241587,0.2968035,0.25961,0.2721384,0.23217,0.2434751,0.2156197,0.2585361,0.2226461,0.2809841,0.2381184,0.2659049,0.222176,0.351373,0.2712934,0.3810286,0.2575001,0.2736827,0.2238471,0.254313,0.2869616
0.2717547,0.3653279,0.2091556,0.2362706,0.2390671,0.2625879,0.2974327,0.3846653,0.2301443,0.2535263,0.2213314,0.2688979,0.2957724,0.231734,0.2454444,0.2469561,0.2780309,0.2298954,0.2288577,0.2252687,0.3261374,0.2563989,0.5153559,0.2431475,0.4039891,0.307085,0.3774134,0.2442815,0.3149807,0.2548062,0.287646,0.2632704,0.2777066,0.2352312,0.3233754,0.2226723,0.26501,0.2555084,0.2997229,0.2568048,0.4063718,0.2375801,0.2826066,0.2280569,0.2529611,0.2179846,0.2339248,0.2214489,0.2224867,0.285142,0.458476,0.2597906,0.5355842,0.2733926,0.441946,0.2681797,0.5309322,0.3245145,0.4387753,0.2242302,0.2197008,0.2518316,0.3192665,0.2198944,0.2338794,0.2190268,0.2262107,0.2229053,0.2360882,0.223151,0.2465392,0.2236166,0.2437746,0.3216763,0.3972613,0.2432892,0.3031545,0.2361781,0.2324183,0.2222439,0.2459012,0.2399196,0.3209317,0.2329699,0.2831711,0.2573084,0.387165,0.2564688,0.3725638,0.2308453,0.2960858,0.2579842,0.2702973
0.2578466,0.2311157,0.2224364,0.2194335,0.2201491,0.225982,0.2402215,0.237573,0.2230341,0.2163179,0.2248427,0.2776481,0.2519659,0.2318564,0.2267055,0.228049,0.2325774,0.2196139,0.2172305,0.3726902,0.2353562,0.3849935,0.2431475,0.4365876,0.2371528,0.263472,0.2588656,0.3427507,0.2335134,0.2798981,0.2327814,0.2703441,0.2384325,0.2232718,0.2288324,0.259235,0.2195095,0.2334776,0.2320784,0.3317185,0.2347119,0.2214022,0.2266267,0.2181092,0.2266279,0.2134473,0.2154945,0.2160821,0.2144389,0.2831461,0.2491432,0.3407764,0.2416458,0.2575429,0.2399421,0.3012536,0.2383419,0.2543591,0.2289402,0.2196335,0.2194952,0.2263865,0.2313954,0.2332461,0.2273193,0.2239439,0.2189253,0.2600147,0.2279182,0.2704532,0.2352204,0.2212357,0.2186366,0.2443805,0.2353145,0.2666111,0.2231021,0.2261158,0.219225,0.2494782,0.227198,0.2420747,0.2281082,0.2397219,0.2196435,0.285703,0.231694,0.3233571,0.2322138,0.251601,0.2207265,0.2312474,0.2368563
0.2367555,0.2878627,0.2144856,0.2269563,0.2262168,0.2276765,0.2617482,0.2562922,0.2345289,0.2069021,0.2233004,0.2688071,0.3212305,0.2366878,0.2553943,0.2167085,0.2262383,0.2165393,0.2126082,0.2229388,0.3944606,0.2564616,0.4039891,0.2371528,0.4815767,0.2830719,0.3029005,0.2356794,0.364322,0.2450269,0.3074017,0.2600158,0.3055252,0.2359792,0.24874,0.2217761,0.2566861,0.2428733,0.2552615,0.2403901,0.3469494,0.2352071,0.2337905,0.229706,0.2250938,0.2191172,0.2160798,0.2164251,0.2148275,0.2628754,0.3484051,0.2636714,0.3625416,0.2625555,0.3198932,0.2469484,0.3296424,0.2485669,0.3102858,0.2224761,0.2164409,0.2444754,0.2587752,0.2274172,0.2346557,0.2194507,0.2265819,0.2289929,0.2517446,0.2287296,0.2719082,0.2215593,0.2283066,0.2702281,0.2870065,0.2307551,0.2977555,0.2435878,0.2431927,0.2203461,0.244566,0.235847,0.2536929,0.2279989,0.2443243,0.2502486,0.3096049,0.2454003,0.3455087,0.2259203,0.2641101,0.2378524,0.2375578
0.2616996,0.2718526,0.2196973,0.2214825,0.2428032,0.2374413,0.3084589,0.2622611,0.2467754,0.2382414,0.2264278,0.3438205,0.320129,0.2384989,0.2354534,0.2658928,0.2700106,0.2241315,0.2160551,0.2421847,0.2486981,0.3441204,0.307085,0.263472,0.2830719,0.4773599,0.4510816,0.2693783,0.2613347,0.2886342,0.282559,0.2987773,0.2992438,0.2600056,0.2473749,0.2457028,0.2301035,0.2650856,0.2639318,0.2794832,0.2726945,0.2571443,0.2489275,0.2299435,0.2286343,0.2225637,0.2161274,0.2247992,0.2120313,0.4269095,0.3343473,0.3434592,0.2967958,0.4313391,0.3309837,0.3518677,0.2994699,0.3131628,0.317046,0.2257685,0.2182293,0.2827592,0.26532,0.2257961,0.2247363,0.2192381,0.2172371,0.2331174,0.2237403,0.2320114,0.2300332,0.2263186,0.227687,0.4371243,0.3889573,0.2434212,0.2405577,0.2421845,0.2275128,0.2314379,0.2264609,0.2722142,0.2440541,0.2449337,0.2226976,0.3089791,0.28016,0.3019176,0.2795107,0.246227,0.2272459,0.2651266,0.2926117
0.2549492,0.3006139,0.2265575,0.2241433,0.2456748,0.2492581,0.3129405,0.3285825,0.2413486,0.2283663,0.2156072,0.312121,0.3311395,0.2294088,0.2386891,0.2630256,0.2750937,0.2291831,0.2288925,0.2378103,0.2512835,0.2825192,0.3774134,0.2588656,0.3029005,0.4510816,0.4735816,0.2609718,0.275465,0.2696249,0.2926,0.2751985,0.2964187,0.2472772,0.2750596,0.2319395,0.2339217,0.2667129,0.2836428,0.2610182,0.306422,0.2503553,0.2613814,0.226099,0.2425821,0.2205694,0.2222361,0.2248664,0.2200417,0.3268968,0.4351327,0.2758826,0.356578,0.353573,0.4105598,0.2893499,0.3726782,0.3191333,0.3496752,0.2231623,0.2168166,0.2712881,0.2837846,0.2282427,0.2291161,0.2255561,0.2230033,0.226952,0.2271553,0.2282329,0.233402,0.2292375,0.2365286,0.4265632,0.4592828,0.2353462,0.247206,0.2266623,0.2277155,0.2258264,0.2283928,0.2527696,0.2748066,0.2345822,0.2434606,0.2793425,0.3083843,0.2808233,0.3067746,0.2352974,0.2431143,0.2777119,0.2820452
0.2429259,0.2374433,0.2229549,0.220744,0.2192076,0.2219713,0.245419,0.2413391,0.2205412,0.2227141,0.2218311,0.3061648,0.2764592,0.2577458,0.2410157,0.2262957,0.2321783,0.2169526,0.216152,0.2998561,0.2291778,0.314373,0.2442815,0.3427507,0.2356794,0.2693783,0.2609718,0.3633463,0.2412685,0.3206429,0.2572336,0.3168275,0.2705274,0.2256248,0.2313643,0.2552418,0.220828,0.2339636,0.2389311,0.2868598,0.2365954,0.2223438,0.2280573,0.2178465,0.2236606,0.2162531,0.2149941,0.2162219,0.2152693,0.2938388,0.2585438,0.29713,0.2464609,0.2647502,0.2469952,0.276568,0.2418266,0.2470435,0.2331011,0.2396933,0.2232,0.2347983,0.2356832,0.2386592,0.2268841,0.2337123,0.2238146,0.2623321,0.2277158,0.2922599,0.2359171,0.2302671,0.2233066,0.2522623,0.244725,0.2499575,0.2236846,0.2710775,0.2366717,0.2370152,0.2248935,0.2338299,0.2299674,0.2274926,0.2193891,0.2576137,0.2370889,0.2655788,0.2323293,0.2362341,0.2226156,0.2391962,0.2430479
0.2315724,0.2542039,0.219078,0.2340287,0.2261036,0.2255774,0.2450179,0.2513152,0.2264801,0.2148604,0.2214492,0.2780006,0.3213735,0.2364939,0.2648027,0.2213847,0.2278854,0.2171373,0.2191786,0.2223992,0.3249417,0.2418277,0.3149807,0.2335134,0.364322,0.2613347,0.275465,0.2412685,0.3817019,0.2577341,0.3299366,0.2781498,0.3176529,0.2363287,0.2412183,0.2159926,0.2334118,0.2486389,0.2480237,0.2356991,0.2878068,0.2331844,0.234752,0.2260098,0.2252049,0.2181837,0.2195126,0.2140001,0.2238262,0.2589351,0.315799,0.2460065,0.3138299,0.2542883,0.2876874,0.2435369,0.2924632,0.2343303,0.2745701,0.2361005,0.2360575,0.2542734,0.2476373,0.2253421,0.2508168,0.2219931,0.2390421,0.2297678,0.2651411,0.2303955,0.304778,0.2291046,0.2379193,0.2556877,0.2734092,0.2240477,0.2545868,0.2422657,0.2596085,0.2155434,0.2397627,0.2323035,0.2419137,0.2198854,0.2288069,0.248418,0.277478,0.2331085,0.2887844,0.2201246,0.2371052,0.258651,0.2459152
0.2359903,0.2269206,0.2264396,0.2177267,0.2213701,0.2195538,0.2406334,0.2391118,0.2207226,0.2353962,0.2184508,0.315793,0.2901413,0.2724586,0.2427178,0.2313827,0.2343373,0.2177607,0.2145837,0.2662101,0.2302533,0.2796841,0.2548062,0.2798981,0.2450269,0.2886342,0.2696249,0.3206429,0.2577341,0.339016,0.2575927,0.3370761,0.2871499,0.2270184,0.2284404,0.2589915,0.2169283,0.2344405,0.2297726,0.2661809,0.2349626,0.2244805,0.2290486,0.2186347,0.222561,0.218787,0.2174055,0.2183763,0.2148469,0.3135516,0.2616993,0.2776459,0.2599474,0.2781824,0.2510089,0.257207,0.2466614,0.2437005,0.2299101,0.2621791,0.2321285,0.236034,0.2294356,0.2453837,0.2231778,0.2362556,0.2229153,0.2639195,0.2240698,0.2874038,0.2278426,0.2346998,0.2241533,0.2622114,0.256201,0.2501928,0.2224562,0.2994505,0.2433989,0.2421969,0.2236014,0.233397,0.2263867,0.2250018,0.2179652,0.2525198,0.2376308,0.254722,0.2296002,0.2368115,0.2212019,0.2398147,0.2394363
0.2245385,0.2303544,0.2144184,0.2327296,0.2215436,0.2207834,0.22881,0.2421692,0.2196994,0.2146387,0.2150233,0.2884841,0.3309086,0.2417304,0.2810953,0.2253434,0.2261841,0.2168219,0.2179232,0.2260615,0.2893168,0.2375983,0.287646,0.2327814,0.3074017,0.282559,0.2926,0.2572336,0.3299366,0.2575927,0.3608061,0.2851004,0.335201,0.2254596,0.2305828,0.219434,0.2244364,0.2345092,0.2315118,0.2336451,0.2565203,0.2254809,0.2280722,0.2191185,0.2233047,0.2137659,0.2190302,0.2137985,0.2223197,0.259477,0.327769,0.2399322,0.2670897,0.2537828,0.2792434,0.2416419,0.2597263,0.23241,0.2445247,0.2413657,0.2500885,0.2370322,0.2309047,0.2201457,0.2473273,0.2241949,0.2414986,0.2252532,0.2588466,0.2291121,0.2916012,0.2294983,0.2318904,0.2542149,0.2676791,0.2232316,0.2428176,0.2576206,0.3049071,0.2144646,0.2341387,0.2253681,0.228538,0.2175229,0.2207006,0.2356179,0.2516046,0.2246115,0.2541337,0.2182468,0.2248998,0.2431533,0.233429
0.2271614,0.2254318,0.2190922,0.217615,0.2233969,0.2187566,0.2269154,0.2608604,0.2237939,0.2258842,0.2146768,0.3736825,0.3558305,0.2667545,0.2676522,0.2249246,0.2334841,0.2163561,0.2135337,0.2473905,0.2448051,0.2714857,0.2632704,0.2703441,0.2600158,0.2987773,0.2751985,0.3168275,0.2781498,0.3370761,0.2851004,0.407376,0.3624515,0.2303105,0.2322145,0.2406796,0.2178446,0.2379183,0.2363486,0.2515435,0.2403102,0.2306159,0.2337196,0.2203877,0.220764,0.2195224,0.2143678,0.2176629,0.2150554,0.2994216,0.2657197,0.2759884,0.2630895,0.2790185,0.2571404,0.254913,0.2534349,0.2328417,0.2250817,0.2427392,0.2281915,0.2469801,0.2335238,0.2280055,0.2291605,0.2289515,0.2236277,0.2401043,0.2319462,0.2553231,0.2435877,0.2328604,0.2276607,0.2648224,0.2626213,0.2400238,0.2233241,0.2852969,0.2601176,0.2264397,0.2248168,0.2289184,0.2314634,0.220833,0.2174708,0.2499054,0.240239,0.2403129,0.2311525,0.2293482,0.2208485,0.2460096,0.2472295
0.2300798,0.2300038,0.2183289,0.222598,0.2270683,0.2225826,0.2251901,0.2652101,0.2304327,0.2194678,0.2162461,0.3379441,0.3841087,0.2605433,0.2802132,0.2247895,0.2351604,0.2179929,0.2199435,0.2332394,0.2835655,0.2454733,0.2777066,0.2384325,0.3055252,0.2992438,0.2964187,0.2705274,0.3176529,0.2871499,0.335201,0.3624515,0.39163,0.2333118,0.2363323,0.2277767,0.2168775,0.2426357,0.236147,0.2388001,0.2516954,0.2347803,0.2347064,0.2231632,0.2231702,0.2181436,0.2189887,0.2151957,0.2198078,0.2716799,0.2898115,0.2537835,0.2543231,0.272882,0.2708208,0.250272,0.2551666,0.2337342,0.2300517,0.2433078,0.2301056,0.251387,0.2365247,0.2282958,0.2334709,0.228126,0.2260533,0.2349537,0.236908,0.2398323,0.2518547,0.2347229,0.2339613,0.2751471,0.2784151,0.2298937,0.2336127,0.2870559,0.2805072,0.2191718,0.2279021,0.23236,0.2320311,0.2197638,0.2208049,0.2539666,0.252857,0.2395092,0.2470043,0.2246766,0.2250192,0.2485722,0.2450512
0.3891439,0.2594821,0.2453569,0.2165263,0.320976,0.2642621,0.3036421,0.2946313,0.3604176,0.2439011,0.3433127,0.2326052,0.2362331,0.2400536,0.2267844,0.2771006,0.2682308,0.2691757,0.2460987,0.234392,0.2351605,0.2534735,0.2352312,0.2232718,0.2359792,0.2600056,0.2472772,0.2256248,0.2363287,0.2270184,0.2254596,0.2303105,0.2333118,0.4341092,0.2593942,0.2959203,0.2239206,0.4252422,0.2827892,0.2947128,0.2539435,0.3666453,0.2769718,0.3894342,0.2485641,0.3082401,0.2325412,0.263049,0.2326384,0.255672,0.2340669,0.2636787,0.2323877,0.2812822,0.2507178,0.3005979,0.2456116,0.286576,0.2597273,0.2256862,0.2295906,0.4349622,0.2821155,0.2479653,0.2108702,0.2390572,0.2218872,0.2320245,0.2183269,0.2311154,0.2225062,0.2603818,0.2465135,0.279957,0.2654777,0.279837,0.2286675,0.2235282,0.2152521,0.2420585,0.2151604,0.3881381,0.2501835,0.3328505,0.2327088,0.3269403,0.2682244,0.3120834,0.2586546,0.3118957,0.2310721,0.4255506,0.3107775
0.2923605,0.3984394,0.2289982,0.2589287,0.2882997,0.3497375,0.3201096,0.5495902,0.2953026,0.3907784,0.2908261,0.2415349,0.2571384,0.2446881,0.2504594,0.2669151,0.3524125,0.254325,0.2694378,0.2309714,0.2539088,0.2436509,0.3233754,0.2288324,0.24874,0.2473749,0.2750596,0.2313643,0.2412183,0.2284404,0.2305828,0.2322145,0.2363323,0.2593942,0.4574521,0.2300806,0.3232756,0.2956822,0.4328091,0.270649,0.3598639,0.2899331,0.3997031,0.2606156,0.4168919,0.2514814,0.3162696,0.2488104,0.2658253,0.2377779,0.3038805,0.2471422,0.3243809,0.2790734,0.3468099,0.2811319,0.3868425,0.3444709,0.3733057,0.2297122,0.2264717,0.3165851,0.4375092,0.2353991,0.2352891,0.2362738,0.2350698,0.2302011,0.2378321,0.2315013,0.2364861,0.2442873,0.2777428,0.2979159,0.3268666,0.2463431,0.2980321,0.2335968,0.2249962,0.2275957,0.2579204,0.2481112,0.409469,0.2409725,0.3449692,0.2730105,0.3790817,0.2601289,0.3380985,0.2377924,0.328662,0.3162669,0.4126363
0.3010036,0.2326135,0.3100131,0.2274091,0.2786877,0.245782,0.3027252,0.2462297,0.284532,0.2444448,0.2559816,0.2597016,0.2457988,0.3301091,0.2474133,0.295802,0.2583706,0.2546795,0.2403051,0.2934536,0.2272128,0.2872255,0.2226723,0.259235,0.2217761,0.2457028,0.2319395,0.2552418,0.2159926,0.2589915,0.219434,0.2406796,0.2277767,0.2959203,0.2300806,0.4943129,0.2352421,0.3092394,0.2339338,0.3309422,0.2283286,0.2730171,0.2469302,0.2907228,0.2401081,0.2764133,0.2311191,0.2528756,0.2305757,0.2606504,0.2170157,0.2818457,0.2157608,0.2556719,0.216129,0.2556943,0.2210391,0.2528732,0.2094086,0.2741191,0.2527926,0.2981851,0.2345705,0.2857971,0.224756,0.2737435,0.2376949,0.3670805,0.2326975,0.337764,0.2218693,0.3010763,0.2626608,0.2354531,0.2266157,0.4249141,0.2359208,0.3005692,0.2369558,0.4015757,0.2280447,0.300054,0.2351361,0.358541,0.2298079,0.2834572,0.2261442,0.2775418,0.2280409,0.5003451,0.2336142,0.2863858,0.2653098
0.2448543,0.3423225,0.2147821,0.248754,0.2386264,0.2659978,0.2727838,0.3132102,0.2457627,0.2882559,0.2469084,0.2442872,0.2527571,0.240913,0.271511,0.2445375,0.2577303,0.23173,0.2352065,0.221413,0.2852637,0.2186762,0.26501,0.2195095,0.2566861,0.2301035,0.2339217,0.220828,0.2334118,0.2169283,0.2244364,0.2178446,0.2168775,0.2239206,0.3232756,0.2352421,0.4573908,0.2429417,0.3504824,0.2308995,0.3373654,0.2392757,0.2799169,0.2200668,0.2756327,0.2168302,0.2498978,0.2257078,0.2342082,0.2204446,0.2438928,0.2177723,0.2619655,0.2383582,0.2700897,0.2333103,0.2892027,0.2777319,0.3083637,0.2237854,0.2354287,0.2473199,0.3338017,0.2205726,0.258787,0.2217348,0.2319293,0.2204386,0.294827,0.2217166,0.2744438,0.2373892,0.249725,0.239497,0.251191,0.2291854,0.4537668,0.2273079,0.2392243,0.2259217,0.3299066,0.2283054,0.3386691,0.2301526,0.3479134,0.2338134,0.2862233,0.2270344,0.2852615,0.2277272,0.4362749,0.2382161,0.3544943
0.4880056,0.31302,0.2499041,0.2228629,0.3174144,0.2734964,0.3687247,0.383982,0.3312276,0.2727768,0.2723998,0.2441528,0.253044,0.2656255,0.2355918,0.256499,0.2798382,0.261768,0.24082,0.2621285,0.2478831,0.2569349,0.2555084,0.2334776,0.2428733,0.2650856,0.2667129,0.2339636,0.2486389,0.2344405,0.2345092,0.2379183,0.2426357,0.4252422,0.2956822,0.3092394,0.2429417,0.5137509,0.347184,0.3496537,0.2894077,0.3544776,0.3103882,0.3408163,0.2599325,0.2877233,0.2372272,0.250826,0.2359994,0.2524192,0.2607481,0.2721735,0.2576801,0.2813869,0.2753055,0.284965,0.2771035,0.3319459,0.2881442,0.2292169,0.2309224,0.5437717,0.3277377,0.264501,0.2181855,0.2450671,0.2252398,0.2480944,0.2260469,0.2453772,0.2342964,0.2615961,0.2508679,0.2832479,0.2830875,0.3398503,0.2454815,0.2346104,0.2253705,0.2525495,0.2223346,0.3721965,0.2741302,0.3126886,0.2472255,0.3359528,0.2925938,0.3245517,0.2804567,0.3360697,0.247194,0.5684181,0.3868435
0.3064508,0.4659733,0.2298943,0.2367742,0.304055,0.336915,0.3656311,0.5486345,0.3290591,0.2933457,0.3089215,0.2473456,0.2537673,0.242732,0.2571831,0.2573864,0.3155254,0.2509108,0.2502919,0.235453,0.2708668,0.2493866,0.2997229,0.2320784,0.2552615,0.2639318,0.2836428,0.2389311,0.2480237,0.2297726,0.2315118,0.2363486,0.236147,0.2827892,0.4328091,0.2339338,0.3504824,0.347184,0.4887052,0.2850607,0.3895192,0.3221141,0.3738352,0.2646119,0.3795916,0.2509967,0.2761475,0.2450399,0.2444094,0.2501281,0.2814386,0.2554414,0.3040066,0.2852427,0.3140549,0.2793703,0.3413731,0.3265158,0.3677449,0.2231078,0.2264902,0.3854317,0.4765154,0.2381276,0.2358332,0.23814,0.2286306,0.227985,0.2514725,0.2317008,0.2538214,0.2443728,0.2636957,0.2982403,0.3118187,0.252513,0.3165283,0.2288248,0.2281984,0.2273658,0.2586108,0.2515449,0.3943129,0.2460316,0.3201841,0.2776284,0.3547245,0.2551309,0.3436884,0.2482021,0.3132751,0.3797757,0.4896055
0.4098777,0.2572151,0.2526497,0.2247141,0.2691725,0.2585814,0.370967,0.3189534,0.2676422,0.2531876,0.2482621,0.2753069,0.2516415,0.2832372,0.2470945,0.2708524,0.2783612,0.2472413,0.2319029,0.3343563,0.2330004,0.3606881,0.2568048,0.3317185,0.2403901,0.2794832,0.2610182,0.2868598,0.2356991,0.2661809,0.2336451,0.2515435,0.2388001,0.2947128,0.270649,0.3309422,0.2308995,0.3496537,0.2850607,0.3927374,0.2559512,0.2737028,0.2731899,0.2624072,0.2507347,0.2454413,0.2312969,0.2384563,0.227151,0.2936664,0.2640787,0.3370306,0.2573688,0.3078681,0.2514775,0.3704721,0.2598733,0.3598236,0.2543215,0.238318,0.2220408,0.3341213,0.2863823,0.2611084,0.2207976,0.2451199,0.2222434,0.2738032,0.2254554,0.2776817,0.2284148,0.2532162,0.2411248,0.284847,0.250417,0.3452185,0.2326978,0.257331,0.228891,0.2805325,0.2244125,0.3086194,0.2519372,0.2912106,0.2346735,0.3595925,0.2614778,0.3821862,0.2483919,0.3188268,0.2369073,0.3556952,0.3078602
0.2686541,0.4631516,0.2186427,0.2509843,0.2622305,0.2952557,0.3310258,0.3898039,0.2691121,0.2906122,0.2656977,0.2606988,0.279752,0.2458048,0.270042,0.2636798,0.29437,0.2398132,0.2402745,0.2257059,0.3381252,0.2515332,0.4063718,0.2347119,0.3469494,0.2726945,0.306422,0.2365954,0.2878068,0.2349626,0.2565203,0.2403102,0.2516954,0.2539435,0.3598639,0.2283286,0.3373654,0.2894077,0.3895192,0.2559512,0.415847,0.2713543,0.3154472,0.2392444,0.2945138,0.2301976,0.251116,0.2318455,0.2332894,0.2631356,0.3459615,0.2658891,0.3924748,0.269626,0.3891686,0.2646987,0.4437178,0.3268012,0.4538088,0.2277758,0.2306526,0.3019618,0.3716661,0.2284933,0.2592201,0.2282207,0.2377572,0.2276456,0.2672628,0.226972,0.2766983,0.2362075,0.2625125,0.3014824,0.3500585,0.2405416,0.3549428,0.2362584,0.2401786,0.2242591,0.2803422,0.2448265,0.3545448,0.2392566,0.3053592,0.2620395,0.4069856,0.2514736,0.3883087,0.2344927,0.3298672,0.292364,0.3476621
0.3252086,0.2921346,0.2457045,0.226705,0.3833131,0.2996936,0.2964004,0.3347892,0.4579616,0.2632369,0.4152794,0.2380899,0.2447645,0.2427526,0.2375802,0.2814182,0.2873807,0.3053134,0.2635878,0.2264904,0.2332393,0.2483221,0.2375801,0.2214022,0.2352071,0.2571443,0.2503553,0.2223438,0.2331844,0.2244805,0.2254809,0.2306159,0.2347803,0.3666453,0.2899331,0.2730171,0.2392757,0.3544776,0.3221141,0.2737028,0.2713543,0.4078387,0.30761,0.3731492,0.2925376,0.3178217,0.2512113,0.299262,0.243829,0.2461161,0.2438824,0.2510635,0.2376553,0.2734827,0.2637478,0.2793614,0.2533198,0.291992,0.2852043,0.2280815,0.2298805,0.3678123,0.3113295,0.2450254,0.2162084,0.2420435,0.2273196,0.2290776,0.222236,0.2254186,0.2221701,0.2642097,0.2592431,0.2782641,0.2719858,0.253891,0.2382468,0.2229788,0.2149734,0.2400682,0.2237254,0.3138857,0.2612786,0.2894234,0.2434973,0.2882056,0.2689574,0.2783281,0.2589265,0.2712186,0.2409376,0.3521915,0.3483831
0.2959657,0.3761201,0.234454,0.2602078,0.3285944,0.4135164,0.3235523,0.4366062,0.2976767,0.4889331,0.2959939,0.2458777,0.2538302,0.2574529,0.261814,0.2905685,0.3696392,0.2822944,0.3099771,0.2322714,0.238178,0.2380871,0.2826066,0.2266267,0.2337905,0.2489275,0.2613814,0.2280573,0.234752,0.2290486,0.2280722,0.2337196,0.2347064,0.2769718,0.3997031,0.2469302,0.2799169,0.3103882,0.3738352,0.2731899,0.3154472,0.30761,0.4394003,0.2739628,0.3979311,0.2603973,0.3093482,0.2619633,0.2903548,0.2336894,0.2752295,0.2327566,0.2836414,0.2735625,0.3065424,0.266233,0.3308436,0.3396245,0.3408377,0.2268708,0.2376763,0.3285577,0.3738734,0.2392427,0.2436945,0.2393808,0.251551,0.2332103,0.2394639,0.229777,0.2369235,0.259865,0.3074282,0.2897562,0.3027283,0.2523428,0.2691858,0.2329675,0.2270942,0.2379063,0.2499304,0.2478909,0.3479779,0.2394626,0.3024345,0.2689775,0.3239556,0.2641419,0.2898948,0.2454532,0.2881514,0.3345656,0.3652683
